 SVX cage parameters:
     2.20000
     0.50000     0.20000
     0.00000
           6
   -40.00000   -26.50000   -26.50000    26.50000    26.50000    40.00000
    53.00000    53.00000    22.14782    22.14782    53.00000    53.00000
     0.00000     0.00000     0.00000
 SVX barrel parameters:
           4
     2.63000     5.19260    11.76500    16.68700     1.14100
     0.00000     0.00000     0.00000     0.00000
           4           4           5           6
     0.69600     0.69600     1.74500     1.74500
     0.01000     0.01000     0.03125     0.03125
     2.83600     2.83600     3.18770     3.18770
     0.01900     0.01900     0.00000     0.00000
     0.02000     0.02000     0.00000     0.00000
    26.70000    13.62600    17.00000    12.00000
   -13.00000   -12.98000     0.00000     0.00000
           2
           5           5
     0.00000   180.00000
           2
          10          10
     0.00000   180.00000
           2
           8           8
     0.00000   180.00000
           2
          12          12
     0.00000   180.00000
 SVX barrel sensor rotation matrices and translation vectors:
           0           1           1           1
     1.57652    -2.13132     8.67513
     0.63985     0.76850    -0.00000
    -0.76850     0.63985    -0.00041
    -0.00032     0.00026     1.00000
           0           1           1           2
     1.58343    -2.12674     2.98313
     0.63985     0.76850    -0.00000
    -0.76850     0.63985    -0.00041
    -0.00032     0.00026     1.00000
           0           1           1           3
     1.59034    -2.12216    -2.70886
     0.63985     0.76850    -0.00000
    -0.76850     0.63985    -0.00041
    -0.00032     0.00026     1.00000
           0           1           1           4
     1.59725    -2.11758    -8.40086
     0.63985     0.76850    -0.00000
    -0.76850     0.63985    -0.00041
    -0.00032     0.00026     1.00000
           0           1           2           1
     2.34833    -1.19242     8.67762
     0.22599     0.97413    -0.00000
    -0.97413     0.22599    -0.00100
    -0.00097     0.00023     1.00000
           0           1           2           2
     2.35523    -1.18785     2.98562
     0.22599     0.97413    -0.00000
    -0.97413     0.22599    -0.00100
    -0.00097     0.00023     1.00000
           0           1           2           3
     2.36214    -1.18326    -2.70637
     0.22599     0.97413    -0.00000
    -0.97413     0.22599    -0.00100
    -0.00097     0.00023     1.00000
           0           1           2           4
     2.36905    -1.17868    -8.39836
     0.22599     0.97413    -0.00000
    -0.97413     0.22599    -0.00100
    -0.00097     0.00023     1.00000
           0           1           3           1
     2.61555    -0.00906     8.67545
    -0.23528     0.97193    -0.00000
    -0.97193    -0.23528    -0.00137
    -0.00133    -0.00032     1.00000
           0           1           3           2
     2.62246    -0.00449     2.98346
    -0.23528     0.97193    -0.00000
    -0.97193    -0.23528    -0.00137
    -0.00133    -0.00032     1.00000
           0           1           3           3
     2.62937     0.00009    -2.70853
    -0.23529     0.97193    -0.00000
    -0.97192    -0.23529    -0.00137
    -0.00133    -0.00032     1.00000
           0           1           3           4
     2.63628     0.00468    -8.40052
    -0.23529     0.97193    -0.00000
    -0.97192    -0.23529    -0.00137
    -0.00133    -0.00032     1.00000
           0           1           4           1
     2.32248     1.16981     8.67805
    -0.64696     0.76252    -0.00000
    -0.76252    -0.64696    -0.00144
    -0.00110    -0.00093     1.00000
           0           1           4           2
     2.32939     1.17439     2.98606
    -0.64697     0.76252    -0.00000
    -0.76252    -0.64697    -0.00144
    -0.00110    -0.00093     1.00000
           0           1           4           3
     2.33630     1.17897    -2.70594
    -0.64697     0.76252    -0.00000
    -0.76252    -0.64697    -0.00144
    -0.00110    -0.00093     1.00000
           0           1           4           4
     2.34321     1.18355    -8.39793
    -0.64697     0.76252    -0.00000
    -0.76252    -0.64697    -0.00144
    -0.00110    -0.00093     1.00000
           0           1           5           1
     1.53144     2.09081     8.66727
    -0.92053     0.39068    -0.00000
    -0.39068    -0.92053    -0.00122
    -0.00048    -0.00112     1.00000
           0           1           5           2
     1.53835     2.09538     2.97528
    -0.92053     0.39068    -0.00000
    -0.39068    -0.92053    -0.00122
    -0.00048    -0.00112     1.00000
           0           1           5           3
     1.54526     2.09996    -2.71672
    -0.92053     0.39068    -0.00000
    -0.39068    -0.92053    -0.00122
    -0.00048    -0.00112     1.00000
           0           1           5           4
     1.55217     2.10454    -8.40871
    -0.92053     0.39068    -0.00000
    -0.39068    -0.92053    -0.00122
    -0.00048    -0.00112     1.00000
           0           1           6           1
    -1.54392     2.10451    -8.54542
     0.92316     0.38441    -0.00000
     0.38441    -0.92316    -0.00093
    -0.00036     0.00086    -1.00000
           0           1           6           2
    -1.54105     2.10000    -2.85343
     0.92316     0.38440    -0.00000
     0.38440    -0.92316    -0.00093
    -0.00036     0.00086    -1.00000
           0           1           6           3
    -1.53819     2.09549     2.83857
     0.92317     0.38439    -0.00000
     0.38439    -0.92317    -0.00093
    -0.00036     0.00086    -1.00000
           0           1           6           4
    -1.53533     2.09097     8.53057
     0.92318     0.38438    -0.00000
     0.38438    -0.92318    -0.00093
    -0.00036     0.00086    -1.00000
           0           1           7           1
    -2.34329     1.18921    -8.54334
     0.65009     0.75986    -0.00000
     0.75986    -0.65009    -0.00090
    -0.00068     0.00059    -1.00000
           0           1           7           2
    -2.34044     1.18471    -2.85134
     0.65009     0.75986    -0.00000
     0.75986    -0.65009    -0.00090
    -0.00068     0.00059    -1.00000
           0           1           7           3
    -2.33758     1.18021     2.84066
     0.65010     0.75985    -0.00000
     0.75985    -0.65010    -0.00090
    -0.00068     0.00059    -1.00000
           0           1           7           4
    -2.33473     1.17571     8.53265
     0.65010     0.75985    -0.00000
     0.75985    -0.65010    -0.00090
    -0.00068     0.00059    -1.00000
           0           1           8           1
    -2.64310     0.00998    -8.55540
     0.23690     0.97153    -0.00000
     0.97153    -0.23690    -0.00068
    -0.00066     0.00016    -1.00000
           0           1           8           2
    -2.64026     0.00548    -2.86339
     0.23690     0.97153    -0.00000
     0.97153    -0.23690    -0.00068
    -0.00066     0.00016    -1.00000
           0           1           8           3
    -2.63740     0.00098     2.82861
     0.23690     0.97153    -0.00000
     0.97153    -0.23690    -0.00068
    -0.00066     0.00016    -1.00000
           0           1           8           4
    -2.63454    -0.00352     8.52060
     0.23690     0.97153    -0.00000
     0.97153    -0.23690    -0.00068
    -0.00066     0.00016    -1.00000
           0           1           9           1
    -2.37314    -1.17711    -8.54194
    -0.22747     0.97378    -0.00000
     0.97378     0.22747    -0.00031
    -0.00030    -0.00007    -1.00000
           0           1           9           2
    -2.37028    -1.18160    -2.84994
    -0.22747     0.97378    -0.00000
     0.97378     0.22747    -0.00031
    -0.00030    -0.00007    -1.00000
           0           1           9           3
    -2.36741    -1.18610     2.84206
    -0.22747     0.97378    -0.00000
     0.97378     0.22747    -0.00031
    -0.00030    -0.00007    -1.00000
           0           1           9           4
    -2.36455    -1.19059     8.53405
    -0.22747     0.97378    -0.00000
     0.97378     0.22747    -0.00031
    -0.00030    -0.00007    -1.00000
           0           1          10           1
    -1.60546    -2.11347    -8.54365
    -0.64074     0.76775     0.00000
     0.76775     0.64074     0.00012
     0.00009     0.00008    -1.00000
           0           1          10           2
    -1.60261    -2.11799    -2.85165
    -0.64074     0.76775     0.00000
     0.76775     0.64074     0.00012
     0.00009     0.00008    -1.00000
           0           1          10           3
    -1.59975    -2.12247     2.84035
    -0.64074     0.76776     0.00000
     0.76776     0.64074     0.00012
     0.00009     0.00008    -1.00000
           0           1          10           4
    -1.59690    -2.12698     8.53234
    -0.64074     0.76776     0.00000
     0.76776     0.64074     0.00012
     0.00009     0.00008    -1.00000
           0           2           1           1
     2.50494    -4.57452     8.67735
     0.74556     0.66643    -0.00000
    -0.66643     0.74556    -0.00021
    -0.00014     0.00016     1.00000
           0           2           1           2
     2.51185    -4.56993     2.98536
     0.74556     0.66643    -0.00000
    -0.66643     0.74556    -0.00021
    -0.00014     0.00016     1.00000
           0           2           1           3
     2.51877    -4.56535    -2.70664
     0.74556     0.66643    -0.00000
    -0.66643     0.74556    -0.00021
    -0.00014     0.00016     1.00000
           0           2           1           4
     2.52568    -4.56077    -8.39863
     0.74556     0.66643    -0.00000
    -0.66643     0.74556    -0.00021
    -0.00014     0.00016     1.00000
           0           2           2           1
     3.50412    -3.85894     8.68150
     0.56806     0.82299    -0.00000
    -0.82299     0.56806    -0.00054
    -0.00044     0.00031     1.00000
           0           2           2           2
     3.51103    -3.85437     2.98950
     0.56806     0.82299    -0.00000
    -0.82299     0.56806    -0.00054
    -0.00044     0.00031     1.00000
           0           2           2           3
     3.51794    -3.84979    -2.70249
     0.56806     0.82299    -0.00000
    -0.82299     0.56806    -0.00054
    -0.00044     0.00031     1.00000
           0           2           2           4
     3.52485    -3.84520    -8.39449
     0.56806     0.82299    -0.00000
    -0.82299     0.56806    -0.00054
    -0.00044     0.00031     1.00000
           0           2           3           1
     4.30997    -2.92440     8.67513
     0.35783     0.93379    -0.00000
    -0.93379     0.35783    -0.00085
    -0.00079     0.00030     1.00000
           0           2           3           2
     4.31687    -2.91983     2.98314
     0.35783     0.93379    -0.00000
    -0.93379     0.35783    -0.00085
    -0.00079     0.00030     1.00000
           0           2           3           3
     4.32378    -2.91524    -2.70886
     0.35783     0.93379    -0.00000
    -0.93379     0.35783    -0.00085
    -0.00079     0.00030     1.00000
           0           2           3           4
     4.33069    -2.91066    -8.40084
     0.35783     0.93379    -0.00000
    -0.93379     0.35783    -0.00085
    -0.00079     0.00030     1.00000
           0           2           4           1
     4.87111    -1.82991     8.67776
     0.12816     0.99175    -0.00000
    -0.99175     0.12816    -0.00110
    -0.00109     0.00014     1.00000
           0           2           4           2
     4.87802    -1.82534     2.98576
     0.12816     0.99175    -0.00000
    -0.99175     0.12816    -0.00110
    -0.00109     0.00014     1.00000
           0           2           4           3
     4.88494    -1.82075    -2.70623
     0.12816     0.99175    -0.00000
    -0.99175     0.12816    -0.00110
    -0.00109     0.00014     1.00000
           0           2           4           4
     4.89185    -1.81617    -8.39823
     0.12816     0.99175    -0.00000
    -0.99175     0.12816    -0.00110
    -0.00109     0.00014     1.00000
           0           2           5           1
     5.15966    -0.62948     8.67751
    -0.10960     0.99398    -0.00000
    -0.99397    -0.10960    -0.00130
    -0.00129    -0.00014     1.00000
           0           2           5           2
     5.16657    -0.62490     2.98552
    -0.10960     0.99398    -0.00000
    -0.99397    -0.10960    -0.00130
    -0.00129    -0.00014     1.00000
           0           2           5           3
     5.17348    -0.62032    -2.70648
    -0.10960     0.99398    -0.00000
    -0.99397    -0.10960    -0.00130
    -0.00129    -0.00014     1.00000
           0           2           5           4
     5.18039    -0.61574    -8.39847
    -0.10960     0.99398    -0.00000
    -0.99397    -0.10960    -0.00130
    -0.00129    -0.00014     1.00000
           0           2           6           1
     5.15759     0.59724     8.67435
    -0.33971     0.94053    -0.00000
    -0.94053    -0.33971    -0.00141
    -0.00133    -0.00048     1.00000
           0           2           6           2
     5.16450     0.60181     2.98236
    -0.33972     0.94053    -0.00000
    -0.94053    -0.33972    -0.00141
    -0.00133    -0.00048     1.00000
           0           2           6           3
     5.17141     0.60640    -2.70964
    -0.33972     0.94053    -0.00000
    -0.94053    -0.33972    -0.00141
    -0.00133    -0.00048     1.00000
           0           2           6           4
     5.17833     0.61098    -8.40163
    -0.33972     0.94053    -0.00000
    -0.94053    -0.33972    -0.00141
    -0.00133    -0.00048     1.00000
           0           2           7           1
     4.86424     1.79889     8.67931
    -0.55252     0.83350    -0.00000
    -0.83350    -0.55252    -0.00146
    -0.00122    -0.00081     1.00000
           0           2           7           2
     4.87115     1.80346     2.98731
    -0.55252     0.83350    -0.00000
    -0.83350    -0.55252    -0.00146
    -0.00122    -0.00081     1.00000
           0           2           7           3
     4.87806     1.80805    -2.70468
    -0.55252     0.83350    -0.00000
    -0.83350    -0.55252    -0.00146
    -0.00122    -0.00081     1.00000
           0           2           7           4
     4.88497     1.81262    -8.39668
    -0.55252     0.83350    -0.00000
    -0.83350    -0.55252    -0.00146
    -0.00122    -0.00081     1.00000
           0           2           8           1
     4.29935     2.89058     8.67863
    -0.73296     0.68027    -0.00000
    -0.68027    -0.73296    -0.00141
    -0.00096    -0.00103     1.00000
           0           2           8           2
     4.30626     2.89515     2.98664
    -0.73296     0.68027    -0.00000
    -0.68027    -0.73296    -0.00141
    -0.00096    -0.00103     1.00000
           0           2           8           3
     4.31317     2.89973    -2.70536
    -0.73296     0.68027    -0.00000
    -0.68027    -0.73296    -0.00141
    -0.00096    -0.00103     1.00000
           0           2           8           4
     4.32008     2.90432    -8.39735
    -0.73296     0.68027    -0.00000
    -0.68027    -0.73296    -0.00141
    -0.00096    -0.00103     1.00000
           0           2           9           1
     3.49010     3.82220     8.67044
    -0.87279     0.48810    -0.00000
    -0.48810    -0.87279    -0.00130
    -0.00063    -0.00113     1.00000
           0           2           9           2
     3.49701     3.82678     2.97845
    -0.87279     0.48810    -0.00000
    -0.48810    -0.87279    -0.00130
    -0.00063    -0.00113     1.00000
           0           2           9           3
     3.50392     3.83136    -2.71355
    -0.87279     0.48810    -0.00000
    -0.48810    -0.87279    -0.00130
    -0.00063    -0.00113     1.00000
           0           2           9           4
     3.51083     3.83594    -8.40554
    -0.87279     0.48810    -0.00000
    -0.48810    -0.87279    -0.00130
    -0.00063    -0.00113     1.00000
           0           2          10           1
     2.48868     4.53393     8.68007
    -0.96303     0.26938    -0.00000
    -0.26938    -0.96303    -0.00110
    -0.00030    -0.00106     1.00000
           0           2          10           2
     2.49559     4.53850     2.98808
    -0.96303     0.26938    -0.00000
    -0.26938    -0.96303    -0.00110
    -0.00030    -0.00106     1.00000
           0           2          10           3
     2.50250     4.54307    -2.70392
    -0.96303     0.26938    -0.00000
    -0.26938    -0.96303    -0.00110
    -0.00030    -0.00106     1.00000
           0           2          10           4
     2.50941     4.54766    -8.39591
    -0.96304     0.26937    -0.00000
    -0.26937    -0.96304    -0.00110
    -0.00030    -0.00106     1.00000
           0           2          11           1
    -2.48024     4.57991    -8.55193
     0.96560     0.26002    -0.00000
     0.26002    -0.96560    -0.00089
    -0.00023     0.00086    -1.00000
           0           2          11           2
    -2.47738     4.57538    -2.85994
     0.96560     0.26002    -0.00000
     0.26002    -0.96560    -0.00089
    -0.00023     0.00086    -1.00000
           0           2          11           3
    -2.47452     4.57087     2.83206
     0.96561     0.26001    -0.00000
     0.26001    -0.96561    -0.00089
    -0.00023     0.00086    -1.00000
           0           2          11           4
    -2.47166     4.56635     8.52406
     0.96561     0.26000    -0.00000
     0.26000    -0.96561    -0.00089
    -0.00023     0.00086    -1.00000
           0           2          12           1
    -3.51525     3.84206    -8.54533
     0.87361     0.48663    -0.00000
     0.48663    -0.87361    -0.00093
    -0.00045     0.00081    -1.00000
           0           2          12           2
    -3.51239     3.83754    -2.85334
     0.87361     0.48663    -0.00000
     0.48663    -0.87361    -0.00093
    -0.00045     0.00081    -1.00000
           0           2          12           3
    -3.50953     3.83303     2.83866
     0.87361     0.48663    -0.00000
     0.48663    -0.87361    -0.00093
    -0.00045     0.00081    -1.00000
           0           2          12           4
    -3.50667     3.82851     8.53066
     0.87361     0.48663    -0.00000
     0.48663    -0.87361    -0.00093
    -0.00045     0.00081    -1.00000
           0           2          13           1
    -4.31726     2.93667    -8.54968
     0.73743     0.67542    -0.00000
     0.67542    -0.73743    -0.00093
    -0.00063     0.00069    -1.00000
           0           2          13           2
    -4.31441     2.93216    -2.85768
     0.73743     0.67542    -0.00000
     0.67542    -0.73743    -0.00093
    -0.00063     0.00069    -1.00000
           0           2          13           3
    -4.31156     2.92766     2.83432
     0.73744     0.67542    -0.00000
     0.67542    -0.73744    -0.00093
    -0.00063     0.00069    -1.00000
           0           2          13           4
    -4.30871     2.92314     8.52632
     0.73744     0.67541    -0.00000
     0.67541    -0.73744    -0.00093
    -0.00063     0.00069    -1.00000
           0           2          14           1
    -4.89926     1.83981    -8.54638
     0.55637     0.83094    -0.00000
     0.83094    -0.55637    -0.00086
    -0.00071     0.00048    -1.00000
           0           2          14           2
    -4.89642     1.83529    -2.85439
     0.55637     0.83094    -0.00000
     0.83093    -0.55637    -0.00086
    -0.00071     0.00048    -1.00000
           0           2          14           3
    -4.89357     1.83077     2.83761
     0.55637     0.83093    -0.00000
     0.83093    -0.55637    -0.00086
    -0.00071     0.00048    -1.00000
           0           2          14           4
    -4.89073     1.82625     8.52962
     0.55637     0.83093    -0.00000
     0.83093    -0.55637    -0.00086
    -0.00071     0.00048    -1.00000
           0           2          15           1
    -5.20466     0.63425    -8.54914
     0.34351     0.93915    -0.00000
     0.93915    -0.34351    -0.00074
    -0.00069     0.00025    -1.00000
           0           2          15           2
    -5.20181     0.62972    -2.85715
     0.34351     0.93915    -0.00000
     0.93915    -0.34351    -0.00074
    -0.00069     0.00025    -1.00000
           0           2          15           3
    -5.19895     0.62520     2.83485
     0.34351     0.93915    -0.00000
     0.93915    -0.34351    -0.00074
    -0.00069     0.00025    -1.00000
           0           2          15           4
    -5.19610     0.62067     8.52685
     0.34351     0.93915    -0.00000
     0.93915    -0.34351    -0.00074
    -0.00069     0.00025    -1.00000
           0           2          16           1
    -5.18880    -0.61107    -8.54615
     0.11039     0.99389    -0.00000
     0.99389    -0.11039    -0.00059
    -0.00059     0.00007    -1.00000
           0           2          16           2
    -5.18593    -0.61559    -2.85415
     0.11039     0.99389    -0.00000
     0.99389    -0.11039    -0.00059
    -0.00059     0.00007    -1.00000
           0           2          16           3
    -5.18307    -0.62008     2.83785
     0.11039     0.99389    -0.00000
     0.99389    -0.11039    -0.00059
    -0.00059     0.00007    -1.00000
           0           2          16           4
    -5.18020    -0.62460     8.52984
     0.11039     0.99389    -0.00000
     0.99389    -0.11039    -0.00059
    -0.00059     0.00007    -1.00000
           0           2          17           1
    -4.90490    -1.81307    -8.54684
    -0.12751     0.99184    -0.00000
     0.99184     0.12751    -0.00040
    -0.00040    -0.00005    -1.00000
           0           2          17           2
    -4.90203    -1.81757    -2.85484
    -0.12751     0.99184    -0.00000
     0.99184     0.12751    -0.00040
    -0.00040    -0.00005    -1.00000
           0           2          17           3
    -4.89916    -1.82208     2.83715
    -0.12751     0.99184    -0.00000
     0.99184     0.12751    -0.00040
    -0.00040    -0.00005    -1.00000
           0           2          17           4
    -4.89630    -1.82660     8.52915
    -0.12751     0.99184    -0.00000
     0.99184     0.12751    -0.00040
    -0.00040    -0.00005    -1.00000
           0           2          18           1
    -4.34746    -2.91322    -8.54877
    -0.35765     0.93386    -0.00000
     0.93386     0.35765    -0.00019
    -0.00018    -0.00007    -1.00000
           0           2          18           2
    -4.34460    -2.91774    -2.85677
    -0.35765     0.93386    -0.00000
     0.93386     0.35765    -0.00019
    -0.00018    -0.00007    -1.00000
           0           2          18           3
    -4.34172    -2.92225     2.83522
    -0.35765     0.93386    -0.00000
     0.93386     0.35765    -0.00019
    -0.00018    -0.00007    -1.00000
           0           2          18           4
    -4.33883    -2.92677     8.52722
    -0.35765     0.93386    -0.00000
     0.93386     0.35765    -0.00019
    -0.00018    -0.00007    -1.00000
           0           2          19           1
    -3.53574    -3.84135    -8.54658
    -0.56767     0.82326     0.00000
     0.82326     0.56767     0.00003
     0.00002     0.00002    -1.00000
           0           2          19           2
    -3.53287    -3.84585    -2.85459
    -0.56767     0.82326     0.00000
     0.82326     0.56767     0.00003
     0.00002     0.00002    -1.00000
           0           2          19           3
    -3.53000    -3.85034     2.83741
    -0.56767     0.82326     0.00000
     0.82326     0.56767     0.00003
     0.00002     0.00002    -1.00000
           0           2          19           4
    -3.52714    -3.85486     8.52942
    -0.56767     0.82326     0.00000
     0.82326     0.56767     0.00003
     0.00002     0.00002    -1.00000
           0           2          20           1
    -2.54411    -4.55662    -8.54777
    -0.74448     0.66765     0.00000
     0.66765     0.74448     0.00026
     0.00017     0.00019    -1.00000
           0           2          20           2
    -2.54125    -4.56114    -2.85577
    -0.74448     0.66765     0.00000
     0.66765     0.74448     0.00026
     0.00017     0.00019    -1.00000
           0           2          20           3
    -2.53839    -4.56564     2.83622
    -0.74448     0.66765     0.00000
     0.66765     0.74448     0.00026
     0.00017     0.00019    -1.00000
           0           2          20           4
    -2.53552    -4.57017     8.52822
    -0.74448     0.66765     0.00000
     0.66765     0.74448     0.00026
     0.00017     0.00019    -1.00000
           0           3           1           1
     5.61354   -10.34178    12.86173
    -0.87803    -0.47861     0.00000
    -0.47861     0.87803     0.00012
    -0.00006     0.00011    -1.00000
           0           3           1           2
     5.62128   -10.33665     6.48633
    -0.87803    -0.47861     0.00000
    -0.47861     0.87803     0.00012
    -0.00006     0.00011    -1.00000
           0           3           1           3
     5.62903   -10.33151     0.11094
    -0.87803    -0.47861     0.00000
    -0.47861     0.87803     0.00012
    -0.00006     0.00011    -1.00000
           0           3           1           4
     5.63677   -10.32638    -6.26446
    -0.87803    -0.47861     0.00000
    -0.47861     0.87803     0.00012
    -0.00006     0.00011    -1.00000
           0           3           1           5
     5.64450   -10.32126   -12.63985
    -0.87803    -0.47861     0.00000
    -0.47861     0.87803     0.00012
    -0.00006     0.00011    -1.00000
           0           3           2           1
     7.53146    -7.14657    12.85534
    -0.68689    -0.72676    -0.00000
    -0.72676     0.68689    -0.00033
     0.00024    -0.00023    -1.00000
           0           3           2           2
     7.53920    -7.14144     6.47995
    -0.68689    -0.72676    -0.00000
    -0.72676     0.68689    -0.00033
     0.00024    -0.00023    -1.00000
           0           3           2           3
     7.54694    -7.13630     0.10455
    -0.68689    -0.72676    -0.00000
    -0.72676     0.68689    -0.00033
     0.00024    -0.00023    -1.00000
           0           3           2           4
     7.55469    -7.13117    -6.27084
    -0.68689    -0.72676    -0.00000
    -0.72676     0.68689    -0.00033
     0.00024    -0.00023    -1.00000
           0           3           2           5
     7.56242    -7.12604   -12.64624
    -0.68689    -0.72676    -0.00000
    -0.72676     0.68689    -0.00033
     0.00024    -0.00023    -1.00000
           0           3           3           1
    11.51316    -5.67905    12.86975
    -0.44110    -0.89746    -0.00000
    -0.89746     0.44110    -0.00073
     0.00066    -0.00032    -1.00000
           0           3           3           2
    11.52090    -5.67392     6.49435
    -0.44110    -0.89746    -0.00000
    -0.89746     0.44110    -0.00073
     0.00066    -0.00032    -1.00000
           0           3           3           3
    11.52863    -5.66879     0.11897
    -0.44110    -0.89746    -0.00000
    -0.89746     0.44110    -0.00073
     0.00066    -0.00032    -1.00000
           0           3           3           4
    11.53636    -5.66366    -6.25643
    -0.44110    -0.89746    -0.00000
    -0.89746     0.44110    -0.00073
     0.00066    -0.00032    -1.00000
           0           3           3           5
    11.54409    -5.65853   -12.63182
    -0.44110    -0.89746    -0.00000
    -0.89746     0.44110    -0.00073
     0.00066    -0.00032    -1.00000
           0           3           4           1
    11.56342    -2.08531    12.87653
    -0.17625    -0.98435    -0.00000
    -0.98435     0.17625    -0.00105
     0.00103    -0.00019    -1.00000
           0           3           4           2
    11.57116    -2.08018     6.50114
    -0.17625    -0.98435    -0.00000
    -0.98435     0.17625    -0.00105
     0.00103    -0.00019    -1.00000
           0           3           4           3
    11.57890    -2.07505     0.12574
    -0.17625    -0.98435    -0.00000
    -0.98435     0.17625    -0.00105
     0.00103    -0.00019    -1.00000
           0           3           4           4
    11.58663    -2.06992    -6.24965
    -0.17625    -0.98435    -0.00000
    -0.98435     0.17625    -0.00105
     0.00103    -0.00019    -1.00000
           0           3           4           5
    11.59438    -2.06479   -12.62504
    -0.17625    -0.98435    -0.00000
    -0.98435     0.17625    -0.00105
     0.00103    -0.00019    -1.00000
           0           3           5           1
    10.27148     1.41218    12.87068
     0.13709    -0.99056    -0.00000
    -0.99056    -0.13709    -0.00132
     0.00131     0.00018    -1.00000
           0           3           5           2
    10.27922     1.41731     6.49529
     0.13709    -0.99056    -0.00000
    -0.99056    -0.13709    -0.00132
     0.00131     0.00018    -1.00000
           0           3           5           3
    10.28697     1.42245     0.11989
     0.13709    -0.99056    -0.00000
    -0.99056    -0.13709    -0.00132
     0.00131     0.00018    -1.00000
           0           3           5           4
    10.29470     1.42757    -6.25550
     0.13709    -0.99056    -0.00000
    -0.99056    -0.13709    -0.00132
     0.00131     0.00018    -1.00000
           0           3           5           5
    10.30244     1.43270   -12.63090
     0.13709    -0.99056    -0.00000
    -0.99056    -0.13709    -0.00132
     0.00131     0.00018    -1.00000
           0           3           6           1
    11.62135     5.42963    12.89666
     0.42352    -0.90589    -0.00000
    -0.90589    -0.42352    -0.00144
     0.00130     0.00061    -1.00000
           0           3           6           2
    11.62910     5.43476     6.52126
     0.42352    -0.90589    -0.00000
    -0.90589    -0.42352    -0.00144
     0.00130     0.00061    -1.00000
           0           3           6           3
    11.63682     5.43989     0.14587
     0.42352    -0.90589    -0.00000
    -0.90589    -0.42352    -0.00144
     0.00130     0.00061    -1.00000
           0           3           6           4
    11.64457     5.44502    -6.22952
     0.42352    -0.90589    -0.00000
    -0.90589    -0.42352    -0.00144
     0.00130     0.00061    -1.00000
           0           3           6           5
    11.65230     5.45015   -12.60491
     0.42352    -0.90589    -0.00000
    -0.90589    -0.42352    -0.00144
     0.00130     0.00061    -1.00000
           0           3           7           1
     8.84865     7.72169    12.88361
     0.65733    -0.75360    -0.00000
    -0.75360    -0.65733    -0.00144
     0.00109     0.00095    -1.00000
           0           3           7           2
     8.85639     7.72682     6.50822
     0.65733    -0.75360    -0.00000
    -0.75360    -0.65733    -0.00144
     0.00109     0.00095    -1.00000
           0           3           7           3
     8.86413     7.73196     0.13282
     0.65733    -0.75360    -0.00000
    -0.75360    -0.65733    -0.00144
     0.00109     0.00095    -1.00000
           0           3           7           4
     8.87187     7.73709    -6.24257
     0.65733    -0.75360    -0.00000
    -0.75360    -0.65733    -0.00144
     0.00109     0.00095    -1.00000
           0           3           7           5
     8.87961     7.74221   -12.61797
     0.65733    -0.75360    -0.00000
    -0.75360    -0.65733    -0.00144
     0.00109     0.00095    -1.00000
           0           3           8           1
     5.30742     8.90641    12.87737
     0.85860    -0.51265    -0.00000
    -0.51265    -0.85860    -0.00132
     0.00068     0.00113    -1.00000
           0           3           8           2
     5.31516     8.91154     6.50198
     0.85860    -0.51265    -0.00000
    -0.51265    -0.85860    -0.00132
     0.00068     0.00113    -1.00000
           0           3           8           3
     5.32290     8.91668     0.12658
     0.85860    -0.51265    -0.00000
    -0.51265    -0.85860    -0.00132
     0.00068     0.00113    -1.00000
           0           3           8           4
     5.33064     8.92181    -6.24881
     0.85860    -0.51265    -0.00000
    -0.51265    -0.85860    -0.00132
     0.00068     0.00113    -1.00000
           0           3           8           5
     5.33838     8.92693   -12.62420
     0.85860    -0.51265    -0.00000
    -0.51265    -0.85860    -0.00132
     0.00068     0.00113    -1.00000
           0           3           9           1
    -5.29498     8.98528   -12.76979
    -0.86150    -0.50777    -0.00000
     0.50777    -0.86149    -0.00094
     0.00048    -0.00081     1.00000
           0           3           9           2
    -5.29179     8.98021    -6.39439
    -0.86150    -0.50776    -0.00000
     0.50776    -0.86150    -0.00094
     0.00048    -0.00081     1.00000
           0           3           9           3
    -5.28858     8.97516    -0.01899
    -0.86150    -0.50776    -0.00000
     0.50776    -0.86150    -0.00094
     0.00048    -0.00081     1.00000
           0           3           9           4
    -5.28537     8.97010     6.35640
    -0.86150    -0.50775    -0.00000
     0.50775    -0.86150    -0.00094
     0.00048    -0.00081     1.00000
           0           3           9           5
    -5.28217     8.96505    12.73180
    -0.86150    -0.50775    -0.00000
     0.50775    -0.86150    -0.00094
     0.00048    -0.00081     1.00000
           0           3          10           1
    -8.87368     7.82213   -12.75285
    -0.66049    -0.75083    -0.00000
     0.75083    -0.66049    -0.00090
     0.00068    -0.00059     1.00000
           0           3          10           2
    -8.87047     7.81706    -6.37745
    -0.66049    -0.75083    -0.00000
     0.75083    -0.66049    -0.00090
     0.00068    -0.00059     1.00000
           0           3          10           3
    -8.86728     7.81201    -0.00206
    -0.66049    -0.75083    -0.00000
     0.75083    -0.66049    -0.00090
     0.00068    -0.00059     1.00000
           0           3          10           4
    -8.86407     7.80696     6.37334
    -0.66050    -0.75083    -0.00000
     0.75083    -0.66050    -0.00090
     0.00068    -0.00059     1.00000
           0           3          10           5
    -8.86090     7.80191    12.74874
    -0.66050    -0.75083    -0.00000
     0.75083    -0.66050    -0.00090
     0.00068    -0.00059     1.00000
           0           3          11           1
   -11.68903     5.52404   -12.75818
    -0.42578    -0.90483    -0.00000
     0.90483    -0.42578    -0.00079
     0.00071    -0.00034     1.00000
           0           3          11           2
   -11.68585     5.51897    -6.38278
    -0.42578    -0.90483    -0.00000
     0.90483    -0.42578    -0.00079
     0.00071    -0.00034     1.00000
           0           3          11           3
   -11.68265     5.51392    -0.00738
    -0.42578    -0.90483    -0.00000
     0.90483    -0.42578    -0.00079
     0.00071    -0.00034     1.00000
           0           3          11           4
   -11.67946     5.50886     6.36802
    -0.42578    -0.90483    -0.00000
     0.90483    -0.42578    -0.00079
     0.00071    -0.00034     1.00000
           0           3          11           5
   -11.67628     5.50380    12.74341
    -0.42578    -0.90483    -0.00000
     0.90483    -0.42578    -0.00079
     0.00071    -0.00034     1.00000
           0           3          12           1
   -10.31460     1.45423   -12.74850
    -0.13681    -0.99060    -0.00000
     0.99060    -0.13681    -0.00061
     0.00060    -0.00008     1.00000
           0           3          12           2
   -10.31140     1.44916    -6.37311
    -0.13681    -0.99060    -0.00000
     0.99060    -0.13681    -0.00061
     0.00060    -0.00008     1.00000
           0           3          12           3
   -10.30822     1.44410     0.00229
    -0.13681    -0.99060    -0.00000
     0.99060    -0.13681    -0.00061
     0.00060    -0.00008     1.00000
           0           3          12           4
   -10.30501     1.43905     6.37769
    -0.13681    -0.99060    -0.00000
     0.99060    -0.13681    -0.00061
     0.00060    -0.00008     1.00000
           0           3          12           5
   -10.30181     1.43399    12.75308
    -0.13681    -0.99060    -0.00000
     0.99060    -0.13681    -0.00061
     0.00060    -0.00008     1.00000
           0           3          13           1
   -11.58251    -2.05618   -12.75720
     0.17771    -0.98408    -0.00000
     0.98408     0.17771    -0.00036
     0.00035     0.00006     1.00000
           0           3          13           2
   -11.57930    -2.06123    -6.38181
     0.17771    -0.98408    -0.00000
     0.98408     0.17771    -0.00036
     0.00035     0.00006     1.00000
           0           3          13           3
   -11.57610    -2.06629    -0.00641
     0.17771    -0.98408    -0.00000
     0.98408     0.17771    -0.00036
     0.00035     0.00006     1.00000
           0           3          13           4
   -11.57290    -2.07133     6.36898
     0.17771    -0.98408    -0.00000
     0.98408     0.17771    -0.00036
     0.00035     0.00006     1.00000
           0           3          13           5
   -11.56969    -2.07637    12.74439
     0.17771    -0.98408    -0.00000
     0.98408     0.17771    -0.00036
     0.00035     0.00006     1.00000
           0           3          14           1
   -11.56124    -5.67719   -12.77457
     0.44335    -0.89635    -0.00000
     0.89635     0.44335    -0.00010
     0.00009     0.00004     1.00000
           0           3          14           2
   -11.55803    -5.68226    -6.39917
     0.44335    -0.89635    -0.00000
     0.89635     0.44335    -0.00010
     0.00009     0.00004     1.00000
           0           3          14           3
   -11.55482    -5.68731    -0.02378
     0.44335    -0.89635    -0.00000
     0.89635     0.44335    -0.00010
     0.00009     0.00004     1.00000
           0           3          14           4
   -11.55159    -5.69239     6.35162
     0.44335    -0.89635    -0.00000
     0.89635     0.44335    -0.00010
     0.00009     0.00004     1.00000
           0           3          14           5
   -11.54838    -5.69745    12.72702
     0.44335    -0.89635    -0.00000
     0.89635     0.44335    -0.00010
     0.00009     0.00004     1.00000
           0           3          15           1
    -7.52179    -7.10315   -12.76663
     0.68910    -0.72467     0.00000
     0.72467     0.68910     0.00018
    -0.00013    -0.00012     1.00000
           0           3          15           2
    -7.51859    -7.10819    -6.39123
     0.68910    -0.72467     0.00000
     0.72467     0.68910     0.00018
    -0.00013    -0.00012     1.00000
           0           3          15           3
    -7.51538    -7.11322    -0.01584
     0.68910    -0.72467     0.00000
     0.72467     0.68910     0.00018
    -0.00013    -0.00012     1.00000
           0           3          15           4
    -7.51218    -7.11825     6.35956
     0.68910    -0.72467     0.00000
     0.72467     0.68910     0.00018
    -0.00013    -0.00012     1.00000
           0           3          15           5
    -7.50898    -7.12330    12.73496
     0.68910    -0.72467     0.00000
     0.72467     0.68910     0.00018
    -0.00013    -0.00012     1.00000
           0           3          16           1
    -5.63961   -10.31018   -12.77116
     0.87861    -0.47753     0.00000
     0.47753     0.87861     0.00045
    -0.00021    -0.00040     1.00000
           0           3          16           2
    -5.63642   -10.31524    -6.39576
     0.87861    -0.47753     0.00000
     0.47753     0.87861     0.00045
    -0.00021    -0.00040     1.00000
           0           3          16           3
