 SVX cage parameters:
     2.20000
     0.50000     0.20000
     0.00000
           6
   -40.00000   -26.50000   -26.50000    26.50000    26.50000    40.00000
    53.00000    53.00000    22.00000    22.00000    53.00000    53.00000
     0.00000     0.00000     0.00000
 SVX barrel parameters:
           4
     2.63000     5.13000    11.76500    16.68700     1.21400
     0.00000     0.00000     0.00000     0.00000
           4           4           5           6
     0.69600     0.69600     1.74500     1.74500
     0.01000     0.01000     0.03125     0.03125
     2.83600     2.83600     3.18770     3.18770
     0.01900     0.01900     0.00000     0.00000
     0.02000     0.02000     0.00000     0.00000
    26.70000    13.60000    17.00000    12.00000
   -13.00000   -13.02000     0.00000     0.00000
           2
           5           5
     0.00000   180.00000
           2
          10          10
     0.00000   180.00000
           2
           8           8
     0.00000   180.00000
           2
          12          12
     0.00000   180.00000
 SVX barrel sensor rotation matrices and translation vectors:
           0           1           1           1
     1.58626    -2.11713     8.65102
     0.63894     0.76926    -0.00000
    -0.76926     0.63894    -0.00000
     0.00000     0.00000     1.00000
           0           1           1           2
     1.58626    -2.11713     2.95902
     0.63894     0.76926    -0.00000
    -0.76926     0.63894    -0.00000
     0.00000     0.00000     1.00000
           0           1           1           3
     1.58626    -2.11713    -2.73298
     0.63894     0.76926    -0.00000
    -0.76926     0.63894    -0.00000
     0.00000     0.00000     1.00000
           0           1           1           4
     1.58626    -2.11713    -8.42498
     0.63894     0.76926    -0.00000
    -0.76926     0.63894    -0.00000
     0.00000     0.00000     1.00000
           0           1           2           1
     2.34196    -1.17508     8.64672
     0.22512     0.97433    -0.00000
    -0.97433     0.22512    -0.00000
     0.00000     0.00000     1.00000
           0           1           2           2
     2.34196    -1.17508     2.95472
     0.22512     0.97433    -0.00000
    -0.97433     0.22512    -0.00000
     0.00000     0.00000     1.00000
           0           1           2           3
     2.34196    -1.17508    -2.73728
     0.22512     0.97433    -0.00000
    -0.97433     0.22512    -0.00000
     0.00000     0.00000     1.00000
           0           1           2           4
     2.34196    -1.17508    -8.42928
     0.22512     0.97433    -0.00000
    -0.97433     0.22512    -0.00000
     0.00000     0.00000     1.00000
           0           1           3           1
     2.61516    -0.00249     8.63911
    -0.23672     0.97158     0.00000
    -0.97158    -0.23672     0.00000
     0.00000     0.00000     1.00000
           0           1           3           2
     2.61516    -0.00249     2.94711
    -0.23672     0.97158     0.00000
    -0.97158    -0.23672     0.00000
     0.00000     0.00000     1.00000
           0           1           3           3
     2.61516    -0.00249    -2.74489
    -0.23672     0.97158     0.00000
    -0.97158    -0.23672     0.00000
     0.00000     0.00000     1.00000
           0           1           3           4
     2.61516    -0.00249    -8.43689
    -0.23672     0.97158     0.00000
    -0.97158    -0.23672     0.00000
     0.00000     0.00000     1.00000
           0           1           4           1
     2.33864     1.17594     8.65769
    -0.64807     0.76158     0.00000
    -0.76158    -0.64807     0.00000
     0.00000     0.00000     1.00000
           0           1           4           2
     2.33864     1.17594     2.96570
    -0.64807     0.76158     0.00000
    -0.76158    -0.64807     0.00000
     0.00000     0.00000     1.00000
           0           1           4           3
     2.33864     1.17594    -2.72630
    -0.64807     0.76158     0.00000
    -0.76158    -0.64807     0.00000
     0.00000     0.00000     1.00000
           0           1           4           4
     2.33864     1.17594    -8.41831
    -0.64807     0.76158     0.00000
    -0.76158    -0.64807     0.00000
     0.00000     0.00000     1.00000
           0           1           5           1
     1.53159     2.07720     8.63244
    -0.92118     0.38914     0.00000
    -0.38914    -0.92118     0.00000
     0.00000     0.00000     1.00000
           0           1           5           2
     1.53159     2.07720     2.94044
    -0.92118     0.38914     0.00000
    -0.38914    -0.92118     0.00000
     0.00000     0.00000     1.00000
           0           1           5           3
     1.53159     2.07720    -2.75156
    -0.92118     0.38914     0.00000
    -0.38914    -0.92118     0.00000
     0.00000     0.00000     1.00000
           0           1           5           4
     1.53159     2.07720    -8.44356
    -0.92118     0.38914     0.00000
    -0.38914    -0.92118     0.00000
     0.00000     0.00000     1.00000
           0           1           6           1
    -1.54352     2.08308    -8.53730
     0.92085     0.38992     0.00000
     0.38992    -0.92085     0.00000
     0.00000    -0.00000    -1.00000
           0           1           6           2
    -1.54352     2.08308    -2.84530
     0.92085     0.38992     0.00000
     0.38992    -0.92085     0.00000
     0.00000    -0.00000    -1.00000
           0           1           6           3
    -1.54352     2.08308     2.84670
     0.92085     0.38992     0.00000
     0.38992    -0.92085     0.00000
     0.00000    -0.00000    -1.00000
           0           1           6           4
    -1.54352     2.08308     8.53870
     0.92085     0.38992     0.00000
     0.38992    -0.92085     0.00000
     0.00000    -0.00000    -1.00000
           0           1           7           1
    -2.32446     1.16688    -8.54411
     0.64742     0.76213    -0.00000
     0.76213    -0.64742    -0.00000
    -0.00000     0.00000    -1.00000
           0           1           7           2
    -2.32446     1.16688    -2.85211
     0.64742     0.76213    -0.00000
     0.76213    -0.64742    -0.00000
    -0.00000     0.00000    -1.00000
           0           1           7           3
    -2.32446     1.16688     2.83989
     0.64742     0.76213    -0.00000
     0.76213    -0.64742    -0.00000
    -0.00000     0.00000    -1.00000
           0           1           7           4
    -2.32446     1.16688     8.53189
     0.64742     0.76213    -0.00000
     0.76213    -0.64742    -0.00000
    -0.00000     0.00000    -1.00000
           0           1           8           1
    -2.62996     0.00276    -8.53945
     0.23590     0.97178    -0.00000
     0.97178    -0.23590    -0.00000
    -0.00000     0.00000    -1.00000
           0           1           8           2
    -2.62995     0.00276    -2.84745
     0.23590     0.97178    -0.00000
     0.97178    -0.23590    -0.00000
    -0.00000     0.00000    -1.00000
           0           1           8           3
    -2.62995     0.00276     2.84455
     0.23590     0.97178    -0.00000
     0.97178    -0.23590    -0.00000
    -0.00000     0.00000    -1.00000
           0           1           8           4
    -2.62995     0.00276     8.53655
     0.23590     0.97178    -0.00000
     0.97178    -0.23590    -0.00000
    -0.00000     0.00000    -1.00000
           0           1           9           1
    -2.36062    -1.17713    -8.53652
    -0.22593     0.97414    -0.00000
     0.97414     0.22593    -0.00000
    -0.00000    -0.00000    -1.00000
           0           1           9           2
    -2.36062    -1.17713    -2.84452
    -0.22593     0.97414    -0.00000
     0.97414     0.22593    -0.00000
    -0.00000    -0.00000    -1.00000
           0           1           9           3
    -2.36062    -1.17713     2.84748
    -0.22593     0.97414    -0.00000
     0.97414     0.22593    -0.00000
    -0.00000    -0.00000    -1.00000
           0           1           9           4
    -2.36062    -1.17713     8.53949
    -0.22593     0.97414    -0.00000
     0.97414     0.22593    -0.00000
    -0.00000    -0.00000    -1.00000
           0           1          10           1
    -1.60834    -2.12269    -8.54195
    -0.63955     0.76875    -0.00000
     0.76875     0.63955    -0.00000
    -0.00000    -0.00000    -1.00000
           0           1          10           2
    -1.60834    -2.12269    -2.84995
    -0.63955     0.76875    -0.00000
     0.76875     0.63955    -0.00000
    -0.00000    -0.00000    -1.00000
           0           1          10           3
    -1.60834    -2.12269     2.84205
    -0.63955     0.76875    -0.00000
     0.76875     0.63955    -0.00000
    -0.00000    -0.00000    -1.00000
           0           1          10           4
    -1.60834    -2.12269     8.53405
    -0.63955     0.76875    -0.00000
     0.76875     0.63955    -0.00000
    -0.00000    -0.00000    -1.00000
           0           2           1           1
     2.50689    -4.53678     8.61622
     0.74340     0.66885    -0.00000
    -0.66885     0.74340    -0.00000
     0.00000     0.00000     1.00000
           0           2           1           2
     2.50689    -4.53678     2.92422
     0.74340     0.66885    -0.00000
    -0.66885     0.74340    -0.00000
     0.00000     0.00000     1.00000
           0           2           1           3
     2.50689    -4.53678    -2.76778
     0.74340     0.66885    -0.00000
    -0.66885     0.74340    -0.00000
     0.00000     0.00000     1.00000
           0           2           1           4
     2.50689    -4.53678    -8.45978
     0.74340     0.66885    -0.00000
    -0.66885     0.74340    -0.00000
     0.00000     0.00000     1.00000
           0           2           2           1
     3.50111    -3.83136     8.61820
     0.56528     0.82490    -0.00000
    -0.82490     0.56528    -0.00000
     0.00000     0.00000     1.00000
           0           2           2           2
     3.50111    -3.83136     2.92620
     0.56528     0.82490    -0.00000
    -0.82490     0.56528    -0.00000
     0.00000     0.00000     1.00000
           0           2           2           3
     3.50111    -3.83136    -2.76580
     0.56528     0.82490    -0.00000
    -0.82490     0.56528    -0.00000
     0.00000     0.00000     1.00000
           0           2           2           4
     3.50111    -3.83136    -8.45780
     0.56528     0.82490    -0.00000
    -0.82490     0.56528    -0.00000
     0.00000     0.00000     1.00000
           0           2           3           1
     4.27970    -2.89048     8.61320
     0.35545     0.93469    -0.00000
    -0.93469     0.35545    -0.00000
     0.00000     0.00000     1.00000
           0           2           3           2
     4.27970    -2.89048     2.92120
     0.35545     0.93469    -0.00000
    -0.93469     0.35545    -0.00000
     0.00000     0.00000     1.00000
           0           2           3           3
     4.27970    -2.89048    -2.77080
     0.35545     0.93469    -0.00000
    -0.93469     0.35545    -0.00000
     0.00000     0.00000     1.00000
           0           2           3           4
     4.27970    -2.89048    -8.46280
     0.35545     0.93469    -0.00000
    -0.93469     0.35545    -0.00000
     0.00000     0.00000     1.00000
           0           2           4           1
     4.83204    -1.79907     8.61624
     0.12571     0.99207    -0.00000
    -0.99207     0.12571    -0.00000
     0.00000     0.00000     1.00000
           0           2           4           2
     4.83204    -1.79907     2.92424
     0.12571     0.99207    -0.00000
    -0.99207     0.12571    -0.00000
     0.00000     0.00000     1.00000
           0           2           4           3
     4.83204    -1.79907    -2.76776
     0.12571     0.99207    -0.00000
    -0.99207     0.12571    -0.00000
     0.00000     0.00000     1.00000
           0           2           4           4
     4.83204    -1.79907    -8.45976
     0.12571     0.99207    -0.00000
    -0.99207     0.12571    -0.00000
     0.00000     0.00000     1.00000
           0           2           5           1
     5.14616    -0.61859     8.61103
    -0.11110     0.99381     0.00000
    -0.99381    -0.11110     0.00000
     0.00000     0.00000     1.00000
           0           2           5           2
     5.14616    -0.61859     2.91904
    -0.11110     0.99381     0.00000
    -0.99381    -0.11110     0.00000
     0.00000     0.00000     1.00000
           0           2           5           3
     5.14616    -0.61859    -2.77296
    -0.11110     0.99381     0.00000
    -0.99381    -0.11110     0.00000
     0.00000     0.00000     1.00000
           0           2           5           4
     5.14616    -0.61859    -8.46496
    -0.11110     0.99381     0.00000
    -0.99381    -0.11110     0.00000
     0.00000     0.00000     1.00000
           0           2           6           1
     5.09565     0.59341     8.61214
    -0.34167     0.93982     0.00000
    -0.93982    -0.34167     0.00000
     0.00000     0.00000     1.00000
           0           2           6           2
     5.09565     0.59341     2.92014
    -0.34167     0.93982     0.00000
    -0.93982    -0.34167     0.00000
     0.00000     0.00000     1.00000
           0           2           6           3
     5.09565     0.59341    -2.77186
    -0.34167     0.93982     0.00000
    -0.93982    -0.34167     0.00000
     0.00000     0.00000     1.00000
           0           2           6           4
     5.09565     0.59341    -8.46386
    -0.34167     0.93982     0.00000
    -0.93982    -0.34167     0.00000
     0.00000     0.00000     1.00000
           0           2           7           1
     4.88023     1.80576     8.62309
    -0.55308     0.83313     0.00000
    -0.83313    -0.55308     0.00000
     0.00000     0.00000     1.00000
           0           2           7           2
     4.88023     1.80576     2.93109
    -0.55308     0.83313     0.00000
    -0.83313    -0.55308     0.00000
     0.00000     0.00000     1.00000
           0           2           7           3
     4.88023     1.80576    -2.76091
    -0.55308     0.83313     0.00000
    -0.83313    -0.55308     0.00000
     0.00000     0.00000     1.00000
           0           2           7           4
     4.88023     1.80576    -8.45291
    -0.55308     0.83313     0.00000
    -0.83313    -0.55308     0.00000
     0.00000     0.00000     1.00000
           0           2           8           1
     4.29976     2.87985     8.62372
    -0.73348     0.67971     0.00000
    -0.67971    -0.73348     0.00000
     0.00000     0.00000     1.00000
           0           2           8           2
     4.29976     2.87985     2.93172
    -0.73348     0.67971     0.00000
    -0.67971    -0.73348     0.00000
     0.00000     0.00000     1.00000
           0           2           8           3
     4.29976     2.87985    -2.76028
    -0.73348     0.67971     0.00000
    -0.67971    -0.73348     0.00000
     0.00000     0.00000     1.00000
           0           2           8           4
     4.29976     2.87985    -8.45228
    -0.73348     0.67971     0.00000
    -0.67971    -0.73348     0.00000
     0.00000     0.00000     1.00000
           0           2           9           1
     3.47283     3.78530     8.60786
    -0.87274     0.48818     0.00000
    -0.48818    -0.87274     0.00000
     0.00000     0.00000     1.00000
           0           2           9           2
     3.47283     3.78530     2.91586
    -0.87274     0.48818     0.00000
    -0.48818    -0.87274     0.00000
     0.00000     0.00000     1.00000
           0           2           9           3
     3.47283     3.78530    -2.77614
    -0.87274     0.48818     0.00000
    -0.48818    -0.87274     0.00000
     0.00000     0.00000     1.00000
           0           2           9           4
     3.47283     3.78530    -8.46814
    -0.87274     0.48818     0.00000
    -0.48818    -0.87274     0.00000
     0.00000     0.00000     1.00000
           0           2          10           1
     2.47391     4.48344     8.60477
    -0.96307     0.26926     0.00000
    -0.26926    -0.96307     0.00000
     0.00000     0.00000     1.00000
           0           2          10           2
     2.47391     4.48344     2.91277
    -0.96307     0.26926     0.00000
    -0.26926    -0.96307     0.00000
     0.00000     0.00000     1.00000
           0           2          10           3
     2.47391     4.48344    -2.77923
    -0.96307     0.26926     0.00000
    -0.26926    -0.96307     0.00000
     0.00000     0.00000     1.00000
           0           2          10           4
     2.47391     4.48344    -8.47123
    -0.96307     0.26926     0.00000
    -0.26926    -0.96307     0.00000
     0.00000     0.00000     1.00000
           0           2          11           1
    -2.46063     4.49273    -8.53005
     0.96342     0.26798     0.00000
     0.26798    -0.96342     0.00000
     0.00000    -0.00000    -1.00000
           0           2          11           2
    -2.46063     4.49273    -2.83805
     0.96342     0.26798     0.00000
     0.26798    -0.96342     0.00000
     0.00000    -0.00000    -1.00000
           0           2          11           3
    -2.46063     4.49273     2.85395
     0.96342     0.26798     0.00000
     0.26798    -0.96342     0.00000
     0.00000    -0.00000    -1.00000
           0           2          11           4
    -2.46063     4.49273     8.54595
     0.96342     0.26798     0.00000
     0.26798    -0.96342     0.00000
     0.00000    -0.00000    -1.00000
           0           2          12           1
    -3.45240     3.78311    -8.53525
     0.87339     0.48702     0.00000
     0.48702    -0.87339     0.00000
     0.00000    -0.00000    -1.00000
           0           2          12           2
    -3.45240     3.78311    -2.84325
     0.87339     0.48702     0.00000
     0.48702    -0.87339     0.00000
     0.00000    -0.00000    -1.00000
           0           2          12           3
    -3.45240     3.78311     2.84875
     0.87339     0.48702     0.00000
     0.48702    -0.87339     0.00000
     0.00000    -0.00000    -1.00000
           0           2          12           4
    -3.45240     3.78311     8.54075
     0.87339     0.48702     0.00000
     0.48702    -0.87339     0.00000
     0.00000    -0.00000    -1.00000
           0           2          13           1
    -4.27674     2.88706    -8.53296
     0.73438     0.67874     0.00000
     0.67874    -0.73438     0.00000
     0.00000    -0.00000    -1.00000
           0           2          13           2
    -4.27674     2.88706    -2.84096
     0.73438     0.67874     0.00000
     0.67874    -0.73438     0.00000
     0.00000    -0.00000    -1.00000
           0           2          13           3
    -4.27674     2.88706     2.85104
     0.73438     0.67874     0.00000
     0.67874    -0.73438     0.00000
     0.00000    -0.00000    -1.00000
           0           2          13           4
    -4.27674     2.88706     8.54304
     0.73438     0.67874     0.00000
     0.67874    -0.73438     0.00000
     0.00000    -0.00000    -1.00000
           0           2          14           1
    -4.82803     1.79634    -8.53957
     0.55419     0.83239    -0.00000
     0.83239    -0.55419    -0.00000
    -0.00000     0.00000    -1.00000
           0           2          14           2
    -4.82803     1.79634    -2.84757
     0.55419     0.83239    -0.00000
     0.83239    -0.55419    -0.00000
    -0.00000     0.00000    -1.00000
           0           2          14           3
    -4.82803     1.79634     2.84443
     0.55419     0.83239    -0.00000
     0.83239    -0.55419    -0.00000
    -0.00000     0.00000    -1.00000
           0           2          14           4
    -4.82803     1.79634     8.53643
     0.55419     0.83239    -0.00000
     0.83239    -0.55419    -0.00000
    -0.00000     0.00000    -1.00000
           0           2          15           1
    -5.14715     0.61622    -8.53144
     0.34291     0.93937    -0.00000
     0.93937    -0.34291    -0.00000
    -0.00000     0.00000    -1.00000
           0           2          15           2
    -5.14715     0.61622    -2.83944
     0.34291     0.93937    -0.00000
     0.93937    -0.34291    -0.00000
    -0.00000     0.00000    -1.00000
           0           2          15           3
    -5.14715     0.61622     2.85256
     0.34291     0.93937    -0.00000
     0.93937    -0.34291    -0.00000
    -0.00000     0.00000    -1.00000
           0           2          15           4
    -5.14715     0.61622     8.54456
     0.34291     0.93937    -0.00000
     0.93937    -0.34291    -0.00000
    -0.00000     0.00000    -1.00000
           0           2          16           1
    -5.14317    -0.60719    -8.52705
     0.11242     0.99366    -0.00000
     0.99366    -0.11242    -0.00000
    -0.00000     0.00000    -1.00000
           0           2          16           2
    -5.14317    -0.60719    -2.83505
     0.11242     0.99366    -0.00000
     0.99366    -0.11242    -0.00000
    -0.00000     0.00000    -1.00000
           0           2          16           3
    -5.14317    -0.60719     2.85695
     0.11242     0.99366    -0.00000
     0.99366    -0.11242    -0.00000
    -0.00000     0.00000    -1.00000
           0           2          16           4
    -5.14317    -0.60719     8.54895
     0.11242     0.99366    -0.00000
     0.99366    -0.11242    -0.00000
    -0.00000     0.00000    -1.00000
           0           2          17           1
    -4.84207    -1.79122    -8.53412
    -0.12439     0.99223    -0.00000
     0.99223     0.12439    -0.00000
    -0.00000    -0.00000    -1.00000
           0           2          17           2
    -4.84207    -1.79122    -2.84212
    -0.12439     0.99223    -0.00000
     0.99223     0.12439    -0.00000
    -0.00000    -0.00000    -1.00000
           0           2          17           3
    -4.84207    -1.79122     2.84988
    -0.12439     0.99223    -0.00000
     0.99223     0.12439    -0.00000
    -0.00000    -0.00000    -1.00000
           0           2          17           4
    -4.84207    -1.79122     8.54188
    -0.12439     0.99223    -0.00000
     0.99223     0.12439    -0.00000
    -0.00000    -0.00000    -1.00000
           0           2          18           1
    -4.30455    -2.88968    -8.53941
    -0.35422     0.93516    -0.00000
     0.93516     0.35422    -0.00000
    -0.00000    -0.00000    -1.00000
           0           2          18           2
    -4.30455    -2.88968    -2.84741
    -0.35422     0.93516    -0.00000
     0.93516     0.35422    -0.00000
    -0.00000    -0.00000    -1.00000
           0           2          18           3
    -4.30455    -2.88968     2.84459
    -0.35422     0.93516    -0.00000
     0.93516     0.35422    -0.00000
    -0.00000    -0.00000    -1.00000
           0           2          18           4
    -4.30455    -2.88968     8.53659
    -0.35422     0.93516    -0.00000
     0.93516     0.35422    -0.00000
    -0.00000    -0.00000    -1.00000
           0           2          19           1
    -3.50876    -3.81925    -8.53948
    -0.56419     0.82564    -0.00000
     0.82564     0.56419    -0.00000
    -0.00000    -0.00000    -1.00000
           0           2          19           2
    -3.50876    -3.81925    -2.84748
    -0.56419     0.82564    -0.00000
     0.82564     0.56419    -0.00000
    -0.00000    -0.00000    -1.00000
           0           2          19           3
    -3.50876    -3.81925     2.84452
    -0.56419     0.82564    -0.00000
     0.82564     0.56419    -0.00000
    -0.00000    -0.00000    -1.00000
           0           2          19           4
    -3.50876    -3.81925     8.53652
    -0.56419     0.82564    -0.00000
     0.82564     0.56419    -0.00000
    -0.00000    -0.00000    -1.00000
           0           2          20           1
    -2.52734    -4.54173    -8.54051
    -0.74251     0.66983    -0.00000
     0.66983     0.74251    -0.00000
    -0.00000    -0.00000    -1.00000
           0           2          20           2
    -2.52734    -4.54173    -2.84851
    -0.74251     0.66983    -0.00000
     0.66983     0.74251    -0.00000
    -0.00000    -0.00000    -1.00000
           0           2          20           3
    -2.52734    -4.54173     2.84349
    -0.74251     0.66983    -0.00000
     0.66983     0.74251    -0.00000
    -0.00000    -0.00000    -1.00000
           0           2          20           4
    -2.52734    -4.54173     8.53549
    -0.74251     0.66983    -0.00000
     0.66983     0.74251    -0.00000
    -0.00000    -0.00000    -1.00000
           0           3           1           1
     5.63875   -10.31966    12.73327
    -0.87816    -0.47837    -0.00000
    -0.47837     0.87816    -0.00000
     0.00000    -0.00000    -1.00000
           0           3           1           2
     5.63875   -10.31966     6.35787
    -0.87816    -0.47837    -0.00000
    -0.47837     0.87816    -0.00000
     0.00000    -0.00000    -1.00000
           0           3           1           3
     5.63875   -10.31966    -0.01753
    -0.87816    -0.47837    -0.00000
    -0.47837     0.87816    -0.00000
     0.00000    -0.00000    -1.00000
           0           3           1           4
     5.63875   -10.31966    -6.39293
    -0.87816    -0.47837    -0.00000
    -0.47837     0.87816    -0.00000
     0.00000    -0.00000    -1.00000
           0           3           1           5
     5.63875   -10.31966   -12.76833
    -0.87816    -0.47837    -0.00000
    -0.47837     0.87816    -0.00000
     0.00000    -0.00000    -1.00000
           0           3           2           1
     7.54747    -7.13535    12.72051
    -0.68687    -0.72678     0.00000
    -0.72678     0.68687     0.00000
    -0.00000     0.00000    -1.00000
           0           3           2           2
     7.54747    -7.13535     6.34511
    -0.68687    -0.72678     0.00000
    -0.72678     0.68687     0.00000
    -0.00000     0.00000    -1.00000
           0           3           2           3
     7.54747    -7.13535    -0.03029
    -0.68687    -0.72678     0.00000
    -0.72678     0.68687     0.00000
    -0.00000     0.00000    -1.00000
           0           3           2           4
     7.54747    -7.13535    -6.40569
    -0.68687    -0.72678     0.00000
    -0.72678     0.68687     0.00000
    -0.00000     0.00000    -1.00000
           0           3           2           5
     7.54747    -7.13535   -12.78109
    -0.68687    -0.72678     0.00000
    -0.72678     0.68687     0.00000
    -0.00000     0.00000    -1.00000
           0           3           3           1
    11.46111    -5.63411    12.72949
    -0.44182    -0.89710     0.00000
    -0.89710     0.44182     0.00000
    -0.00000     0.00000    -1.00000
           0           3           3           2
    11.46111    -5.63411     6.35409
    -0.44182    -0.89710     0.00000
    -0.89710     0.44182     0.00000
    -0.00000     0.00000    -1.00000
           0           3           3           3
    11.46111    -5.63411    -0.02131
    -0.44182    -0.89710     0.00000
    -0.89710     0.44182     0.00000
    -0.00000     0.00000    -1.00000
           0           3           3           4
    11.46111    -5.63411    -6.39671
    -0.44182    -0.89710     0.00000
    -0.89710     0.44182     0.00000
    -0.00000     0.00000    -1.00000
           0           3           3           5
    11.46111    -5.63411   -12.77211
    -0.44182    -0.89710     0.00000
    -0.89710     0.44182     0.00000
    -0.00000     0.00000    -1.00000
           0           3           4           1
    11.55702    -2.06300    12.73058
    -0.17642    -0.98431     0.00000
    -0.98431     0.17642     0.00000
    -0.00000     0.00000    -1.00000
           0           3           4           2
    11.55702    -2.06300     6.35518
    -0.17642    -0.98431     0.00000
    -0.98431     0.17642     0.00000
    -0.00000     0.00000    -1.00000
           0           3           4           3
    11.55702    -2.06300    -0.02022
    -0.17642    -0.98431     0.00000
    -0.98431     0.17642     0.00000
    -0.00000     0.00000    -1.00000
           0           3           4           4
    11.55702    -2.06300    -6.39562
    -0.17642    -0.98431     0.00000
    -0.98431     0.17642     0.00000
    -0.00000     0.00000    -1.00000
           0           3           4           5
    11.55702    -2.06300   -12.77102
    -0.17642    -0.98431     0.00000
    -0.98431     0.17642     0.00000
    -0.00000     0.00000    -1.00000
           0           3           5           1
    10.15059     1.39964    12.73155
     0.13705    -0.99056     0.00000
    -0.99056    -0.13705     0.00000
    -0.00000    -0.00000    -1.00000
           0           3           5           2
    10.15059     1.39964     6.35615
     0.13705    -0.99056     0.00000
    -0.99056    -0.13705     0.00000
    -0.00000    -0.00000    -1.00000
           0           3           5           3
    10.15059     1.39964    -0.01925
     0.13705    -0.99056     0.00000
    -0.99056    -0.13705     0.00000
    -0.00000    -0.00000    -1.00000
           0           3           5           4
    10.15059     1.39964    -6.39465
     0.13705    -0.99056     0.00000
    -0.99056    -0.13705     0.00000
    -0.00000    -0.00000    -1.00000
           0           3           5           5
    10.15059     1.39964   -12.77005
     0.13705    -0.99056     0.00000
    -0.99056    -0.13705     0.00000
    -0.00000    -0.00000    -1.00000
           0           3           6           1
    11.70268     5.46192    12.72759
     0.42325    -0.90601     0.00000
    -0.90601    -0.42325     0.00000
    -0.00000    -0.00000    -1.00000
           0           3           6           2
    11.70268     5.46192     6.35219
     0.42325    -0.90601     0.00000
    -0.90601    -0.42325     0.00000
    -0.00000    -0.00000    -1.00000
           0           3           6           3
    11.70268     5.46192    -0.02321
     0.42325    -0.90601     0.00000
    -0.90601    -0.42325     0.00000
    -0.00000    -0.00000    -1.00000
           0           3           6           4
    11.70268     5.46192    -6.39861
     0.42325    -0.90601     0.00000
    -0.90601    -0.42325     0.00000
    -0.00000    -0.00000    -1.00000
           0           3           6           5
    11.70268     5.46192   -12.77401
     0.42325    -0.90601     0.00000
    -0.90601    -0.42325     0.00000
    -0.00000    -0.00000    -1.00000
           0           3           7           1
     8.82838     7.67550    12.73155
     0.65736    -0.75357     0.00000
    -0.75357    -0.65736     0.00000
    -0.00000    -0.00000    -1.00000
           0           3           7           2
     8.82838     7.67550     6.35615
     0.65736    -0.75357     0.00000
    -0.75357    -0.65736     0.00000
    -0.00000    -0.00000    -1.00000
           0           3           7           3
     8.82838     7.67550    -0.01925
     0.65736    -0.75357     0.00000
    -0.75357    -0.65736     0.00000
    -0.00000    -0.00000    -1.00000
           0           3           7           4
     8.82838     7.67550    -6.39465
     0.65736    -0.75357     0.00000
    -0.75357    -0.65736     0.00000
    -0.00000    -0.00000    -1.00000
           0           3           7           5
     8.82838     7.67550   -12.77005
     0.65736    -0.75357     0.00000
    -0.75357    -0.65736     0.00000
    -0.00000    -0.00000    -1.00000
           0           3           8           1
     5.30036     8.85773    12.73661
     0.85840    -0.51298     0.00000
    -0.51298    -0.85840     0.00000
    -0.00000    -0.00000    -1.00000
           0           3           8           2
     5.30036     8.85773     6.36121
     0.85840    -0.51298     0.00000
    -0.51298    -0.85840     0.00000
    -0.00000    -0.00000    -1.00000
           0           3           8           3
     5.30036     8.85773    -0.01419
     0.85840    -0.51298     0.00000
    -0.51298    -0.85840     0.00000
    -0.00000    -0.00000    -1.00000
           0           3           8           4
     5.30036     8.85773    -6.38959
     0.85840    -0.51298     0.00000
    -0.51298    -0.85840     0.00000
    -0.00000    -0.00000    -1.00000
           0           3           8           5
     5.30036     8.85773   -12.76499
     0.85840    -0.51298     0.00000
    -0.51298    -0.85840     0.00000
    -0.00000    -0.00000    -1.00000
           0           3           9           1
    -5.30919     8.89936   -12.72960
    -0.85809    -0.51350    -0.00000
     0.51350    -0.85809    -0.00000
     0.00000     0.00000     1.00000
           0           3           9           2
    -5.30919     8.89936    -6.35420
    -0.85809    -0.51350    -0.00000
     0.51350    -0.85809    -0.00000
     0.00000     0.00000     1.00000
           0           3           9           3
    -5.30919     8.89936     0.02120
    -0.85809    -0.51350    -0.00000
     0.51350    -0.85809    -0.00000
     0.00000     0.00000     1.00000
           0           3           9           4
    -5.30919     8.89936     6.39660
    -0.85809    -0.51350    -0.00000
     0.51350    -0.85809    -0.00000
     0.00000     0.00000     1.00000
           0           3           9           5
    -5.30919     8.89936    12.77200
    -0.85809    -0.51350    -0.00000
     0.51350    -0.85809    -0.00000
     0.00000     0.00000     1.00000
           0           3          10           1
    -8.82421     7.72630   -12.73066
    -0.65696    -0.75392    -0.00000
     0.75392    -0.65696    -0.00000
     0.00000     0.00000     1.00000
           0           3          10           2
    -8.82421     7.72630    -6.35526
    -0.65696    -0.75392    -0.00000
     0.75392    -0.65696    -0.00000
     0.00000     0.00000     1.00000
           0           3          10           3
    -8.82421     7.72630     0.02014
    -0.65696    -0.75392    -0.00000
     0.75392    -0.65696    -0.00000
     0.00000     0.00000     1.00000
           0           3          10           4
    -8.82421     7.72630     6.39554
    -0.65696    -0.75392    -0.00000
     0.75392    -0.65696    -0.00000
     0.00000     0.00000     1.00000
           0           3          10           5
    -8.82421     7.72630    12.77094
    -0.65696    -0.75392    -0.00000
     0.75392    -0.65696    -0.00000
     0.00000     0.00000     1.00000
           0           3          11           1
   -11.58159     5.43589   -12.72552
    -0.42281    -0.90622    -0.00000
     0.90622    -0.42281    -0.00000
     0.00000     0.00000     1.00000
           0           3          11           2
   -11.58159     5.43589    -6.35012
    -0.42281    -0.90622    -0.00000
     0.90622    -0.42281    -0.00000
     0.00000     0.00000     1.00000
           0           3          11           3
   -11.58159     5.43589     0.02528
    -0.42281    -0.90622    -0.00000
     0.90622    -0.42281    -0.00000
     0.00000     0.00000     1.00000
           0           3          11           4
   -11.58159     5.43589     6.40068
    -0.42281    -0.90622    -0.00000
     0.90622    -0.42281    -0.00000
     0.00000     0.00000     1.00000
           0           3          11           5
   -11.58159     5.43589    12.77608
    -0.42281    -0.90622    -0.00000
     0.90622    -0.42281    -0.00000
     0.00000     0.00000     1.00000
           0           3          12           1
   -10.22694     1.42399   -12.71306
    -0.13645    -0.99065    -0.00000
     0.99065    -0.13645    -0.00000
     0.00000     0.00000     1.00000
           0           3          12           2
   -10.22694     1.42399    -6.33766
    -0.13645    -0.99065    -0.00000
     0.99065    -0.13645    -0.00000
     0.00000     0.00000     1.00000
           0           3          12           3
   -10.22694     1.42399     0.03774
    -0.13645    -0.99065    -0.00000
     0.99065    -0.13645    -0.00000
     0.00000     0.00000     1.00000
           0           3          12           4
   -10.22694     1.42399     6.41314
    -0.13645    -0.99065    -0.00000
     0.99065    -0.13645    -0.00000
     0.00000     0.00000     1.00000
           0           3          12           5
   -10.22694     1.42399    12.78854
    -0.13645    -0.99065    -0.00000
     0.99065    -0.13645    -0.00000
     0.00000     0.00000     1.00000
           0           3          13           1
   -11.50490    -2.03777   -12.69656
     0.17694    -0.98422    -0.00000
     0.98422     0.17694    -0.00000
     0.00000     0.00000     1.00000
           0           3          13           2
   -11.50490    -2.03777    -6.32116
     0.17694    -0.98422    -0.00000
     0.98422     0.17694    -0.00000
     0.00000     0.00000     1.00000
           0           3          13           3
   -11.50490    -2.03777     0.05424
     0.17694    -0.98422    -0.00000
     0.98422     0.17694    -0.00000
     0.00000     0.00000     1.00000
           0           3          13           4
   -11.50490    -2.03777     6.42964
     0.17694    -0.98422    -0.00000
     0.98422     0.17694    -0.00000
     0.00000     0.00000     1.00000
           0           3          13           5
   -11.50490    -2.03777    12.80504
     0.17694    -0.98422    -0.00000
     0.98422     0.17694    -0.00000
     0.00000     0.00000     1.00000
           0           3          14           1
   -11.49004    -5.63910   -12.75077
     0.44226    -0.89689    -0.00000
     0.89689     0.44226    -0.00000
     0.00000     0.00000     1.00000
           0           3          14           2
   -11.49004    -5.63910    -6.37537
     0.44226    -0.89689    -0.00000
     0.89689     0.44226    -0.00000
     0.00000     0.00000     1.00000
           0           3          14           3
   -11.49004    -5.63910     0.00003
     0.44226    -0.89689    -0.00000
     0.89689     0.44226    -0.00000
     0.00000     0.00000     1.00000
           0           3          14           4
   -11.49004    -5.63910     6.37543
     0.44226    -0.89689    -0.00000
     0.89689     0.44226    -0.00000
     0.00000     0.00000     1.00000
           0           3          14           5
   -11.49004    -5.63910    12.75083
     0.44226    -0.89689    -0.00000
     0.89689     0.44226    -0.00000
     0.00000     0.00000     1.00000
           0           3          15           1
    -7.47396    -7.05853   -12.73031
     0.68731    -0.72636    -0.00000
     0.72636     0.68731    -0.00000
     0.00000     0.00000     1.00000
           0           3          15           2
    -7.47396    -7.05853    -6.35491
     0.68731    -0.72636    -0.00000
     0.72636     0.68731    -0.00000
     0.00000     0.00000     1.00000
           0           3          15           3
    -7.47396    -7.05853     0.02049
     0.68731    -0.72636    -0.00000
     0.72636     0.68731    -0.00000
     0.00000     0.00000     1.00000
           0           3          15           4
    -7.47396    -7.05853     6.39589
     0.68731    -0.72636    -0.00000
     0.72636     0.68731    -0.00000
     0.00000     0.00000     1.00000
           0           3          15           5
    -7.47396    -7.05853    12.77129
     0.68731    -0.72636    -0.00000
     0.72636     0.68731    -0.00000
     0.00000     0.00000     1.00000
           0           3          16           1
    -5.68077   -10.37080   -12.71477
     0.87842    -0.47789    -0.00000
     0.47789     0.87842    -0.00000
     0.00000     0.00000     1.00000
           0           3          16           2
    -5.68077   -10.37080    -6.33937
     0.87842    -0.47789    -0.00000
     0.47789     0.87842    -0.00000
     0.00000     0.00000     1.00000
           0           3          16           3
