 SVX cage parameters:
     2.20000
     0.50000     0.20000
     0.00000
           6
   -40.00000   -26.50000   -26.50000    26.50000    26.50000    40.00000
    53.00000    53.00000    22.14782    22.14782    53.00000    53.00000
     0.00000     0.00000     0.00000
 SVX barrel parameters:
           4
     2.63000     5.19260    11.76500    16.68700     1.14100
     0.00000     0.00000     0.00000     0.00000
           4           4           5           6
     0.69600     0.69600     1.74500     1.74500
     0.01000     0.01000     0.03125     0.03125
     2.83600     2.83600     3.18770     3.18770
     0.01900     0.01900     0.00000     0.00000
     0.02000     0.02000     0.00000     0.00000
    26.70000    13.62600    17.00000    12.00000
   -13.00000   -12.98000     0.00000     0.00000
           2
           5           5
     0.00000   180.00000
           2
          10          10
     0.00000   180.00000
           2
           8           8
     0.00000   180.00000
           2
          12          12
     0.00000   180.00000
 SVX barrel sensor rotation matrices and translation vectors:
           0           1           1           1
     1.58600    -2.13148     8.68372
     0.63958     0.76872    -0.00000
    -0.76872     0.63958    -0.00033
    -0.00025     0.00021     1.00000
           0           1           1           2
     1.59221    -2.12697     2.99173
     0.63958     0.76872    -0.00000
    -0.76872     0.63958    -0.00033
    -0.00025     0.00021     1.00000
           0           1           1           3
     1.59842    -2.12247    -2.70027
     0.63958     0.76872    -0.00000
    -0.76872     0.63958    -0.00033
    -0.00025     0.00021     1.00000
           0           1           1           4
     1.60462    -2.11796    -8.39226
     0.63958     0.76872    -0.00000
    -0.76872     0.63958    -0.00033
    -0.00025     0.00021     1.00000
           0           1           2           1
     2.33153    -1.17924     8.68668
     0.22534     0.97428    -0.00000
    -0.97428     0.22534    -0.00088
    -0.00086     0.00020     1.00000
           0           1           2           2
     2.33773    -1.17473     2.99470
     0.22534     0.97428    -0.00000
    -0.97428     0.22534    -0.00088
    -0.00086     0.00020     1.00000
           0           1           2           3
     2.34393    -1.17023    -2.69730
     0.22534     0.97428    -0.00000
    -0.97428     0.22534    -0.00088
    -0.00086     0.00020     1.00000
           0           1           2           4
     2.35014    -1.16572    -8.38930
     0.22534     0.97428    -0.00000
    -0.97428     0.22534    -0.00088
    -0.00086     0.00020     1.00000
           0           1           3           1
     2.60295    -0.00858     8.68167
    -0.23594     0.97177    -0.00000
    -0.97177    -0.23594    -0.00125
    -0.00121    -0.00029     1.00000
           0           1           3           2
     2.60915    -0.00408     2.98967
    -0.23594     0.97177    -0.00000
    -0.97177    -0.23594    -0.00125
    -0.00121    -0.00029     1.00000
           0           1           3           3
     2.61536     0.00043    -2.70232
    -0.23594     0.97177    -0.00000
    -0.97177    -0.23594    -0.00125
    -0.00121    -0.00029     1.00000
           0           1           3           4
     2.62156     0.00493    -8.39432
    -0.23594     0.97177    -0.00000
    -0.97177    -0.23594    -0.00125
    -0.00121    -0.00029     1.00000
           0           1           4           1
     2.33646     1.17343     8.68619
    -0.64739     0.76216    -0.00000
    -0.76216    -0.64739    -0.00134
    -0.00102    -0.00087     1.00000
           0           1           4           2
     2.34267     1.17794     2.99420
    -0.64739     0.76216    -0.00000
    -0.76216    -0.64739    -0.00134
    -0.00102    -0.00087     1.00000
           0           1           4           3
     2.34887     1.18244    -2.69780
    -0.64739     0.76216    -0.00000
    -0.76216    -0.64739    -0.00134
    -0.00102    -0.00087     1.00000
           0           1           4           4
     2.35508     1.18695    -8.38979
    -0.64739     0.76216    -0.00000
    -0.76216    -0.64739    -0.00134
    -0.00102    -0.00087     1.00000
           0           1           5           1
     1.53662     2.08448     8.67243
    -0.92059     0.39054    -0.00000
    -0.39054    -0.92059    -0.00115
    -0.00045    -0.00106     1.00000
           0           1           5           2
     1.54283     2.08898     2.98044
    -0.92059     0.39054    -0.00000
    -0.39054    -0.92059    -0.00115
    -0.00045    -0.00106     1.00000
           0           1           5           3
     1.54903     2.09349    -2.71156
    -0.92059     0.39054    -0.00000
    -0.39054    -0.92059    -0.00115
    -0.00045    -0.00106     1.00000
           0           1           5           4
     1.55524     2.09799    -8.40355
    -0.92059     0.39054    -0.00000
    -0.39054    -0.92059    -0.00115
    -0.00045    -0.00106     1.00000
           0           1           6           1
    -1.54788     2.08403    -8.53744
     0.92073     0.39020    -0.00000
     0.39020    -0.92073    -0.00089
    -0.00035     0.00082    -1.00000
           0           1           6           2
    -1.54499     2.07974    -2.84543
     0.92073     0.39020    -0.00000
     0.39020    -0.92073    -0.00089
    -0.00035     0.00082    -1.00000
           0           1           6           3
    -1.54211     2.07546     2.84657
     0.92073     0.39020    -0.00000
     0.39020    -0.92073    -0.00089
    -0.00035     0.00082    -1.00000
           0           1           6           4
    -1.53923     2.07117     8.53856
     0.92073     0.39021    -0.00000
     0.39021    -0.92073    -0.00089
    -0.00035     0.00082    -1.00000
           0           1           7           1
    -2.33359     1.17611    -8.53555
     0.64841     0.76129    -0.00000
     0.76129    -0.64841    -0.00087
    -0.00066     0.00056    -1.00000
           0           1           7           2
    -2.33070     1.17185    -2.84355
     0.64841     0.76129    -0.00000
     0.76129    -0.64841    -0.00087
    -0.00066     0.00056    -1.00000
           0           1           7           3
    -2.32781     1.16758     2.84845
     0.64841     0.76129    -0.00000
     0.76129    -0.64841    -0.00087
    -0.00066     0.00056    -1.00000
           0           1           7           4
    -2.32492     1.16333     8.54044
     0.64842     0.76129    -0.00000
     0.76129    -0.64842    -0.00087
    -0.00066     0.00056    -1.00000
           0           1           8           1
    -2.62927     0.01166    -8.54823
     0.23674     0.97157    -0.00000
     0.97157    -0.23674    -0.00067
    -0.00065     0.00016    -1.00000
           0           1           8           2
    -2.62639     0.00743    -2.85624
     0.23674     0.97157    -0.00000
     0.97157    -0.23674    -0.00067
    -0.00065     0.00016    -1.00000
           0           1           8           3
    -2.62351     0.00319     2.83577
     0.23674     0.97157    -0.00000
     0.97157    -0.23674    -0.00067
    -0.00065     0.00016    -1.00000
           0           1           8           4
    -2.62063    -0.00104     8.52777
     0.23674     0.97157    -0.00000
     0.97157    -0.23674    -0.00067
    -0.00065     0.00016    -1.00000
           0           1           9           1
    -2.36020    -1.16509    -8.53415
    -0.22522     0.97431    -0.00000
     0.97431     0.22522    -0.00032
    -0.00031    -0.00007    -1.00000
           0           1           9           2
    -2.35734    -1.16932    -2.84215
    -0.22522     0.97431    -0.00000
     0.97431     0.22522    -0.00032
    -0.00031    -0.00007    -1.00000
           0           1           9           3
    -2.35448    -1.17357     2.84984
    -0.22522     0.97431    -0.00000
     0.97431     0.22522    -0.00032
    -0.00031    -0.00007    -1.00000
           0           1           9           4
    -2.35163    -1.17780     8.54183
    -0.22522     0.97431    -0.00000
     0.97431     0.22522    -0.00032
    -0.00031    -0.00007    -1.00000
           0           1          10           1
    -1.62113    -2.11282    -8.53545
    -0.63844     0.76967     0.00000
     0.76967     0.63844     0.00009
     0.00007     0.00006    -1.00000
           0           1          10           2
    -1.61829    -2.11708    -2.84345
    -0.63844     0.76967     0.00000
     0.76967     0.63844     0.00009
     0.00007     0.00006    -1.00000
           0           1          10           3
    -1.61545    -2.12134     2.84854
    -0.63844     0.76967     0.00000
     0.76967     0.63844     0.00009
     0.00007     0.00006    -1.00000
           0           1          10           4
    -1.61261    -2.12560     8.54053
    -0.63844     0.76967     0.00000
     0.76967     0.63844     0.00009
     0.00007     0.00006    -1.00000
           0           2           1           1
     2.50943    -4.54876     8.68366
     0.74573     0.66625    -0.00000
    -0.66625     0.74573    -0.00014
    -0.00009     0.00010     1.00000
           0           2           1           2
     2.51564    -4.54425     2.99167
     0.74573     0.66625    -0.00000
    -0.66625     0.74573    -0.00014
    -0.00009     0.00010     1.00000
           0           2           1           3
     2.52185    -4.53974    -2.70033
     0.74573     0.66625    -0.00000
    -0.66625     0.74573    -0.00014
    -0.00009     0.00010     1.00000
           0           2           1           4
     2.52805    -4.53524    -8.39232
     0.74573     0.66625    -0.00000
    -0.66625     0.74573    -0.00014
    -0.00009     0.00010     1.00000
           0           2           2           1
     3.50156    -3.84170     8.69099
     0.56770     0.82323    -0.00000
    -0.82323     0.56770    -0.00045
    -0.00037     0.00026     1.00000
           0           2           2           2
     3.50777    -3.83719     2.99900
     0.56770     0.82323    -0.00000
    -0.82323     0.56770    -0.00045
    -0.00037     0.00026     1.00000
           0           2           2           3
     3.51397    -3.83268    -2.69300
     0.56770     0.82323    -0.00000
    -0.82323     0.56770    -0.00045
    -0.00037     0.00026     1.00000
           0           2           2           4
     3.52018    -3.82818    -8.38499
     0.56770     0.82323    -0.00000
    -0.82323     0.56770    -0.00045
    -0.00037     0.00026     1.00000
           0           2           3           1
     4.27874    -2.89810     8.68203
     0.35754     0.93390    -0.00000
    -0.93390     0.35754    -0.00073
    -0.00068     0.00026     1.00000
           0           2           3           2
     4.28494    -2.89359     2.99003
     0.35754     0.93390    -0.00000
    -0.93390     0.35754    -0.00073
    -0.00068     0.00026     1.00000
           0           2           3           3
     4.29114    -2.88909    -2.70196
     0.35754     0.93390    -0.00000
    -0.93390     0.35754    -0.00073
    -0.00068     0.00026     1.00000
           0           2           3           4
     4.29735    -2.88458    -8.39395
     0.35754     0.93390    -0.00000
    -0.93390     0.35754    -0.00073
    -0.00068     0.00026     1.00000
           0           2           4           1
     4.83322    -1.80856     8.68401
     0.12743     0.99185    -0.00000
    -0.99185     0.12743    -0.00098
    -0.00097     0.00012     1.00000
           0           2           4           2
     4.83941    -1.80406     2.99202
     0.12743     0.99185    -0.00000
    -0.99185     0.12743    -0.00098
    -0.00097     0.00012     1.00000
           0           2           4           3
     4.84562    -1.79955    -2.69998
     0.12743     0.99185    -0.00000
    -0.99185     0.12743    -0.00098
    -0.00097     0.00012     1.00000
           0           2           4           4
     4.85182    -1.79504    -8.39197
     0.12744     0.99185    -0.00000
    -0.99185     0.12744    -0.00098
    -0.00097     0.00012     1.00000
           0           2           5           1
     5.13788    -0.62442     8.68101
    -0.10960     0.99398    -0.00000
    -0.99398    -0.10960    -0.00117
    -0.00116    -0.00013     1.00000
           0           2           5           2
     5.14408    -0.61991     2.98901
    -0.10960     0.99398    -0.00000
    -0.99398    -0.10960    -0.00117
    -0.00116    -0.00013     1.00000
           0           2           5           3
     5.15029    -0.61540    -2.70298
    -0.10960     0.99398    -0.00000
    -0.99398    -0.10960    -0.00117
    -0.00116    -0.00013     1.00000
           0           2           5           4
     5.15649    -0.61090    -8.39498
    -0.10960     0.99398    -0.00000
    -0.99398    -0.10960    -0.00117
    -0.00116    -0.00013     1.00000
           0           2           6           1
     5.10643     0.59042     8.67472
    -0.34055     0.94023    -0.00000
    -0.94023    -0.34055    -0.00129
    -0.00121    -0.00044     1.00000
           0           2           6           2
     5.11263     0.59492     2.98273
    -0.34055     0.94023    -0.00000
    -0.94023    -0.34055    -0.00129
    -0.00121    -0.00044     1.00000
           0           2           6           3
     5.11884     0.59943    -2.70927
    -0.34055     0.94023    -0.00000
    -0.94023    -0.34055    -0.00129
    -0.00121    -0.00044     1.00000
           0           2           6           4
     5.12504     0.60393    -8.40126
    -0.34055     0.94023    -0.00000
    -0.94023    -0.34055    -0.00129
    -0.00121    -0.00044     1.00000
           0           2           7           1
     4.89177     1.80898     8.68530
    -0.55249     0.83352    -0.00000
    -0.83352    -0.55249    -0.00135
    -0.00113    -0.00075     1.00000
           0           2           7           2
     4.89797     1.81348     2.99331
    -0.55249     0.83352    -0.00000
    -0.83352    -0.55249    -0.00135
    -0.00113    -0.00075     1.00000
           0           2           7           3
     4.90418     1.81799    -2.69869
    -0.55249     0.83352    -0.00000
    -0.83352    -0.55249    -0.00135
    -0.00113    -0.00075     1.00000
           0           2           7           4
     4.91039     1.82250    -8.39068
    -0.55249     0.83352    -0.00000
    -0.83352    -0.55249    -0.00135
    -0.00113    -0.00075     1.00000
           0           2           8           1
     4.32255     2.89352     8.68398
    -0.73323     0.67998    -0.00000
    -0.67998    -0.73323    -0.00132
    -0.00090    -0.00097     1.00000
           0           2           8           2
     4.32875     2.89803     2.99199
    -0.73323     0.67998    -0.00000
    -0.67998    -0.73323    -0.00132
    -0.00090    -0.00097     1.00000
           0           2           8           3
     4.33496     2.90254    -2.70001
    -0.73323     0.67998    -0.00000
    -0.67998    -0.73323    -0.00132
    -0.00090    -0.00097     1.00000
           0           2           8           4
     4.34116     2.90704    -8.39200
    -0.73323     0.67998    -0.00000
    -0.67998    -0.73323    -0.00132
    -0.00090    -0.00097     1.00000
           0           2           9           1
     3.48983     3.80110     8.67433
    -0.87271     0.48824    -0.00000
    -0.48824    -0.87271    -0.00122
    -0.00060    -0.00106     1.00000
           0           2           9           2
     3.49604     3.80561     2.98234
    -0.87271     0.48824    -0.00000
    -0.48824    -0.87271    -0.00122
    -0.00060    -0.00106     1.00000
           0           2           9           3
     3.50225     3.81012    -2.70966
    -0.87271     0.48824    -0.00000
    -0.48824    -0.87271    -0.00122
    -0.00060    -0.00106     1.00000
           0           2           9           4
     3.50845     3.81462    -8.40165
    -0.87271     0.48824    -0.00000
    -0.48824    -0.87271    -0.00122
    -0.00060    -0.00106     1.00000
           0           2          10           1
     2.49726     4.52061     8.68362
    -0.96314     0.26899    -0.00000
    -0.26899    -0.96314    -0.00106
    -0.00029    -0.00102     1.00000
           0           2          10           2
     2.50347     4.52512     2.99162
    -0.96314     0.26899    -0.00000
    -0.26899    -0.96314    -0.00106
    -0.00029    -0.00102     1.00000
           0           2          10           3
     2.50968     4.52962    -2.70037
    -0.96315     0.26898    -0.00000
    -0.26898    -0.96314    -0.00106
    -0.00029    -0.00102     1.00000
           0           2          10           4
     2.51588     4.53413    -8.39237
    -0.96315     0.26898    -0.00000
    -0.26898    -0.96314    -0.00106
    -0.00029    -0.00102     1.00000
           0           2          11           1
    -2.49239     4.53486    -8.54887
     0.96365     0.26718    -0.00000
     0.26718    -0.96365    -0.00086
    -0.00023     0.00083    -1.00000
           0           2          11           2
    -2.48951     4.53058    -2.85687
     0.96365     0.26718    -0.00000
     0.26718    -0.96365    -0.00086
    -0.00023     0.00083    -1.00000
           0           2          11           3
    -2.48663     4.52629     2.83512
     0.96365     0.26718    -0.00000
     0.26718    -0.96365    -0.00086
    -0.00023     0.00083    -1.00000
           0           2          11           4
    -2.48375     4.52201     8.52712
     0.96365     0.26718    -0.00000
     0.26718    -0.96365    -0.00086
    -0.00023     0.00083    -1.00000
           0           2          12           1
    -3.51136     3.84369    -8.54051
     0.87388     0.48615    -0.00000
     0.48615    -0.87388    -0.00090
    -0.00044     0.00079    -1.00000
           0           2          12           2
    -3.50848     3.83941    -2.84852
     0.87388     0.48615    -0.00000
     0.48615    -0.87388    -0.00090
    -0.00044     0.00079    -1.00000
           0           2          12           3
    -3.50560     3.83512     2.84348
     0.87388     0.48615    -0.00000
     0.48615    -0.87388    -0.00090
    -0.00044     0.00079    -1.00000
           0           2          12           4
    -3.50272     3.83084     8.53547
     0.87388     0.48615    -0.00000
     0.48615    -0.87388    -0.00090
    -0.00044     0.00079    -1.00000
           0           2          13           1
    -4.30697     2.90725    -8.54619
     0.73494     0.67813    -0.00000
     0.67813    -0.73494    -0.00090
    -0.00061     0.00066    -1.00000
           0           2          13           2
    -4.30410     2.90297    -2.85418
     0.73495     0.67813    -0.00000
     0.67813    -0.73495    -0.00090
    -0.00061     0.00066    -1.00000
           0           2          13           3
    -4.30122     2.89868     2.83782
     0.73495     0.67813    -0.00000
     0.67813    -0.73495    -0.00090
    -0.00061     0.00066    -1.00000
           0           2          13           4
    -4.29834     2.89439     8.52981
     0.73495     0.67813    -0.00000
     0.67813    -0.73495    -0.00090
    -0.00061     0.00066    -1.00000
           0           2          14           1
    -4.87386     1.81938    -8.54214
     0.55465     0.83208    -0.00000
     0.83208    -0.55465    -0.00084
    -0.00070     0.00047    -1.00000
           0           2          14           2
    -4.87099     1.81507    -2.85014
     0.55465     0.83208    -0.00000
     0.83208    -0.55465    -0.00084
    -0.00070     0.00047    -1.00000
           0           2          14           3
    -4.86811     1.81078     2.84186
     0.55465     0.83208    -0.00000
     0.83208    -0.55465    -0.00084
    -0.00070     0.00047    -1.00000
           0           2          14           4
    -4.86524     1.80648     8.53385
     0.55465     0.83208    -0.00000
     0.83208    -0.55465    -0.00084
    -0.00070     0.00047    -1.00000
           0           2          15           1
    -5.19019     0.62872    -8.54380
     0.34242     0.93955    -0.00000
     0.93955    -0.34242    -0.00073
    -0.00069     0.00025    -1.00000
           0           2          15           2
    -5.18731     0.62443    -2.85179
     0.34242     0.93955    -0.00000
     0.93955    -0.34242    -0.00073
    -0.00069     0.00025    -1.00000
           0           2          15           3
    -5.18443     0.62013     2.84021
     0.34241     0.93955    -0.00000
     0.93955    -0.34241    -0.00073
    -0.00069     0.00025    -1.00000
           0           2          15           4
    -5.18155     0.61585     8.53220
     0.34241     0.93955    -0.00000
     0.93955    -0.34241    -0.00073
    -0.00069     0.00025    -1.00000
           0           2          16           1
    -5.15423    -0.59431    -8.53899
     0.11175     0.99374    -0.00000
     0.99374    -0.11175    -0.00059
    -0.00059     0.00007    -1.00000
           0           2          16           2
    -5.15136    -0.59859    -2.84699
     0.11175     0.99374    -0.00000
     0.99374    -0.11175    -0.00059
    -0.00059     0.00007    -1.00000
           0           2          16           3
    -5.14848    -0.60285     2.84501
     0.11175     0.99374    -0.00000
     0.99374    -0.11175    -0.00059
    -0.00059     0.00007    -1.00000
           0           2          16           4
    -5.14560    -0.60713     8.53700
     0.11175     0.99374    -0.00000
     0.99374    -0.11175    -0.00059
    -0.00059     0.00007    -1.00000
           0           2          17           1
    -4.87167    -1.78959    -8.54216
    -0.12605     0.99202    -0.00000
     0.99202     0.12605    -0.00041
    -0.00041    -0.00005    -1.00000
           0           2          17           2
    -4.86878    -1.79388    -2.85016
    -0.12605     0.99202    -0.00000
     0.99202     0.12605    -0.00041
    -0.00041    -0.00005    -1.00000
           0           2          17           3
    -4.86590    -1.79815     2.84183
    -0.12605     0.99202    -0.00000
     0.99202     0.12605    -0.00041
    -0.00041    -0.00005    -1.00000
           0           2          17           4
    -4.86302    -1.80244     8.53382
    -0.12605     0.99202    -0.00000
     0.99202     0.12605    -0.00041
    -0.00041    -0.00005    -1.00000
           0           2          18           1
    -4.33211    -2.88962    -8.54407
    -0.35593     0.93451    -0.00000
     0.93451     0.35593    -0.00020
    -0.00019    -0.00007    -1.00000
           0           2          18           2
    -4.32923    -2.89390    -2.85207
    -0.35593     0.93451    -0.00000
     0.93451     0.35593    -0.00020
    -0.00019    -0.00007    -1.00000
           0           2          18           3
    -4.32634    -2.89819     2.83993
    -0.35593     0.93451    -0.00000
     0.93451     0.35593    -0.00020
    -0.00019    -0.00007    -1.00000
           0           2          18           4
    -4.32346    -2.90247     8.53193
    -0.35593     0.93451    -0.00000
     0.93451     0.35593    -0.00020
    -0.00019    -0.00007    -1.00000
           0           2          19           1
    -3.55553    -3.83859    -8.53921
    -0.56588     0.82449     0.00000
     0.82449     0.56588     0.00001
     0.00001     0.00001    -1.00000
           0           2          19           2
    -3.55265    -3.84288    -2.84721
    -0.56588     0.82449     0.00000
     0.82449     0.56588     0.00001
     0.00001     0.00001    -1.00000
           0           2          19           3
    -3.54978    -3.84716     2.84479
    -0.56588     0.82449     0.00000
     0.82449     0.56588     0.00001
     0.00001     0.00001    -1.00000
           0           2          19           4
    -3.54690    -3.85145     8.53679
    -0.56588     0.82449     0.00000
     0.82449     0.56588     0.00001
     0.00001     0.00001    -1.00000
           0           2          20           1
    -2.57746    -4.57396    -8.54018
    -0.74406     0.66811     0.00000
     0.66811     0.74406     0.00022
     0.00015     0.00016    -1.00000
           0           2          20           2
    -2.57457    -4.57826    -2.84818
    -0.74406     0.66811     0.00000
     0.66811     0.74406     0.00022
     0.00015     0.00016    -1.00000
           0           2          20           3
    -2.57168    -4.58254     2.84382
    -0.74406     0.66811     0.00000
     0.66811     0.74406     0.00022
     0.00015     0.00016    -1.00000
           0           2          20           4
    -2.56880    -4.58684     8.53582
    -0.74406     0.66811     0.00000
     0.66811     0.74406     0.00022
     0.00015     0.00016    -1.00000
           0           3           1           1
     5.63596   -10.30640    12.86151
    -0.87783    -0.47897     0.00000
    -0.47897     0.87783     0.00017
    -0.00008     0.00015    -1.00000
           0           3           1           2
     5.64291   -10.30135     6.48611
    -0.87783    -0.47897     0.00000
    -0.47897     0.87783     0.00017
    -0.00008     0.00015    -1.00000
           0           3           1           3
     5.64986   -10.29630     0.11072
    -0.87783    -0.47897     0.00000
    -0.47897     0.87783     0.00017
    -0.00008     0.00015    -1.00000
           0           3           1           4
     5.65681   -10.29126    -6.26468
    -0.87783    -0.47897     0.00000
    -0.47897     0.87783     0.00017
    -0.00008     0.00015    -1.00000
           0           3           1           5
     5.66376   -10.28621   -12.64008
    -0.87783    -0.47897     0.00000
    -0.47897     0.87783     0.00017
    -0.00008     0.00015    -1.00000
           0           3           2           1
     7.52671    -7.12158    12.85323
    -0.68607    -0.72754    -0.00000
    -0.72754     0.68607    -0.00025
     0.00018    -0.00017    -1.00000
           0           3           2           2
     7.53366    -7.11654     6.47784
    -0.68607    -0.72754    -0.00000
    -0.72754     0.68607    -0.00025
     0.00018    -0.00017    -1.00000
           0           3           2           3
     7.54061    -7.11149     0.10245
    -0.68607    -0.72754    -0.00000
    -0.72754     0.68607    -0.00025
     0.00018    -0.00017    -1.00000
           0           3           2           4
     7.54755    -7.10644    -6.27295
    -0.68607    -0.72754    -0.00000
    -0.72754     0.68607    -0.00025
     0.00018    -0.00017    -1.00000
           0           3           2           5
     7.55450    -7.10139   -12.64834
    -0.68607    -0.72754    -0.00000
    -0.72754     0.68607    -0.00025
     0.00018    -0.00017    -1.00000
           0           3           3           1
    11.45776    -5.64558    12.86729
    -0.44110    -0.89746    -0.00000
    -0.89746     0.44110    -0.00063
     0.00057    -0.00028    -1.00000
           0           3           3           2
    11.46471    -5.64054     6.49191
    -0.44110    -0.89746    -0.00000
    -0.89746     0.44110    -0.00063
     0.00057    -0.00028    -1.00000
           0           3           3           3
    11.47165    -5.63549     0.11652
    -0.44110    -0.89746    -0.00000
    -0.89746     0.44110    -0.00063
     0.00057    -0.00028    -1.00000
           0           3           3           4
    11.47860    -5.63044    -6.25888
    -0.44110    -0.89746    -0.00000
    -0.89746     0.44110    -0.00063
     0.00057    -0.00028    -1.00000
           0           3           3           5
    11.48555    -5.62540   -12.63427
    -0.44110    -0.89746    -0.00000
    -0.89746     0.44110    -0.00063
     0.00057    -0.00028    -1.00000
           0           3           4           1
    11.52947    -2.06996    12.87319
    -0.17552    -0.98448    -0.00000
    -0.98448     0.17552    -0.00093
     0.00092    -0.00016    -1.00000
           0           3           4           2
    11.53642    -2.06492     6.49780
    -0.17552    -0.98448    -0.00000
    -0.98448     0.17552    -0.00093
     0.00092    -0.00016    -1.00000
           0           3           4           3
    11.54337    -2.05987     0.12241
    -0.17552    -0.98448    -0.00000
    -0.98448     0.17552    -0.00093
     0.00092    -0.00016    -1.00000
           0           3           4           4
    11.55032    -2.05482    -6.25298
    -0.17552    -0.98448    -0.00000
    -0.98448     0.17552    -0.00093
     0.00092    -0.00016    -1.00000
           0           3           4           5
    11.55727    -2.04978   -12.62839
    -0.17552    -0.98448    -0.00000
    -0.98448     0.17552    -0.00093
     0.00092    -0.00016    -1.00000
           0           3           5           1
    10.14962     1.39323    12.86207
     0.13787    -0.99045    -0.00000
    -0.99045    -0.13787    -0.00119
     0.00118     0.00016    -1.00000
           0           3           5           2
    10.15657     1.39827     6.48668
     0.13787    -0.99045    -0.00000
    -0.99045    -0.13787    -0.00119
     0.00118     0.00016    -1.00000
           0           3           5           3
    10.16352     1.40332     0.11128
     0.13787    -0.99045    -0.00000
    -0.99045    -0.13787    -0.00119
     0.00118     0.00016    -1.00000
           0           3           5           4
    10.17047     1.40837    -6.26412
     0.13787    -0.99045    -0.00000
    -0.99045    -0.13787    -0.00119
     0.00118     0.00016    -1.00000
           0           3           5           5
    10.17742     1.41342   -12.63952
     0.13787    -0.99045    -0.00000
    -0.99045    -0.13787    -0.00119
     0.00118     0.00016    -1.00000
           0           3           6           1
    11.71998     5.46822    12.90048
     0.42383    -0.90574    -0.00000
    -0.90574    -0.42383    -0.00132
     0.00120     0.00056    -1.00000
           0           3           6           2
    11.72693     5.47326     6.52509
     0.42383    -0.90574    -0.00000
    -0.90574    -0.42383    -0.00132
     0.00120     0.00056    -1.00000
           0           3           6           3
    11.73388     5.47832     0.14970
     0.42383    -0.90574    -0.00000
    -0.90574    -0.42383    -0.00132
     0.00120     0.00056    -1.00000
           0           3           6           4
    11.74083     5.48336    -6.22569
     0.42383    -0.90574    -0.00000
    -0.90574    -0.42383    -0.00132
     0.00120     0.00056    -1.00000
           0           3           6           5
    11.74778     5.48840   -12.60109
     0.42383    -0.90574    -0.00000
    -0.90574    -0.42383    -0.00132
     0.00120     0.00056    -1.00000
           0           3           7           1
     8.88044     7.70951    12.88787
     0.65756    -0.75340    -0.00000
    -0.75340    -0.65756    -0.00134
     0.00101     0.00088    -1.00000
           0           3           7           2
     8.88739     7.71456     6.51246
     0.65756    -0.75340    -0.00000
    -0.75340    -0.65756    -0.00134
     0.00101     0.00088    -1.00000
           0           3           7           3
     8.89434     7.71960     0.13708
     0.65756    -0.75340    -0.00000
    -0.75340    -0.65756    -0.00134
     0.00101     0.00088    -1.00000
           0           3           7           4
     8.90129     7.72465    -6.23832
     0.65756    -0.75340    -0.00000
    -0.75340    -0.65756    -0.00134
     0.00101     0.00088    -1.00000
           0           3           7           5
     8.90824     7.72970   -12.61371
     0.65756    -0.75340    -0.00000
    -0.75340    -0.65756    -0.00134
     0.00101     0.00088    -1.00000
           0           3           8           1
     5.34401     8.92556    12.87422
     0.85882    -0.51228    -0.00000
    -0.51228    -0.85882    -0.00124
     0.00064     0.00106    -1.00000
           0           3           8           2
     5.35097     8.93061     6.49882
     0.85882    -0.51228    -0.00000
    -0.51228    -0.85882    -0.00124
     0.00064     0.00106    -1.00000
           0           3           8           3
     5.35792     8.93565     0.12343
     0.85882    -0.51228    -0.00000
    -0.51228    -0.85882    -0.00124
     0.00064     0.00106    -1.00000
           0           3           8           4
     5.36487     8.94070    -6.25196
     0.85882    -0.51228    -0.00000
    -0.51228    -0.85882    -0.00124
     0.00064     0.00106    -1.00000
           0           3           8           5
     5.37182     8.94575   -12.62736
     0.85882    -0.51228    -0.00000
    -0.51228    -0.85882    -0.00124
     0.00064     0.00106    -1.00000
           0           3           9           1
    -5.35960     8.96301   -12.77927
    -0.85802    -0.51361    -0.00000
     0.51361    -0.85802    -0.00091
     0.00047    -0.00078     1.00000
           0           3           9           2
    -5.35638     8.95821    -6.40387
    -0.85802    -0.51361    -0.00000
     0.51361    -0.85802    -0.00091
     0.00047    -0.00078     1.00000
           0           3           9           3
    -5.35315     8.95341    -0.02847
    -0.85802    -0.51361    -0.00000
     0.51361    -0.85802    -0.00091
     0.00047    -0.00078     1.00000
           0           3           9           4
    -5.34993     8.94861     6.34692
    -0.85802    -0.51361    -0.00000
     0.51361    -0.85802    -0.00091
     0.00047    -0.00078     1.00000
           0           3           9           5
    -5.34670     8.94381    12.72231
    -0.85802    -0.51361    -0.00000
     0.51361    -0.85802    -0.00091
     0.00047    -0.00078     1.00000
           0           3          10           1
    -8.85468     7.75008   -12.75148
    -0.65748    -0.75347    -0.00000
     0.75347    -0.65748    -0.00088
     0.00066    -0.00058     1.00000
           0           3          10           2
    -8.85145     7.74527    -6.37608
    -0.65748    -0.75347    -0.00000
     0.75347    -0.65748    -0.00088
     0.00066    -0.00058     1.00000
           0           3          10           3
    -8.84823     7.74047    -0.00069
    -0.65748    -0.75347    -0.00000
     0.75347    -0.65748    -0.00088
     0.00066    -0.00058     1.00000
           0           3          10           4
    -8.84501     7.73567     6.37471
    -0.65748    -0.75347    -0.00000
     0.75347    -0.65748    -0.00088
     0.00066    -0.00058     1.00000
           0           3          10           5
    -8.84179     7.73087    12.75010
    -0.65748    -0.75347    -0.00000
     0.75347    -0.65748    -0.00088
     0.00066    -0.00058     1.00000
           0           3          11           1
   -11.66270     5.47636   -12.76002
    -0.42315    -0.90606    -0.00000
     0.90606    -0.42315    -0.00078
     0.00071    -0.00033     1.00000
           0           3          11           2
   -11.65948     5.47155    -6.38461
    -0.42315    -0.90606    -0.00000
     0.90606    -0.42315    -0.00078
     0.00071    -0.00033     1.00000
           0           3          11           3
   -11.65627     5.46673    -0.00921
    -0.42315    -0.90606    -0.00000
     0.90606    -0.42315    -0.00078
     0.00071    -0.00033     1.00000
           0           3          11           4
   -11.65304     5.46191     6.36619
    -0.42315    -0.90606    -0.00000
     0.90606    -0.42315    -0.00078
     0.00071    -0.00033     1.00000
           0           3          11           5
   -11.64983     5.45709    12.74158
    -0.42315    -0.90606    -0.00000
     0.90606    -0.42315    -0.00078
     0.00071    -0.00033     1.00000
           0           3          12           1
   -10.30258     1.44683   -12.74563
    -0.13648    -0.99064    -0.00000
     0.99064    -0.13648    -0.00060
     0.00059    -0.00008     1.00000
           0           3          12           2
   -10.29935     1.44202    -6.37023
    -0.13648    -0.99064    -0.00000
     0.99064    -0.13648    -0.00060
     0.00059    -0.00008     1.00000
           0           3          12           3
   -10.29613     1.43722     0.00517
    -0.13648    -0.99064    -0.00000
     0.99064    -0.13648    -0.00060
     0.00059    -0.00008     1.00000
           0           3          12           4
   -10.29290     1.43242     6.38057
    -0.13648    -0.99064    -0.00000
     0.99064    -0.13648    -0.00060
     0.00059    -0.00008     1.00000
           0           3          12           5
   -10.28968     1.42762    12.75597
    -0.13648    -0.99064    -0.00000
     0.99064    -0.13648    -0.00060
     0.00059    -0.00008     1.00000
           0           3          13           1
   -11.50318    -2.01287   -12.75702
     0.17684    -0.98424    -0.00000
     0.98424     0.17684    -0.00036
     0.00035     0.00006     1.00000
           0           3          13           2
   -11.49996    -2.01767    -6.38160
     0.17684    -0.98424    -0.00000
     0.98424     0.17684    -0.00036
     0.00035     0.00006     1.00000
           0           3          13           3
   -11.49673    -2.02247    -0.00620
     0.17684    -0.98424    -0.00000
     0.98424     0.17684    -0.00036
     0.00035     0.00006     1.00000
           0           3          13           4
   -11.49351    -2.02727     6.36919
     0.17684    -0.98424    -0.00000
     0.98424     0.17684    -0.00036
     0.00035     0.00006     1.00000
           0           3          13           5
   -11.49028    -2.03206    12.74457
     0.17684    -0.98424    -0.00000
     0.98424     0.17684    -0.00036
     0.00035     0.00006     1.00000
           0           3          14           1
   -11.51653    -5.62353   -12.78003
     0.44235    -0.89684    -0.00000
     0.89684     0.44235    -0.00012
     0.00011     0.00005     1.00000
           0           3          14           2
   -11.51330    -5.62834    -6.40462
     0.44235    -0.89684    -0.00000
     0.89684     0.44235    -0.00012
     0.00011     0.00005     1.00000
           0           3          14           3
   -11.51007    -5.63314    -0.02922
     0.44235    -0.89684    -0.00000
     0.89684     0.44235    -0.00012
     0.00011     0.00005     1.00000
           0           3          14           4
   -11.50684    -5.63795     6.34617
     0.44235    -0.89684    -0.00000
     0.89684     0.44235    -0.00012
     0.00011     0.00005     1.00000
           0           3          14           5
   -11.50361    -5.64276    12.72157
     0.44235    -0.89684    -0.00000
     0.89684     0.44235    -0.00012
     0.00011     0.00005     1.00000
           0           3          15           1
    -7.55667    -7.09010   -12.76430
     0.68721    -0.72646     0.00000
     0.72646     0.68721     0.00015
    -0.00011    -0.00010     1.00000
           0           3          15           2
    -7.55345    -7.09490    -6.38889
     0.68721    -0.72646     0.00000
     0.72646     0.68721     0.00015
    -0.00011    -0.00010     1.00000
           0           3          15           3
    -7.55022    -7.09970    -0.01349
     0.68721    -0.72646     0.00000
     0.72646     0.68721     0.00015
    -0.00011    -0.00010     1.00000
           0           3          15           4
    -7.54700    -7.10450     6.36190
     0.68721    -0.72646     0.00000
     0.72646     0.68721     0.00015
    -0.00011    -0.00010     1.00000
           0           3          15           5
    -7.54376    -7.10930    12.73730
     0.68721    -0.72646     0.00000
     0.72646     0.68721     0.00015
    -0.00011    -0.00010     1.00000
           0           3          16           1
    -5.74468   -10.37851   -12.76910
     0.87837    -0.47799     0.00000
     0.47799     0.87837     0.00042
    -0.00020    -0.00037     1.00000
           0           3          16           2
    -5.74146   -10.38331    -6.39370
     0.87837    -0.47799     0.00000
     0.47799     0.87837     0.00042
    -0.00020    -0.00037     1.00000
           0           3          16           3
