 SVX cage parameters:
     2.20000
     0.50000     0.20000
     0.00000
           6
   -40.00000   -26.50000   -26.50000    26.50000    26.50000    40.00000
    53.00000    53.00000    22.14782    22.14782    53.00000    53.00000
     0.00000     0.00000     0.00000
 SVX barrel parameters:
           4
     2.63000     5.19260    11.76500    16.68700     1.14100
     0.00000     0.00000     0.00000     0.00000
           4           4           5           6
     0.69600     0.69600     1.74500     1.74500
     0.01000     0.01000     0.03125     0.03125
     2.83600     2.83600     3.18770     3.18770
     0.01900     0.01900     0.00000     0.00000
     0.02000     0.02000     0.00000     0.00000
    26.70000    13.62600    17.00000    12.00000
   -13.00000   -12.98000     0.00000     0.00000
           2
           5           5
     0.00000   180.00000
           2
          10          10
     0.00000   180.00000
           2
           8           8
     0.00000   180.00000
           2
          12          12
     0.00000   180.00000
 SVX barrel sensor rotation matrices and translation vectors:
           0           1           1           1
     1.60445    -2.11293     8.68574
     0.63652     0.77126     0.00000
    -0.77126     0.63652     0.00000
     0.00000     0.00000     1.00000
           0           1           1           2
     1.60445    -2.11293     2.99375
     0.63652     0.77126     0.00000
    -0.77126     0.63652     0.00000
     0.00000     0.00000     1.00000
           0           1           1           3
     1.60445    -2.11293    -2.69827
     0.63652     0.77126     0.00000
    -0.77126     0.63652     0.00000
     0.00000     0.00000     1.00000
           0           1           1           4
     1.60445    -2.11293    -8.39027
     0.63652     0.77126     0.00000
    -0.77126     0.63652     0.00000
     0.00000     0.00000     1.00000
           0           1           2           1
     2.35481    -1.16422     8.68662
     0.22206     0.97503     0.00000
    -0.97503     0.22206     0.00000
     0.00000     0.00000     1.00000
           0           1           2           2
     2.35481    -1.16422     2.99463
     0.22206     0.97503     0.00000
    -0.97503     0.22206     0.00000
     0.00000     0.00000     1.00000
           0           1           2           3
     2.35481    -1.16422    -2.69738
     0.22206     0.97503     0.00000
    -0.97503     0.22206     0.00000
     0.00000     0.00000     1.00000
           0           1           2           4
     2.35481    -1.16422    -8.38938
     0.22206     0.97503     0.00000
    -0.97503     0.22206     0.00000
     0.00000     0.00000     1.00000
           0           1           3           1
     2.61479     0.01316     8.67900
    -0.23978     0.97083     0.00000
    -0.97083    -0.23978     0.00000
     0.00000     0.00000     1.00000
           0           1           3           2
     2.61479     0.01316     2.98701
    -0.23978     0.97083     0.00000
    -0.97083    -0.23978     0.00000
     0.00000     0.00000     1.00000
           0           1           3           3
     2.61479     0.01316    -2.70500
    -0.23978     0.97083     0.00000
    -0.97083    -0.23978     0.00000
     0.00000     0.00000     1.00000
           0           1           3           4
     2.61479     0.01316    -8.39700
    -0.23978     0.97083     0.00000
    -0.97083    -0.23978     0.00000
     0.00000     0.00000     1.00000
           0           1           4           1
     2.34237     1.19510     8.68545
    -0.65046     0.75954     0.00000
    -0.75954    -0.65046     0.00000
     0.00000     0.00000     1.00000
           0           1           4           2
     2.34237     1.19510     2.99346
    -0.65046     0.75954     0.00000
    -0.75954    -0.65046     0.00000
     0.00000     0.00000     1.00000
           0           1           4           3
     2.34237     1.19510    -2.69855
    -0.65046     0.75954     0.00000
    -0.75954    -0.65046     0.00000
     0.00000     0.00000     1.00000
           0           1           4           4
     2.34237     1.19510    -8.39055
    -0.65046     0.75954     0.00000
    -0.75954    -0.65046     0.00000
     0.00000     0.00000     1.00000
           0           1           5           1
     1.52831     2.09056     8.66883
    -0.92239     0.38625     0.00000
    -0.38625    -0.92239     0.00000
     0.00000     0.00000     1.00000
           0           1           5           2
     1.52831     2.09056     2.97684
    -0.92239     0.38625     0.00000
    -0.38625    -0.92239     0.00000
     0.00000     0.00000     1.00000
           0           1           5           3
     1.52831     2.09056    -2.71517
    -0.92239     0.38625     0.00000
    -0.38625    -0.92239     0.00000
     0.00000     0.00000     1.00000
           0           1           5           4
     1.52831     2.09056    -8.40717
    -0.92239     0.38625     0.00000
    -0.38625    -0.92239     0.00000
     0.00000     0.00000     1.00000
           0           1           6           1
    -1.53962     2.08107    -8.51931
     0.92149     0.38839     0.00000
     0.38839    -0.92149     0.00000
     0.00000    -0.00000    -1.00000
           0           1           6           2
    -1.53962     2.08107    -2.82731
     0.92149     0.38839     0.00000
     0.38839    -0.92149     0.00000
     0.00000    -0.00000    -1.00000
           0           1           6           3
    -1.53962     2.08107     2.86469
     0.92149     0.38839     0.00000
     0.38839    -0.92149     0.00000
     0.00000    -0.00000    -1.00000
           0           1           6           4
    -1.53962     2.08107     8.55669
     0.92149     0.38839     0.00000
     0.38839    -0.92149     0.00000
     0.00000    -0.00000    -1.00000
           0           1           7           1
    -2.33029     1.17163    -8.51829
     0.64868     0.76106     0.00000
     0.76106    -0.64868     0.00000
     0.00000    -0.00000    -1.00000
           0           1           7           2
    -2.33029     1.17163    -2.82629
     0.64868     0.76106     0.00000
     0.76106    -0.64868     0.00000
     0.00000    -0.00000    -1.00000
           0           1           7           3
    -2.33029     1.17163     2.86571
     0.64868     0.76106     0.00000
     0.76106    -0.64868     0.00000
     0.00000    -0.00000    -1.00000
           0           1           7           4
    -2.33029     1.17163     8.55771
     0.64868     0.76106     0.00000
     0.76106    -0.64868     0.00000
     0.00000    -0.00000    -1.00000
           0           1           8           1
    -2.64403     0.00841    -8.52921
     0.23750     0.97139     0.00000
     0.97139    -0.23750    -0.00000
    -0.00000     0.00000    -1.00000
           0           1           8           2
    -2.64403     0.00841    -2.83721
     0.23750     0.97139     0.00000
     0.97139    -0.23750    -0.00000
    -0.00000     0.00000    -1.00000
           0           1           8           3
    -2.64403     0.00841     2.85479
     0.23750     0.97139     0.00000
     0.97139    -0.23750    -0.00000
    -0.00000     0.00000    -1.00000
           0           1           8           4
    -2.64403     0.00841     8.54679
     0.23750     0.97139     0.00000
     0.97139    -0.23750    -0.00000
    -0.00000     0.00000    -1.00000
           0           1           9           1
    -2.36950    -1.17282    -8.51251
    -0.22432     0.97451     0.00000
     0.97451     0.22432    -0.00000
    -0.00000    -0.00000    -1.00000
           0           1           9           2
    -2.36950    -1.17282    -2.82051
    -0.22432     0.97451     0.00000
     0.97451     0.22432    -0.00000
    -0.00000    -0.00000    -1.00000
           0           1           9           3
    -2.36950    -1.17282     2.87149
    -0.22432     0.97451     0.00000
     0.97451     0.22432    -0.00000
    -0.00000    -0.00000    -1.00000
           0           1           9           4
    -2.36950    -1.17282     8.56349
    -0.22432     0.97451     0.00000
     0.97451     0.22432    -0.00000
    -0.00000    -0.00000    -1.00000
           0           1          10           1
    -1.63305    -2.13163    -8.51058
    -0.63828     0.76980     0.00000
     0.76980     0.63828    -0.00000
    -0.00000    -0.00000    -1.00000
           0           1          10           2
    -1.63305    -2.13163    -2.81858
    -0.63828     0.76980     0.00000
     0.76980     0.63828    -0.00000
    -0.00000    -0.00000    -1.00000
           0           1          10           3
    -1.63305    -2.13163     2.87342
    -0.63828     0.76980     0.00000
     0.76980     0.63828    -0.00000
    -0.00000    -0.00000    -1.00000
           0           1          10           4
    -1.63305    -2.13163     8.56542
    -0.63828     0.76980     0.00000
     0.76980     0.63828    -0.00000
    -0.00000    -0.00000    -1.00000
           0           2           1           1
     2.54910    -4.54467     8.68067
     0.74304     0.66925     0.00000
    -0.66925     0.74304     0.00000
     0.00000     0.00000     1.00000
           0           2           1           2
     2.54910    -4.54467     2.98868
     0.74304     0.66925     0.00000
    -0.66925     0.74304     0.00000
     0.00000     0.00000     1.00000
           0           2           1           3
     2.54910    -4.54467    -2.70332
     0.74304     0.66925     0.00000
    -0.66925     0.74304     0.00000
     0.00000     0.00000     1.00000
           0           2           1           4
     2.54910    -4.54467    -8.39533
     0.74304     0.66925     0.00000
    -0.66925     0.74304     0.00000
     0.00000     0.00000     1.00000
           0           2           2           1
     3.54090    -3.83046     8.68541
     0.56446     0.82546     0.00000
    -0.82546     0.56446     0.00000
     0.00000     0.00000     1.00000
           0           2           2           2
     3.54090    -3.83046     2.99341
     0.56446     0.82546     0.00000
    -0.82546     0.56446     0.00000
     0.00000     0.00000     1.00000
           0           2           2           3
     3.54090    -3.83046    -2.69859
     0.56446     0.82546     0.00000
    -0.82546     0.56446     0.00000
     0.00000     0.00000     1.00000
           0           2           2           4
     3.54090    -3.83046    -8.39059
     0.56446     0.82546     0.00000
    -0.82546     0.56446     0.00000
     0.00000     0.00000     1.00000
           0           2           3           1
     4.31587    -2.88122     8.67455
     0.35411     0.93520     0.00000
    -0.93520     0.35411     0.00000
     0.00000     0.00000     1.00000
           0           2           3           2
     4.31587    -2.88122     2.98255
     0.35411     0.93520     0.00000
    -0.93520     0.35411     0.00000
     0.00000     0.00000     1.00000
           0           2           3           3
     4.31587    -2.88122    -2.70945
     0.35411     0.93520     0.00000
    -0.93520     0.35411     0.00000
     0.00000     0.00000     1.00000
           0           2           3           4
     4.31587    -2.88122    -8.40145
     0.35411     0.93520     0.00000
    -0.93520     0.35411     0.00000
     0.00000     0.00000     1.00000
           0           2           4           1
     4.86196    -1.78341     8.67643
     0.12383     0.99230     0.00000
    -0.99230     0.12383     0.00000
     0.00000     0.00000     1.00000
           0           2           4           2
     4.86196    -1.78341     2.98443
     0.12383     0.99230     0.00000
    -0.99230     0.12383     0.00000
     0.00000     0.00000     1.00000
           0           2           4           3
     4.86196    -1.78341    -2.70757
     0.12383     0.99230     0.00000
    -0.99230     0.12383     0.00000
     0.00000     0.00000     1.00000
           0           2           4           4
     4.86196    -1.78341    -8.39957
     0.12383     0.99230     0.00000
    -0.99230     0.12383     0.00000
     0.00000     0.00000     1.00000
           0           2           5           1
     5.16425    -0.59428     8.67243
    -0.11344     0.99355     0.00000
    -0.99355    -0.11344     0.00000
     0.00000     0.00000     1.00000
           0           2           5           2
     5.16425    -0.59428     2.98043
    -0.11344     0.99355     0.00000
    -0.99355    -0.11344     0.00000
     0.00000     0.00000     1.00000
           0           2           5           3
     5.16425    -0.59428    -2.71157
    -0.11344     0.99355     0.00000
    -0.99355    -0.11344     0.00000
     0.00000     0.00000     1.00000
           0           2           5           4
     5.16425    -0.59428    -8.40358
    -0.11344     0.99355     0.00000
    -0.99355    -0.11344     0.00000
     0.00000     0.00000     1.00000
           0           2           6           1
     5.09225     0.61974     8.65714
    -0.34430     0.93886     0.00000
    -0.93886    -0.34430     0.00000
     0.00000     0.00000     1.00000
           0           2           6           2
     5.09225     0.61974     2.96514
    -0.34430     0.93886     0.00000
    -0.93886    -0.34430     0.00000
     0.00000     0.00000     1.00000
           0           2           6           3
     5.09225     0.61974    -2.72686
    -0.34430     0.93886     0.00000
    -0.93886    -0.34430     0.00000
     0.00000     0.00000     1.00000
           0           2           6           4
     5.09225     0.61974    -8.41886
    -0.34430     0.93886     0.00000
    -0.93886    -0.34430     0.00000
     0.00000     0.00000     1.00000
           0           2           7           1
     4.89618     1.84267     8.67667
    -0.55580     0.83131     0.00000
    -0.83131    -0.55580     0.00000
     0.00000     0.00000     1.00000
           0           2           7           2
     4.89618     1.84267     2.98467
    -0.55580     0.83131     0.00000
    -0.83131    -0.55580     0.00000
     0.00000     0.00000     1.00000
           0           2           7           3
     4.89618     1.84267    -2.70733
    -0.55580     0.83131     0.00000
    -0.83131    -0.55580     0.00000
     0.00000     0.00000     1.00000
           0           2           7           4
     4.89618     1.84267    -8.39933
    -0.55580     0.83131     0.00000
    -0.83131    -0.55580     0.00000
     0.00000     0.00000     1.00000
           0           2           8           1
     4.31251     2.91752     8.67356
    -0.73600     0.67698     0.00000
    -0.67698    -0.73600     0.00000
     0.00000     0.00000     1.00000
           0           2           8           2
     4.31251     2.91752     2.98156
    -0.73600     0.67698     0.00000
    -0.67698    -0.73600     0.00000
     0.00000     0.00000     1.00000
           0           2           8           3
     4.31251     2.91752    -2.71044
    -0.73600     0.67698     0.00000
    -0.67698    -0.73600     0.00000
     0.00000     0.00000     1.00000
           0           2           8           4
     4.31251     2.91752    -8.40244
    -0.73600     0.67698     0.00000
    -0.67698    -0.73600     0.00000
     0.00000     0.00000     1.00000
           0           2           9           1
     3.46995     3.81178     8.66071
    -0.87477     0.48454     0.00000
    -0.48454    -0.87477     0.00000
     0.00000     0.00000     1.00000
           0           2           9           2
     3.46995     3.81178     2.96871
    -0.87477     0.48454     0.00000
    -0.48454    -0.87477     0.00000
     0.00000     0.00000     1.00000
           0           2           9           3
     3.46995     3.81178    -2.72329
    -0.87477     0.48454     0.00000
    -0.48454    -0.87477     0.00000
     0.00000     0.00000     1.00000
           0           2           9           4
     3.46995     3.81178    -8.41529
    -0.87477     0.48454     0.00000
    -0.48454    -0.87477     0.00000
     0.00000     0.00000     1.00000
           0           2          10           1
     2.46886     4.50901     8.67152
    -0.96430     0.26482     0.00000
    -0.26482    -0.96430     0.00000
     0.00000     0.00000     1.00000
           0           2          10           2
     2.46886     4.50901     2.97952
    -0.96430     0.26482     0.00000
    -0.26482    -0.96430     0.00000
     0.00000     0.00000     1.00000
           0           2          10           3
     2.46886     4.50901    -2.71248
    -0.96430     0.26482     0.00000
    -0.26482    -0.96430     0.00000
     0.00000     0.00000     1.00000
           0           2          10           4
     2.46886     4.50901    -8.40448
    -0.96430     0.26482     0.00000
    -0.26482    -0.96430     0.00000
     0.00000     0.00000     1.00000
           0           2          11           1
    -2.46283     4.50570    -8.53335
     0.96424     0.26505     0.00000
     0.26505    -0.96424     0.00000
     0.00000    -0.00000    -1.00000
           0           2          11           2
    -2.46283     4.50570    -2.84135
     0.96424     0.26505     0.00000
     0.26505    -0.96424     0.00000
     0.00000    -0.00000    -1.00000
           0           2          11           3
    -2.46283     4.50570     2.85064
     0.96424     0.26505     0.00000
     0.26505    -0.96424     0.00000
     0.00000    -0.00000    -1.00000
           0           2          11           4
    -2.46283     4.50570     8.54265
     0.96424     0.26505     0.00000
     0.26505    -0.96424     0.00000
     0.00000    -0.00000    -1.00000
           0           2          12           1
    -3.50268     3.84286    -8.52961
     0.87466     0.48474     0.00000
     0.48474    -0.87466     0.00000
     0.00000    -0.00000    -1.00000
           0           2          12           2
    -3.50268     3.84286    -2.83761
     0.87466     0.48474     0.00000
     0.48474    -0.87466     0.00000
     0.00000    -0.00000    -1.00000
           0           2          12           3
    -3.50268     3.84286     2.85439
     0.87466     0.48474     0.00000
     0.48474    -0.87466     0.00000
     0.00000    -0.00000    -1.00000
           0           2          12           4
    -3.50268     3.84286     8.54639
     0.87466     0.48474     0.00000
     0.48474    -0.87466     0.00000
     0.00000    -0.00000    -1.00000
           0           2          13           1
    -4.28717     2.89858    -8.53213
     0.73584     0.67716     0.00000
     0.67716    -0.73584     0.00000
     0.00000    -0.00000    -1.00000
           0           2          13           2
    -4.28717     2.89858    -2.84013
     0.73584     0.67716     0.00000
     0.67716    -0.73584     0.00000
     0.00000    -0.00000    -1.00000
           0           2          13           3
    -4.28717     2.89858     2.85187
     0.73584     0.67716     0.00000
     0.67716    -0.73584     0.00000
     0.00000    -0.00000    -1.00000
           0           2          13           4
    -4.28717     2.89858     8.54387
     0.73584     0.67716     0.00000
     0.67716    -0.73584     0.00000
     0.00000    -0.00000    -1.00000
           0           2          14           1
    -4.84311     1.80903    -8.53283
     0.55559     0.83146     0.00000
     0.83146    -0.55559     0.00000
     0.00000    -0.00000    -1.00000
           0           2          14           2
    -4.84311     1.80903    -2.84083
     0.55559     0.83146     0.00000
     0.83146    -0.55559     0.00000
     0.00000    -0.00000    -1.00000
           0           2          14           3
    -4.84311     1.80903     2.85117
     0.55559     0.83146     0.00000
     0.83146    -0.55559     0.00000
     0.00000    -0.00000    -1.00000
           0           2          14           4
    -4.84311     1.80903     8.54317
     0.55559     0.83146     0.00000
     0.83146    -0.55559     0.00000
     0.00000    -0.00000    -1.00000
           0           2          15           1
    -5.18936     0.63142    -8.53100
     0.34407     0.93894     0.00000
     0.93894    -0.34407    -0.00000
    -0.00000     0.00000    -1.00000
           0           2          15           2
    -5.18936     0.63142    -2.83900
     0.34407     0.93894     0.00000
     0.93894    -0.34407    -0.00000
    -0.00000     0.00000    -1.00000
           0           2          15           3
    -5.18936     0.63142     2.85300
     0.34407     0.93894     0.00000
     0.93894    -0.34407    -0.00000
    -0.00000     0.00000    -1.00000
           0           2          15           4
    -5.18936     0.63142     8.54500
     0.34407     0.93894     0.00000
     0.93894    -0.34407    -0.00000
    -0.00000     0.00000    -1.00000
           0           2          16           1
    -5.16679    -0.59396    -8.52468
     0.11319     0.99357     0.00000
     0.99357    -0.11319    -0.00000
    -0.00000     0.00000    -1.00000
           0           2          16           2
    -5.16679    -0.59396    -2.83268
     0.11319     0.99357     0.00000
     0.99357    -0.11319    -0.00000
    -0.00000     0.00000    -1.00000
           0           2          16           3
    -5.16679    -0.59396     2.85932
     0.11319     0.99357     0.00000
     0.99357    -0.11319    -0.00000
    -0.00000     0.00000    -1.00000
           0           2          16           4
    -5.16679    -0.59396     8.55132
     0.11319     0.99357     0.00000
     0.99357    -0.11319    -0.00000
    -0.00000     0.00000    -1.00000
           0           2          17           1
    -4.86848    -1.78375    -8.52613
    -0.12407     0.99227     0.00000
     0.99227     0.12407    -0.00000
    -0.00000    -0.00000    -1.00000
           0           2          17           2
    -4.86848    -1.78375    -2.83413
    -0.12407     0.99227     0.00000
     0.99227     0.12407    -0.00000
    -0.00000    -0.00000    -1.00000
           0           2          17           3
    -4.86848    -1.78375     2.85787
    -0.12407     0.99227     0.00000
     0.99227     0.12407    -0.00000
    -0.00000    -0.00000    -1.00000
           0           2          17           4
    -4.86848    -1.78375     8.54987
    -0.12407     0.99227     0.00000
     0.99227     0.12407    -0.00000
    -0.00000    -0.00000    -1.00000
           0           2          18           1
    -4.33202    -2.88586    -8.52871
    -0.35434     0.93512     0.00000
     0.93512     0.35434    -0.00000
    -0.00000    -0.00000    -1.00000
           0           2          18           2
    -4.33202    -2.88586    -2.83671
    -0.35434     0.93512     0.00000
     0.93512     0.35434    -0.00000
    -0.00000    -0.00000    -1.00000
           0           2          18           3
    -4.33201    -2.88586     2.85529
    -0.35434     0.93512     0.00000
     0.93512     0.35434    -0.00000
    -0.00000    -0.00000    -1.00000
           0           2          18           4
    -4.33201    -2.88586     8.54729
    -0.35434     0.93512     0.00000
     0.93512     0.35434    -0.00000
    -0.00000    -0.00000    -1.00000
           0           2          19           1
    -3.55922    -3.83743    -8.52087
    -0.56467     0.82532     0.00000
     0.82532     0.56467    -0.00000
    -0.00000    -0.00000    -1.00000
           0           2          19           2
    -3.55922    -3.83743    -2.82887
    -0.56467     0.82532     0.00000
     0.82532     0.56467    -0.00000
    -0.00000    -0.00000    -1.00000
           0           2          19           3
    -3.55922    -3.83743     2.86313
    -0.56467     0.82532     0.00000
     0.82532     0.56467    -0.00000
    -0.00000    -0.00000    -1.00000
           0           2          19           4
    -3.55922    -3.83743     8.55513
    -0.56467     0.82532     0.00000
     0.82532     0.56467    -0.00000
    -0.00000    -0.00000    -1.00000
           0           2          20           1
    -2.58463    -4.57386    -8.52107
    -0.74320     0.66907     0.00000
     0.66907     0.74320    -0.00000
    -0.00000    -0.00000    -1.00000
           0           2          20           2
    -2.58463    -4.57386    -2.82907
    -0.74320     0.66907     0.00000
     0.66907     0.74320    -0.00000
    -0.00000    -0.00000    -1.00000
           0           2          20           3
    -2.58463    -4.57386     2.86293
    -0.74320     0.66907     0.00000
     0.66907     0.74320    -0.00000
    -0.00000    -0.00000    -1.00000
           0           2          20           4
    -2.58463    -4.57386     8.55493
    -0.74320     0.66907     0.00000
     0.66907     0.74320    -0.00000
    -0.00000    -0.00000    -1.00000
           0           3           1           1
     5.71852   -10.30902    12.84341
    -0.87599    -0.48233     0.00000
    -0.48233     0.87599     0.00000
    -0.00000     0.00000    -1.00000
           0           3           1           2
     5.71852   -10.30902     6.46801
    -0.87599    -0.48233     0.00000
    -0.48233     0.87599     0.00000
    -0.00000     0.00000    -1.00000
           0           3           1           3
     5.71852   -10.30902     0.09261
    -0.87599    -0.48233     0.00000
    -0.48233     0.87599     0.00000
    -0.00000     0.00000    -1.00000
           0           3           1           4
     5.71852   -10.30902    -6.28279
    -0.87599    -0.48233     0.00000
    -0.48233     0.87599     0.00000
    -0.00000     0.00000    -1.00000
           0           3           1           5
     5.71852   -10.30902   -12.65819
    -0.87599    -0.48233     0.00000
    -0.48233     0.87599     0.00000
    -0.00000     0.00000    -1.00000
           0           3           2           1
     7.60574    -7.11185    12.83378
    -0.68358    -0.72988     0.00000
    -0.72988     0.68358     0.00000
    -0.00000     0.00000    -1.00000
           0           3           2           2
     7.60574    -7.11185     6.45838
    -0.68358    -0.72988     0.00000
    -0.72988     0.68358     0.00000
    -0.00000     0.00000    -1.00000
           0           3           2           3
     7.60574    -7.11185     0.08298
    -0.68358    -0.72988     0.00000
    -0.72988     0.68358     0.00000
    -0.00000     0.00000    -1.00000
           0           3           2           4
     7.60574    -7.11185    -6.29242
    -0.68358    -0.72988     0.00000
    -0.72988     0.68358     0.00000
    -0.00000     0.00000    -1.00000
           0           3           2           5
     7.60574    -7.11185   -12.66782
    -0.68358    -0.72988     0.00000
    -0.72988     0.68358     0.00000
    -0.00000     0.00000    -1.00000
           0           3           3           1
    11.51425    -5.59288    12.83071
    -0.43777    -0.89909     0.00000
    -0.89909     0.43777     0.00000
    -0.00000     0.00000    -1.00000
           0           3           3           2
    11.51425    -5.59288     6.45531
    -0.43777    -0.89909     0.00000
    -0.89909     0.43777     0.00000
    -0.00000     0.00000    -1.00000
           0           3           3           3
    11.51424    -5.59288     0.07991
    -0.43777    -0.89909     0.00000
    -0.89909     0.43777     0.00000
    -0.00000     0.00000    -1.00000
           0           3           3           4
    11.51424    -5.59288    -6.29549
    -0.43777    -0.89909     0.00000
    -0.89909     0.43777     0.00000
    -0.00000     0.00000    -1.00000
           0           3           3           5
    11.51424    -5.59288   -12.67089
    -0.43777    -0.89909     0.00000
    -0.89909     0.43777     0.00000
    -0.00000     0.00000    -1.00000
           0           3           4           1
    11.56596    -2.01144    12.84825
    -0.17197    -0.98510     0.00000
    -0.98510     0.17197     0.00000
    -0.00000     0.00000    -1.00000
           0           3           4           2
    11.56596    -2.01144     6.47284
    -0.17197    -0.98510     0.00000
    -0.98510     0.17197     0.00000
    -0.00000     0.00000    -1.00000
           0           3           4           3
    11.56596    -2.01144     0.09744
    -0.17197    -0.98510     0.00000
    -0.98510     0.17197     0.00000
    -0.00000     0.00000    -1.00000
           0           3           4           4
    11.56596    -2.01144    -6.27796
    -0.17197    -0.98510     0.00000
    -0.98510     0.17197     0.00000
    -0.00000     0.00000    -1.00000
           0           3           4           5
    11.56596    -2.01144   -12.65336
    -0.17197    -0.98510     0.00000
    -0.98510     0.17197     0.00000
    -0.00000     0.00000    -1.00000
           0           3           5           1
    10.10755     1.44276    12.81977
     0.14153    -0.98993     0.00000
    -0.98993    -0.14153     0.00000
    -0.00000    -0.00000    -1.00000
           0           3           5           2
    10.10755     1.44276     6.44437
     0.14153    -0.98993     0.00000
    -0.98993    -0.14153     0.00000
    -0.00000    -0.00000    -1.00000
           0           3           5           3
    10.10755     1.44276     0.06897
     0.14153    -0.98993     0.00000
    -0.98993    -0.14153     0.00000
    -0.00000    -0.00000    -1.00000
           0           3           5           4
    10.10755     1.44276    -6.30643
     0.14153    -0.98993     0.00000
    -0.98993    -0.14153     0.00000
    -0.00000    -0.00000    -1.00000
           0           3           5           5
    10.10755     1.44276   -12.68183
     0.14153    -0.98993     0.00000
    -0.98993    -0.14153     0.00000
    -0.00000    -0.00000    -1.00000
           0           3           6           1
    11.70825     5.53177    12.87058
     0.42733    -0.90410     0.00000
    -0.90410    -0.42733     0.00000
    -0.00000    -0.00000    -1.00000
           0           3           6           2
    11.70825     5.53177     6.49518
     0.42733    -0.90410     0.00000
    -0.90410    -0.42733     0.00000
    -0.00000    -0.00000    -1.00000
           0           3           6           3
    11.70825     5.53177     0.11978
     0.42733    -0.90410     0.00000
    -0.90410    -0.42733     0.00000
    -0.00000    -0.00000    -1.00000
           0           3           6           4
    11.70825     5.53177    -6.25562
     0.42733    -0.90410     0.00000
    -0.90410    -0.42733     0.00000
    -0.00000    -0.00000    -1.00000
           0           3           6           5
    11.70825     5.53177   -12.63102
     0.42733    -0.90410     0.00000
    -0.90410    -0.42733     0.00000
    -0.00000    -0.00000    -1.00000
           0           3           7           1
     8.83308     7.73660    12.85115
     0.66075    -0.75060     0.00000
    -0.75060    -0.66075     0.00000
    -0.00000    -0.00000    -1.00000
           0           3           7           2
     8.83308     7.73660     6.47575
     0.66075    -0.75060     0.00000
    -0.75060    -0.66075     0.00000
    -0.00000    -0.00000    -1.00000
           0           3           7           3
     8.83308     7.73660     0.10034
     0.66075    -0.75060     0.00000
    -0.75060    -0.66075     0.00000
    -0.00000    -0.00000    -1.00000
           0           3           7           4
     8.83308     7.73660    -6.27506
     0.66075    -0.75060     0.00000
    -0.75060    -0.66075     0.00000
    -0.00000    -0.00000    -1.00000
           0           3           7           5
     8.83308     7.73660   -12.65045
     0.66075    -0.75060     0.00000
    -0.75060    -0.66075     0.00000
    -0.00000    -0.00000    -1.00000
           0           3           8           1
     5.28718     8.89781    12.84196
     0.86071    -0.50909     0.00000
    -0.50909    -0.86071     0.00000
    -0.00000    -0.00000    -1.00000
           0           3           8           2
     5.28718     8.89781     6.46656
     0.86071    -0.50909     0.00000
    -0.50909    -0.86071     0.00000
    -0.00000    -0.00000    -1.00000
           0           3           8           3
     5.28718     8.89781     0.09116
     0.86071    -0.50909     0.00000
    -0.50909    -0.86071     0.00000
    -0.00000    -0.00000    -1.00000
           0           3           8           4
     5.28718     8.89781    -6.28424
     0.86071    -0.50909     0.00000
    -0.50909    -0.86071     0.00000
    -0.00000    -0.00000    -1.00000
           0           3           8           5
     5.28718     8.89781   -12.65964
     0.86071    -0.50909     0.00000
    -0.50909    -0.86071     0.00000
    -0.00000    -0.00000    -1.00000
           0           3           9           1
    -5.30299     8.91169   -12.78088
    -0.85915    -0.51173     0.00000
     0.51173    -0.85915     0.00000
     0.00000     0.00000     1.00000
           0           3           9           2
    -5.30299     8.91169    -6.40548
    -0.85915    -0.51173     0.00000
     0.51173    -0.85915     0.00000
     0.00000     0.00000     1.00000
           0           3           9           3
    -5.30299     8.91169    -0.03007
    -0.85915    -0.51173     0.00000
     0.51173    -0.85915     0.00000
     0.00000     0.00000     1.00000
           0           3           9           4
    -5.30299     8.91169     6.34533
    -0.85915    -0.51173     0.00000
     0.51173    -0.85915     0.00000
     0.00000     0.00000     1.00000
           0           3           9           5
    -5.30299     8.91169    12.72073
    -0.85915    -0.51173     0.00000
     0.51173    -0.85915     0.00000
     0.00000     0.00000     1.00000
           0           3          10           1
    -8.81357     7.73442   -12.75474
    -0.65853    -0.75255     0.00000
     0.75255    -0.65853    -0.00000
     0.00000    -0.00000     1.00000
           0           3          10           2
    -8.81357     7.73442    -6.37934
    -0.65853    -0.75255     0.00000
     0.75255    -0.65853    -0.00000
     0.00000    -0.00000     1.00000
           0           3          10           3
    -8.81357     7.73442    -0.00394
    -0.65853    -0.75255     0.00000
     0.75255    -0.65853    -0.00000
     0.00000    -0.00000     1.00000
           0           3          10           4
    -8.81357     7.73442     6.37146
    -0.65853    -0.75255     0.00000
     0.75255    -0.65853    -0.00000
     0.00000    -0.00000     1.00000
           0           3          10           5
    -8.81357     7.73442    12.74686
    -0.65853    -0.75255     0.00000
     0.75255    -0.65853    -0.00000
     0.00000    -0.00000     1.00000
           0           3          11           1
   -11.59954     5.46401   -12.76412
    -0.42472    -0.90532     0.00000
     0.90532    -0.42472    -0.00000
     0.00000    -0.00000     1.00000
           0           3          11           2
   -11.59954     5.46401    -6.38872
    -0.42472    -0.90532     0.00000
     0.90532    -0.42472    -0.00000
     0.00000    -0.00000     1.00000
           0           3          11           3
   -11.59954     5.46401    -0.01332
    -0.42472    -0.90532     0.00000
     0.90532    -0.42472    -0.00000
     0.00000    -0.00000     1.00000
           0           3          11           4
   -11.59954     5.46401     6.36208
    -0.42472    -0.90532     0.00000
     0.90532    -0.42472    -0.00000
     0.00000    -0.00000     1.00000
           0           3          11           5
   -11.59954     5.46401    12.73748
    -0.42472    -0.90532     0.00000
     0.90532    -0.42472    -0.00000
     0.00000    -0.00000     1.00000
           0           3          12           1
   -10.28236     1.45457   -12.74821
    -0.13849    -0.99036     0.00000
     0.99036    -0.13849    -0.00000
     0.00000    -0.00000     1.00000
           0           3          12           2
   -10.28236     1.45457    -6.37281
    -0.13849    -0.99036     0.00000
     0.99036    -0.13849    -0.00000
     0.00000    -0.00000     1.00000
           0           3          12           3
   -10.28236     1.45457     0.00259
    -0.13849    -0.99036     0.00000
     0.99036    -0.13849    -0.00000
     0.00000    -0.00000     1.00000
           0           3          12           4
   -10.28236     1.45457     6.37799
    -0.13849    -0.99036     0.00000
     0.99036    -0.13849    -0.00000
     0.00000    -0.00000     1.00000
           0           3          12           5
   -10.28236     1.45457    12.75339
    -0.13849    -0.99036     0.00000
     0.99036    -0.13849    -0.00000
     0.00000    -0.00000     1.00000
           0           3          13           1
   -11.50119    -1.99774   -12.75629
     0.17489    -0.98459    -0.00000
     0.98459     0.17489     0.00000
     0.00000     0.00000     1.00000
           0           3          13           2
   -11.50119    -1.99774    -6.38089
     0.17489    -0.98459    -0.00000
     0.98459     0.17489     0.00000
     0.00000     0.00000     1.00000
           0           3          13           3
   -11.50119    -1.99774    -0.00549
     0.17489    -0.98459    -0.00000
     0.98459     0.17489     0.00000
     0.00000     0.00000     1.00000
           0           3          13           4
   -11.50119    -1.99774     6.36991
     0.17489    -0.98459    -0.00000
     0.98459     0.17489     0.00000
     0.00000     0.00000     1.00000
           0           3          13           5
   -11.50119    -1.99774    12.74531
     0.17489    -0.98459    -0.00000
     0.98459     0.17489     0.00000
     0.00000     0.00000     1.00000
           0           3          14           1
   -11.52107    -5.60436   -12.78343
     0.44036    -0.89782    -0.00000
     0.89782     0.44036     0.00000
     0.00000     0.00000     1.00000
           0           3          14           2
   -11.52107    -5.60436    -6.40803
     0.44036    -0.89782    -0.00000
     0.89782     0.44036     0.00000
     0.00000     0.00000     1.00000
           0           3          14           3
   -11.52107    -5.60436    -0.03263
     0.44036    -0.89782    -0.00000
     0.89782     0.44036     0.00000
     0.00000     0.00000     1.00000
           0           3          14           4
   -11.52107    -5.60436     6.34277
     0.44036    -0.89782    -0.00000
     0.89782     0.44036     0.00000
     0.00000     0.00000     1.00000
           0           3          14           5
   -11.52107    -5.60436    12.71817
     0.44036    -0.89782    -0.00000
     0.89782     0.44036     0.00000
     0.00000     0.00000     1.00000
           0           3          15           1
    -7.53947    -7.05998   -12.75699
     0.68582    -0.72777    -0.00000
     0.72777     0.68582     0.00000
     0.00000     0.00000     1.00000
           0           3          15           2
    -7.53947    -7.05998    -6.38159
     0.68582    -0.72777    -0.00000
     0.72777     0.68582     0.00000
     0.00000     0.00000     1.00000
           0           3          15           3
    -7.53947    -7.05998    -0.00619
     0.68582    -0.72777    -0.00000
     0.72777     0.68582     0.00000
     0.00000     0.00000     1.00000
           0           3          15           4
    -7.53947    -7.05998     6.36921
     0.68582    -0.72777    -0.00000
     0.72777     0.68582     0.00000
     0.00000     0.00000     1.00000
           0           3          15           5
    -7.53947    -7.05998    12.74461
     0.68582    -0.72777    -0.00000
     0.72777     0.68582     0.00000
     0.00000     0.00000     1.00000
           0           3          16           1
    -5.77981   -10.39002   -12.74932
     0.87741    -0.47974    -0.00000
     0.47974     0.87741     0.00000
     0.00000     0.00000     1.00000
           0           3          16           2
    -5.77981   -10.39002    -6.37392
     0.87741    -0.47974    -0.00000
     0.47974     0.87741     0.00000
     0.00000     0.00000     1.00000
           0           3          16           3
