 SVX cage parameters:
     2.20000
     0.50000     0.20000
     0.00000
           6
   -40.00000   -26.50000   -26.50000    26.50000    26.50000    40.00000
    53.00000    53.00000    22.14782    22.14782    53.00000    53.00000
     0.00000     0.00000     0.00000
 SVX barrel parameters:
           4
     2.63000     5.19260    11.76500    16.68700     1.14100
     0.00000     0.00000     0.00000     0.00000
           4           4           5           6
     0.69600     0.69600     1.74500     1.74500
     0.01000     0.01000     0.03125     0.03125
     2.83600     2.83600     3.18770     3.18770
     0.01900     0.01900     0.00000     0.00000
     0.02000     0.02000     0.00000     0.00000
    26.70000    13.62600    17.00000    12.00000
   -13.00000   -12.98000     0.00000     0.00000
           2
           5           5
     0.00000   180.00000
           2
          10          10
     0.00000   180.00000
           2
           8           8
     0.00000   180.00000
           2
          12          12
     0.00000   180.00000
 SVX barrel sensor rotation matrices and translation vectors:
           0           1           1           1
     1.57917    -2.13147     8.66366
     0.63985     0.76850     0.00131
    -0.76850     0.63985    -0.00034
    -0.00110    -0.00078     1.00000
           0           1           1           2
     1.58543    -2.12701     2.97166
     0.63985     0.76850     0.00131
    -0.76850     0.63985    -0.00034
    -0.00110    -0.00078     1.00000
           0           1           1           3
     1.59169    -2.12256    -2.72033
     0.63985     0.76850     0.00131
    -0.76850     0.63985    -0.00034
    -0.00110    -0.00078     1.00000
           0           1           1           4
     1.59795    -2.11811    -8.41233
     0.63985     0.76850     0.00131
    -0.76850     0.63985    -0.00034
    -0.00110    -0.00078     1.00000
           0           1           2           1
     2.35062    -1.19327     8.66524
     0.22628     0.97406     0.00101
    -0.97406     0.22628    -0.00089
    -0.00110    -0.00078     1.00000
           0           1           2           2
     2.35688    -1.18882     2.97324
     0.22628     0.97406     0.00101
    -0.97406     0.22628    -0.00089
    -0.00110    -0.00078     1.00000
           0           1           2           3
     2.36314    -1.18436    -2.71875
     0.22628     0.97406     0.00101
    -0.97406     0.22628    -0.00089
    -0.00110    -0.00078     1.00000
           0           1           2           4
     2.36940    -1.17991    -8.41074
     0.22628     0.97406     0.00101
    -0.97406     0.22628    -0.00089
    -0.00110    -0.00078     1.00000
           0           1           3           1
     2.61820    -0.00844     8.66646
    -0.23557     0.97186     0.00050
    -0.97186    -0.23557    -0.00125
    -0.00110    -0.00078     1.00000
           0           1           3           2
     2.62446    -0.00399     2.97447
    -0.23557     0.97186     0.00050
    -0.97186    -0.23557    -0.00125
    -0.00110    -0.00078     1.00000
           0           1           3           3
     2.63072     0.00046    -2.71753
    -0.23557     0.97186     0.00050
    -0.97186    -0.23557    -0.00125
    -0.00110    -0.00078     1.00000
           0           1           3           4
     2.63698     0.00492    -8.40952
    -0.23557     0.97186     0.00050
    -0.97186    -0.23557    -0.00125
    -0.00110    -0.00078     1.00000
           0           1           4           1
     2.32483     1.17026     8.66706
    -0.64716     0.76235    -0.00012
    -0.76235    -0.64716    -0.00134
    -0.00110    -0.00078     1.00000
           0           1           4           2
     2.33109     1.17472     2.97507
    -0.64716     0.76235    -0.00012
    -0.76235    -0.64716    -0.00134
    -0.00110    -0.00078     1.00000
           0           1           4           3
     2.33735     1.17917    -2.71693
    -0.64716     0.76235    -0.00012
    -0.76235    -0.64716    -0.00134
    -0.00110    -0.00078     1.00000
           0           1           4           4
     2.34361     1.18362    -8.40892
    -0.64716     0.76235    -0.00012
    -0.76235    -0.64716    -0.00134
    -0.00110    -0.00078     1.00000
           0           1           5           1
     1.53309     2.09139     8.66691
    -0.92071     0.39024    -0.00071
    -0.39024    -0.92071    -0.00115
    -0.00110    -0.00078     1.00000
           0           1           5           2
     1.53935     2.09585     2.97492
    -0.92071     0.39024    -0.00071
    -0.39024    -0.92071    -0.00115
    -0.00110    -0.00078     1.00000
           0           1           5           3
     1.54561     2.10030    -2.71708
    -0.92071     0.39024    -0.00071
    -0.39024    -0.92071    -0.00115
    -0.00110    -0.00078     1.00000
           0           1           5           4
     1.55187     2.10475    -8.40907
    -0.92071     0.39024    -0.00071
    -0.39024    -0.92071    -0.00115
    -0.00110    -0.00078     1.00000
           0           1           6           1
    -1.56612     2.10630    -8.55588
     0.92088     0.38984    -0.00012
     0.38984    -0.92088    -0.00088
    -0.00045     0.00076    -1.00000
           0           1           6           2
    -1.56356     2.10197    -2.86389
     0.92088     0.38984    -0.00012
     0.38984    -0.92088    -0.00088
    -0.00045     0.00076    -1.00000
           0           1           6           3
    -1.56100     2.09763     2.82811
     0.92088     0.38984    -0.00012
     0.38984    -0.92088    -0.00088
    -0.00045     0.00076    -1.00000
           0           1           6           4
    -1.55844     2.09329     8.52011
     0.92088     0.38984    -0.00012
     0.38984    -0.92088    -0.00088
    -0.00045     0.00076    -1.00000
           0           1           7           1
    -2.35829     1.18546    -8.55623
     0.64748     0.76208     0.00029
     0.76208    -0.64748    -0.00084
    -0.00045     0.00076    -1.00000
           0           1           7           2
    -2.35573     1.18112    -2.86423
     0.64748     0.76208     0.00029
     0.76208    -0.64748    -0.00084
    -0.00045     0.00076    -1.00000
           0           1           7           3
    -2.35317     1.17678     2.82777
     0.64748     0.76208     0.00029
     0.76208    -0.64748    -0.00084
    -0.00045     0.00076    -1.00000
           0           1           7           4
    -2.35061     1.17244     8.51976
     0.64748     0.76208     0.00029
     0.76208    -0.64748    -0.00084
    -0.00045     0.00076    -1.00000
           0           1           8           1
    -2.65216     0.00685    -8.55700
     0.23596     0.97176     0.00063
     0.97176    -0.23596    -0.00062
    -0.00045     0.00076    -1.00000
           0           1           8           2
    -2.64960     0.00252    -2.86500
     0.23596     0.97176     0.00063
     0.97176    -0.23596    -0.00062
    -0.00045     0.00076    -1.00000
           0           1           8           3
    -2.64704    -0.00182     2.82700
     0.23596     0.97176     0.00063
     0.97176    -0.23596    -0.00062
    -0.00045     0.00076    -1.00000
           0           1           8           4
    -2.64448    -0.00616     8.51900
     0.23596     0.97176     0.00063
     0.97176    -0.23596    -0.00062
    -0.00045     0.00076    -1.00000
           0           1           9           1
    -2.38507    -1.17807    -8.55802
    -0.22587     0.97416     0.00084
     0.97416     0.22587    -0.00027
    -0.00045     0.00076    -1.00000
           0           1           9           2
    -2.38251    -1.18241    -2.86602
    -0.22587     0.97416     0.00084
     0.97416     0.22587    -0.00027
    -0.00045     0.00076    -1.00000
           0           1           9           3
    -2.37994    -1.18675     2.82598
    -0.22587     0.97416     0.00084
     0.97416     0.22587    -0.00027
    -0.00045     0.00076    -1.00000
           0           1           9           4
    -2.37738    -1.19108     8.51797
    -0.22587     0.97416     0.00084
     0.97416     0.22587    -0.00027
    -0.00045     0.00076    -1.00000
           0           1          10           1
    -1.61406    -2.11655    -8.55908
    -0.63950     0.76879     0.00087
     0.76879     0.63950     0.00014
    -0.00045     0.00076    -1.00000
           0           1          10           2
    -1.61150    -2.12089    -2.86708
    -0.63950     0.76879     0.00087
     0.76879     0.63950     0.00014
    -0.00045     0.00076    -1.00000
           0           1          10           3
    -1.60894    -2.12522     2.82492
    -0.63950     0.76879     0.00087
     0.76879     0.63950     0.00014
    -0.00045     0.00076    -1.00000
           0           1          10           4
    -1.60638    -2.12956     8.51691
    -0.63950     0.76879     0.00087
     0.76879     0.63950     0.00014
    -0.00045     0.00076    -1.00000
           0           2           1           1
     2.50561    -4.57575     8.66374
     0.74585     0.66611     0.00134
    -0.66611     0.74585    -0.00015
    -0.00110    -0.00078     1.00000
           0           2           1           2
     2.51187    -4.57129     2.97175
     0.74585     0.66611     0.00134
    -0.66611     0.74585    -0.00015
    -0.00110    -0.00078     1.00000
           0           2           1           3
     2.51814    -4.56684    -2.72025
     0.74585     0.66611     0.00134
    -0.66611     0.74585    -0.00015
    -0.00110    -0.00078     1.00000
           0           2           1           4
     2.52440    -4.56239    -8.41224
     0.74585     0.66611     0.00134
    -0.66611     0.74585    -0.00015
    -0.00110    -0.00078     1.00000
           0           2           2           1
     3.50734    -3.85857     8.66541
     0.56794     0.82307     0.00127
    -0.82307     0.56794    -0.00046
    -0.00110    -0.00078     1.00000
           0           2           2           2
     3.51360    -3.85412     2.97341
     0.56794     0.82307     0.00127
    -0.82307     0.56794    -0.00046
    -0.00110    -0.00078     1.00000
           0           2           2           3
     3.51986    -3.84967    -2.71858
     0.56794     0.82307     0.00127
    -0.82307     0.56794    -0.00046
    -0.00110    -0.00078     1.00000
           0           2           2           4
     3.52612    -3.84521    -8.41058
     0.56794     0.82307     0.00127
    -0.82307     0.56794    -0.00046
    -0.00110    -0.00078     1.00000
           0           2           3           1
     4.31191    -2.92559     8.66702
     0.35805     0.93370     0.00112
    -0.93370     0.35805    -0.00075
    -0.00110    -0.00078     1.00000
           0           2           3           2
     4.31817    -2.92114     2.97503
     0.35805     0.93370     0.00112
    -0.93370     0.35805    -0.00075
    -0.00110    -0.00078     1.00000
           0           2           3           3
     4.32443    -2.91668    -2.71697
     0.35805     0.93370     0.00112
    -0.93370     0.35805    -0.00075
    -0.00110    -0.00078     1.00000
           0           2           3           4
     4.33069    -2.91223    -8.40896
     0.35805     0.93370     0.00112
    -0.93370     0.35805    -0.00075
    -0.00110    -0.00078     1.00000
           0           2           4           1
     4.87404    -1.82932     8.66850
     0.12801     0.99177     0.00092
    -0.99177     0.12801    -0.00099
    -0.00110    -0.00078     1.00000
           0           2           4           2
     4.88030    -1.82487     2.97650
     0.12801     0.99177     0.00092
    -0.99177     0.12801    -0.00099
    -0.00110    -0.00078     1.00000
           0           2           4           3
     4.88656    -1.82041    -2.71549
     0.12801     0.99177     0.00092
    -0.99177     0.12801    -0.00099
    -0.00110    -0.00078     1.00000
           0           2           4           4
     4.89282    -1.81596    -8.40749
     0.12801     0.99177     0.00092
    -0.99177     0.12801    -0.00099
    -0.00110    -0.00078     1.00000
           0           2           5           1
     5.16209    -0.63147     8.66975
    -0.10925     0.99401     0.00066
    -0.99401    -0.10925    -0.00118
    -0.00110    -0.00078     1.00000
           0           2           5           2
     5.16835    -0.62701     2.97776
    -0.10925     0.99401     0.00066
    -0.99401    -0.10925    -0.00118
    -0.00110    -0.00078     1.00000
           0           2           5           3
     5.17461    -0.62256    -2.71424
    -0.10925     0.99401     0.00066
    -0.99401    -0.10925    -0.00118
    -0.00110    -0.00078     1.00000
           0           2           5           4
     5.18087    -0.61811    -8.40623
    -0.10925     0.99401     0.00066
    -0.99401    -0.10925    -0.00118
    -0.00110    -0.00078     1.00000
           0           2           6           1
     5.15984     0.60052     8.67071
    -0.34034     0.94030     0.00036
    -0.94030    -0.34034    -0.00130
    -0.00110    -0.00078     1.00000
           0           2           6           2
     5.16610     0.60497     2.97872
    -0.34034     0.94030     0.00036
    -0.94030    -0.34034    -0.00130
    -0.00110    -0.00078     1.00000
           0           2           6           3
     5.17236     0.60943    -2.71328
    -0.34034     0.94030     0.00036
    -0.94030    -0.34034    -0.00130
    -0.00110    -0.00078     1.00000
           0           2           6           4
     5.17862     0.61388    -8.40527
    -0.34034     0.94030     0.00036
    -0.94030    -0.34034    -0.00130
    -0.00110    -0.00078     1.00000
           0           2           7           1
     4.86741     1.79732     8.67133
    -0.55228     0.83366     0.00004
    -0.83366    -0.55228    -0.00135
    -0.00110    -0.00078     1.00000
           0           2           7           2
     4.87367     1.80177     2.97933
    -0.55228     0.83366     0.00004
    -0.83366    -0.55228    -0.00135
    -0.00110    -0.00078     1.00000
           0           2           7           3
     4.87993     1.80623    -2.71266
    -0.55228     0.83366     0.00004
    -0.83366    -0.55228    -0.00135
    -0.00110    -0.00078     1.00000
           0           2           7           4
     4.88619     1.81068    -8.40466
    -0.55228     0.83366     0.00004
    -0.83366    -0.55228    -0.00135
    -0.00110    -0.00078     1.00000
           0           2           8           1
     4.30126     2.89154     8.67156
    -0.73314     0.68008    -0.00027
    -0.68008    -0.73314    -0.00132
    -0.00110    -0.00078     1.00000
           0           2           8           2
     4.30752     2.89599     2.97957
    -0.73314     0.68008    -0.00027
    -0.68008    -0.73314    -0.00132
    -0.00110    -0.00078     1.00000
           0           2           8           3
     4.31378     2.90044    -2.71243
    -0.73314     0.68008    -0.00027
    -0.68008    -0.73314    -0.00132
    -0.00110    -0.00078     1.00000
           0           2           8           4
     4.32004     2.90490    -8.40442
    -0.73314     0.68008    -0.00027
    -0.68008    -0.73314    -0.00132
    -0.00110    -0.00078     1.00000
           0           2           9           1
     3.49328     3.82157     8.67140
    -0.87272     0.48822    -0.00058
    -0.48822    -0.87272    -0.00122
    -0.00110    -0.00078     1.00000
           0           2           9           2
     3.49954     3.82603     2.97941
    -0.87272     0.48822    -0.00058
    -0.48822    -0.87272    -0.00122
    -0.00110    -0.00078     1.00000
           0           2           9           3
     3.50580     3.83048    -2.71259
    -0.87272     0.48822    -0.00058
    -0.48822    -0.87272    -0.00122
    -0.00110    -0.00078     1.00000
           0           2           9           4
     3.51206     3.83493    -8.40458
    -0.87272     0.48822    -0.00058
    -0.48822    -0.87272    -0.00122
    -0.00110    -0.00078     1.00000
           0           2          10           1
     2.48894     4.53509     8.67085
    -0.96318     0.26887    -0.00085
    -0.26887    -0.96318    -0.00105
    -0.00110    -0.00078     1.00000
           0           2          10           2
     2.49520     4.53954     2.97886
    -0.96318     0.26887    -0.00085
    -0.26887    -0.96318    -0.00105
    -0.00110    -0.00078     1.00000
           0           2          10           3
     2.50146     4.54399    -2.71314
    -0.96318     0.26887    -0.00085
    -0.26887    -0.96318    -0.00105
    -0.00110    -0.00078     1.00000
           0           2          10           4
     2.50772     4.54845    -8.40513
    -0.96318     0.26887    -0.00085
    -0.26887    -0.96318    -0.00105
    -0.00110    -0.00078     1.00000
           0           2          11           1
    -2.51088     4.55317    -8.55430
     0.96366     0.26712    -0.00023
     0.26712    -0.96366    -0.00085
    -0.00045     0.00076    -1.00000
           0           2          11           2
    -2.50832     4.54883    -2.86231
     0.96366     0.26712    -0.00023
     0.26712    -0.96366    -0.00085
    -0.00045     0.00076    -1.00000
           0           2          11           3
    -2.50576     4.54449     2.82969
     0.96366     0.26712    -0.00023
     0.26712    -0.96366    -0.00085
    -0.00045     0.00076    -1.00000
           0           2          11           4
    -2.50320     4.54015     8.52169
     0.96366     0.26712    -0.00023
     0.26712    -0.96366    -0.00085
    -0.00045     0.00076    -1.00000
           0           2          12           1
    -3.51654     3.84148    -8.55439
     0.87361     0.48663    -0.00002
     0.48663    -0.87361    -0.00088
    -0.00045     0.00076    -1.00000
           0           2          12           2
    -3.51398     3.83714    -2.86240
     0.87361     0.48663    -0.00002
     0.48663    -0.87361    -0.00088
    -0.00045     0.00076    -1.00000
           0           2          12           3
    -3.51142     3.83280     2.82960
     0.87361     0.48663    -0.00002
     0.48663    -0.87361    -0.00088
    -0.00045     0.00076    -1.00000
           0           2          12           4
    -3.50886     3.82846     8.52160
     0.87361     0.48663    -0.00002
     0.48663    -0.87361    -0.00088
    -0.00045     0.00076    -1.00000
           0           2          13           1
    -4.32624     2.91291    -8.55474
     0.73438     0.67874     0.00019
     0.67874    -0.73438    -0.00087
    -0.00045     0.00076    -1.00000
           0           2          13           2
    -4.32368     2.90857    -2.86274
     0.73438     0.67874     0.00019
     0.67874    -0.73438    -0.00087
    -0.00045     0.00076    -1.00000
           0           2          13           3
    -4.32112     2.90423     2.82926
     0.73438     0.67874     0.00019
     0.67874    -0.73438    -0.00087
    -0.00045     0.00076    -1.00000
           0           2          13           4
    -4.31856     2.89989     8.52126
     0.73438     0.67874     0.00019
     0.67874    -0.73438    -0.00087
    -0.00045     0.00076    -1.00000
           0           2          14           1
    -4.89439     1.81972    -8.55531
     0.55380     0.83265     0.00039
     0.83265    -0.55380    -0.00080
    -0.00045     0.00076    -1.00000
           0           2          14           2
    -4.89183     1.81538    -2.86332
     0.55380     0.83265     0.00039
     0.83265    -0.55380    -0.00080
    -0.00045     0.00076    -1.00000
           0           2          14           3
    -4.88927     1.81104     2.82868
     0.55380     0.83265     0.00039
     0.83265    -0.55380    -0.00080
    -0.00045     0.00076    -1.00000
           0           2          14           4
    -4.88671     1.80670     8.52068
     0.55380     0.83265     0.00039
     0.83265    -0.55380    -0.00080
    -0.00045     0.00076    -1.00000
           0           2          15           1
    -5.18899     0.62344    -8.55609
     0.34205     0.93968     0.00056
     0.93968    -0.34205    -0.00068
    -0.00045     0.00076    -1.00000
           0           2          15           2
    -5.18643     0.61911    -2.86410
     0.34205     0.93968     0.00056
     0.93968    -0.34205    -0.00068
    -0.00045     0.00076    -1.00000
           0           2          15           3
    -5.18387     0.61477     2.82790
     0.34205     0.93968     0.00056
     0.93968    -0.34205    -0.00068
    -0.00045     0.00076    -1.00000
           0           2          15           4
    -5.18131     0.61043     8.51990
     0.34205     0.93968     0.00056
     0.93968    -0.34205    -0.00068
    -0.00045     0.00076    -1.00000
           0           2          16           1
    -5.19348    -0.60855    -8.55703
     0.11105     0.99381     0.00071
     0.99381    -0.11105    -0.00053
    -0.00045     0.00076    -1.00000
           0           2          16           2
    -5.19092    -0.61289    -2.86503
     0.11105     0.99381     0.00071
     0.99381    -0.11105    -0.00053
    -0.00045     0.00076    -1.00000
           0           2          16           3
    -5.18836    -0.61722     2.82697
     0.11105     0.99381     0.00071
     0.99381    -0.11105    -0.00053
    -0.00045     0.00076    -1.00000
           0           2          16           4
    -5.18579    -0.62156     8.51896
     0.11105     0.99381     0.00071
     0.99381    -0.11105    -0.00053
    -0.00045     0.00076    -1.00000
           0           2          17           1
    -4.90761    -1.80692    -8.55807
    -0.12621     0.99200     0.00081
     0.99200     0.12621    -0.00035
    -0.00045     0.00076    -1.00000
           0           2          17           2
    -4.90505    -1.81125    -2.86607
    -0.12621     0.99200     0.00081
     0.99200     0.12621    -0.00035
    -0.00045     0.00076    -1.00000
           0           2          17           3
    -4.90249    -1.81559     2.82592
    -0.12621     0.99200     0.00081
     0.99200     0.12621    -0.00035
    -0.00045     0.00076    -1.00000
           0           2          17           4
    -4.89993    -1.81993     8.51792
    -0.12621     0.99200     0.00081
     0.99200     0.12621    -0.00035
    -0.00045     0.00076    -1.00000
           0           2          18           1
    -4.34747    -2.90421    -8.55916
    -0.35635     0.93435     0.00087
     0.93435     0.35635    -0.00015
    -0.00045     0.00076    -1.00000
           0           2          18           2
    -4.34491    -2.90854    -2.86716
    -0.35635     0.93435     0.00087
     0.93435     0.35635    -0.00015
    -0.00045     0.00076    -1.00000
           0           2          18           3
    -4.34234    -2.91288     2.82483
    -0.35635     0.93435     0.00087
     0.93435     0.35635    -0.00015
    -0.00045     0.00076    -1.00000
           0           2          18           4
    -4.33977    -2.91722     8.51683
    -0.35635     0.93435     0.00087
     0.93435     0.35635    -0.00015
    -0.00045     0.00076    -1.00000
           0           2          19           1
    -3.54460    -3.83865    -8.56023
    -0.56644     0.82410     0.00088
     0.82410     0.56644     0.00006
    -0.00045     0.00076    -1.00000
           0           2          19           2
    -3.54203    -3.84298    -2.86824
    -0.56644     0.82410     0.00088
     0.82410     0.56644     0.00006
    -0.00045     0.00076    -1.00000
           0           2          19           3
    -3.53947    -3.84732     2.82376
    -0.56644     0.82410     0.00088
     0.82410     0.56644     0.00006
    -0.00045     0.00076    -1.00000
           0           2          19           4
    -3.53691    -3.85166     8.51576
    -0.56644     0.82410     0.00088
     0.82410     0.56644     0.00006
    -0.00045     0.00076    -1.00000
           0           2          20           1
    -2.54419    -4.55764    -8.56123
    -0.74464     0.66747     0.00084
     0.66747     0.74464     0.00027
    -0.00045     0.00076    -1.00000
           0           2          20           2
    -2.54163    -4.56198    -2.86923
    -0.74464     0.66747     0.00084
     0.66747     0.74464     0.00027
    -0.00045     0.00076    -1.00000
           0           2          20           3
    -2.53907    -4.56631     2.82276
    -0.74464     0.66747     0.00084
     0.66747     0.74464     0.00027
    -0.00045     0.00076    -1.00000
           0           2          20           4
    -2.53650    -4.57065     8.51476
    -0.74464     0.66747     0.00084
     0.66747     0.74464     0.00027
    -0.00045     0.00076    -1.00000
           0           3           1           1
     5.61637   -10.34199    12.85833
    -0.87804    -0.47859    -0.00134
    -0.47859     0.87804     0.00016
     0.00110     0.00078    -1.00000
           0           3           1           2
     5.62338   -10.33700     6.48293
    -0.87804    -0.47859    -0.00134
    -0.47859     0.87804     0.00016
     0.00110     0.00078    -1.00000
           0           3           1           3
     5.63040   -10.33201     0.10754
    -0.87804    -0.47859    -0.00134
    -0.47859     0.87804     0.00016
     0.00110     0.00078    -1.00000
           0           3           1           4
     5.63741   -10.32702    -6.26786
    -0.87804    -0.47859    -0.00134
    -0.47859     0.87804     0.00016
     0.00110     0.00078    -1.00000
           0           3           1           5
     5.64442   -10.32204   -12.64325
    -0.87804    -0.47859    -0.00134
    -0.47859     0.87804     0.00016
     0.00110     0.00078    -1.00000
           0           3           2           1
     7.53669    -7.14440    12.86294
    -0.68668    -0.72696    -0.00132
    -0.72696     0.68668    -0.00026
     0.00110     0.00078    -1.00000
           0           3           2           2
     7.54370    -7.13941     6.48755
    -0.68668    -0.72696    -0.00132
    -0.72696     0.68668    -0.00026
     0.00110     0.00078    -1.00000
           0           3           2           3
     7.55071    -7.13442     0.11215
    -0.68668    -0.72696    -0.00132
    -0.72696     0.68668    -0.00026
     0.00110     0.00078    -1.00000
           0           3           2           4
     7.55773    -7.12943    -6.26324
    -0.68668    -0.72696    -0.00132
    -0.72696     0.68668    -0.00026
     0.00110     0.00078    -1.00000
           0           3           2           5
     7.56474    -7.12444   -12.63864
    -0.68668    -0.72696    -0.00132
    -0.72696     0.68668    -0.00026
     0.00110     0.00078    -1.00000
           0           3           3           1
    11.51313    -5.68550    12.86846
    -0.44160    -0.89721    -0.00119
    -0.89721     0.44160    -0.00064
     0.00110     0.00078    -1.00000
           0           3           3           2
    11.52015    -5.68052     6.49306
    -0.44160    -0.89721    -0.00119
    -0.89721     0.44160    -0.00064
     0.00110     0.00078    -1.00000
           0           3           3           3
    11.52715    -5.67553     0.11767
    -0.44160    -0.89721    -0.00119
    -0.89721     0.44160    -0.00064
     0.00110     0.00078    -1.00000
           0           3           3           4
    11.53416    -5.67054    -6.25773
    -0.44160    -0.89721    -0.00119
    -0.89721     0.44160    -0.00064
     0.00110     0.00078    -1.00000
           0           3           3           5
    11.54117    -5.66555   -12.63312
    -0.44160    -0.89721    -0.00119
    -0.89721     0.44160    -0.00064
     0.00110     0.00078    -1.00000
           0           3           4           1
    11.56671    -2.08447    12.87133
    -0.17617    -0.98436    -0.00096
    -0.98436     0.17617    -0.00094
     0.00110     0.00078    -1.00000
           0           3           4           2
    11.57372    -2.07948     6.49594
    -0.17617    -0.98436    -0.00096
    -0.98436     0.17617    -0.00094
     0.00110     0.00078    -1.00000
           0           3           4           3
    11.58073    -2.07450     0.12054
    -0.17617    -0.98436    -0.00096
    -0.98436     0.17617    -0.00094
     0.00110     0.00078    -1.00000
           0           3           4           4
    11.58774    -2.06951    -6.25485
    -0.17617    -0.98436    -0.00096
    -0.98436     0.17617    -0.00094
     0.00110     0.00078    -1.00000
           0           3           4           5
    11.59476    -2.06452   -12.63024
    -0.17617    -0.98436    -0.00096
    -0.98436     0.17617    -0.00094
     0.00110     0.00078    -1.00000
           0           3           5           1
    10.27430     1.41438    12.87265
     0.13731    -0.99053    -0.00062
    -0.99053    -0.13731    -0.00120
     0.00110     0.00078    -1.00000
           0           3           5           2
    10.28131     1.41937     6.49726
     0.13731    -0.99053    -0.00062
    -0.99053    -0.13731    -0.00120
     0.00110     0.00078    -1.00000
           0           3           5           3
    10.28833     1.42436     0.12186
     0.13731    -0.99053    -0.00062
    -0.99053    -0.13731    -0.00120
     0.00110     0.00078    -1.00000
           0           3           5           4
    10.29534     1.42934    -6.25353
     0.13731    -0.99053    -0.00062
    -0.99053    -0.13731    -0.00120
     0.00110     0.00078    -1.00000
           0           3           5           5
    10.30235     1.43433   -12.62893
     0.13731    -0.99053    -0.00062
    -0.99053    -0.13731    -0.00120
     0.00110     0.00078    -1.00000
           0           3           6           1
    11.62477     5.42895    12.87728
     0.42347    -0.90591    -0.00024
    -0.90591    -0.42347    -0.00133
     0.00110     0.00078    -1.00000
           0           3           6           2
    11.63179     5.43394     6.50188
     0.42347    -0.90591    -0.00024
    -0.90591    -0.42347    -0.00133
     0.00110     0.00078    -1.00000
           0           3           6           3
    11.63880     5.43892     0.12649
     0.42347    -0.90591    -0.00024
    -0.90591    -0.42347    -0.00133
     0.00110     0.00078    -1.00000
           0           3           6           4
    11.64581     5.44391    -6.24891
     0.42347    -0.90591    -0.00024
    -0.90591    -0.42347    -0.00133
     0.00110     0.00078    -1.00000
           0           3           6           5
    11.65282     5.44890   -12.62430
     0.42347    -0.90591    -0.00024
    -0.90591    -0.42347    -0.00133
     0.00110     0.00078    -1.00000
           0           3           7           1
     8.84952     7.72423    12.87602
     0.65755    -0.75341     0.00013
    -0.75341    -0.65755    -0.00134
     0.00110     0.00078    -1.00000
           0           3           7           2
     8.85653     7.72922     6.50063
     0.65755    -0.75341     0.00013
    -0.75341    -0.65755    -0.00134
     0.00110     0.00078    -1.00000
           0           3           7           3
     8.86355     7.73421     0.12523
     0.65755    -0.75341     0.00013
    -0.75341    -0.65755    -0.00134
     0.00110     0.00078    -1.00000
           0           3           7           4
     8.87056     7.73920    -6.25016
     0.65755    -0.75341     0.00013
    -0.75341    -0.65755    -0.00134
     0.00110     0.00078    -1.00000
           0           3           7           5
     8.87757     7.74418   -12.62556
     0.65755    -0.75341     0.00013
    -0.75341    -0.65755    -0.00134
     0.00110     0.00078    -1.00000
           0           3           8           1
     5.31168     8.90569    12.87305
     0.85853    -0.51276     0.00054
    -0.51276    -0.85853    -0.00124
     0.00110     0.00078    -1.00000
           0           3           8           2
     5.31869     8.91068     6.49766
     0.85853    -0.51276     0.00054
    -0.51276    -0.85853    -0.00124
     0.00110     0.00078    -1.00000
           0           3           8           3
     5.32570     8.91567     0.12226
     0.85853    -0.51276     0.00054
    -0.51276    -0.85853    -0.00124
     0.00110     0.00078    -1.00000
           0           3           8           4
     5.33272     8.92066    -6.25313
     0.85853    -0.51276     0.00054
    -0.51276    -0.85853    -0.00124
     0.00110     0.00078    -1.00000
           0           3           8           5
     5.33973     8.92564   -12.62852
     0.85853    -0.51276     0.00054
    -0.51276    -0.85853    -0.00124
     0.00110     0.00078    -1.00000
           0           3           9           1
    -5.35614     8.94254   -12.76175
    -0.85791    -0.51379    -0.00001
     0.51379    -0.85791    -0.00089
     0.00045    -0.00076     1.00000
           0           3           9           2
    -5.35328     8.93768    -6.38635
    -0.85791    -0.51379    -0.00001
     0.51379    -0.85791    -0.00089
     0.00045    -0.00076     1.00000
           0           3           9           3
    -5.35041     8.93282    -0.01095
    -0.85791    -0.51379    -0.00001
     0.51379    -0.85791    -0.00089
     0.00045    -0.00076     1.00000
           0           3           9           4
    -5.34754     8.92796     6.36444
    -0.85791    -0.51379    -0.00001
     0.51379    -0.85791    -0.00089
     0.00045    -0.00076     1.00000
           0           3           9           5
    -5.34467     8.92311    12.73984
    -0.85791    -0.51379    -0.00001
     0.51379    -0.85791    -0.00089
     0.00045    -0.00076     1.00000
           0           3          10           1
    -8.89189     7.75758   -12.76106
    -0.65671    -0.75414    -0.00028
     0.75414    -0.65671    -0.00084
     0.00045    -0.00076     1.00000
           0           3          10           2
    -8.88902     7.75272    -6.38566
    -0.65671    -0.75414    -0.00028
     0.75414    -0.65671    -0.00084
     0.00045    -0.00076     1.00000
           0           3          10           3
    -8.88615     7.74786    -0.01027
    -0.65671    -0.75414    -0.00028
     0.75414    -0.65671    -0.00084
     0.00045    -0.00076     1.00000
           0           3          10           4
    -8.88328     7.74300     6.36513
    -0.65671    -0.75414    -0.00028
     0.75414    -0.65671    -0.00084
     0.00045    -0.00076     1.00000
           0           3          10           5
    -8.88042     7.73815    12.74053
    -0.65671    -0.75414    -0.00028
     0.75414    -0.65671    -0.00084
     0.00045    -0.00076     1.00000
           0           3          11           1
   -11.66428     5.45982   -12.76157
    -0.42252    -0.90636    -0.00050
     0.90636    -0.42251    -0.00073
     0.00045    -0.00076     1.00000
           0           3          11           2
   -11.66141     5.45496    -6.38617
    -0.42252    -0.90636    -0.00050
     0.90636    -0.42251    -0.00073
     0.00045    -0.00076     1.00000
           0           3          11           3
   -11.65854     5.45010    -0.01077
    -0.42252    -0.90636    -0.00050
     0.90636    -0.42251    -0.00073
     0.00045    -0.00076     1.00000
           0           3          11           4
   -11.65567     5.44525     6.36463
    -0.42252    -0.90636    -0.00050
     0.90636    -0.42251    -0.00073
     0.00045    -0.00076     1.00000
           0           3          11           5
   -11.65280     5.44039    12.74002
    -0.42252    -0.90636    -0.00050
     0.90636    -0.42251    -0.00073
     0.00045    -0.00076     1.00000
           0           3          12           1
   -10.30973     1.44524   -12.76523
    -0.13611    -0.99069    -0.00069
     0.99069    -0.13611    -0.00055
     0.00045    -0.00076     1.00000
           0           3          12           2
   -10.30686     1.44038    -6.38984
    -0.13611    -0.99069    -0.00069
     0.99069    -0.13611    -0.00055
     0.00045    -0.00076     1.00000
           0           3          12           3
   -10.30400     1.43552    -0.01444
    -0.13611    -0.99069    -0.00069
     0.99069    -0.13611    -0.00055
     0.00045    -0.00076     1.00000
           0           3          12           4
   -10.30113     1.43066     6.36096
    -0.13611    -0.99069    -0.00069
     0.99069    -0.13611    -0.00055
     0.00045    -0.00076     1.00000
           0           3          12           5
   -10.29826     1.42580    12.73635
    -0.13611    -0.99069    -0.00069
     0.99069    -0.13611    -0.00055
     0.00045    -0.00076     1.00000
           0           3          13           1
   -11.59809    -2.05417   -12.76732
     0.17727    -0.98416    -0.00083
     0.98416     0.17727    -0.00031
     0.00045    -0.00076     1.00000
           0           3          13           2
   -11.59522    -2.05903    -6.39192
     0.17727    -0.98416    -0.00083
     0.98416     0.17727    -0.00031
     0.00045    -0.00076     1.00000
           0           3          13           3
   -11.59236    -2.06389    -0.01653
     0.17727    -0.98416    -0.00083
     0.98416     0.17727    -0.00031
     0.00045    -0.00076     1.00000
           0           3          13           4
   -11.58949    -2.06875     6.35887
     0.17727    -0.98416    -0.00083
     0.98416     0.17727    -0.00031
     0.00045    -0.00076     1.00000
           0           3          13           5
   -11.58662    -2.07360    12.73427
     0.17727    -0.98416    -0.00083
     0.98416     0.17727    -0.00031
     0.00045    -0.00076     1.00000
           0           3          14           1
   -11.54077    -5.65450   -12.77009
     0.44254    -0.89675    -0.00088
     0.89675     0.44254    -0.00007
     0.00045    -0.00076     1.00000
           0           3          14           2
   -11.53790    -5.65936    -6.39469
     0.44254    -0.89675    -0.00088
     0.89675     0.44254    -0.00007
     0.00045    -0.00076     1.00000
           0           3          14           3
   -11.53503    -5.66422    -0.01930
     0.44254    -0.89675    -0.00088
     0.89675     0.44254    -0.00007
     0.00045    -0.00076     1.00000
           0           3          14           4
   -11.53216    -5.66908     6.35610
     0.44254    -0.89675    -0.00088
     0.89675     0.44254    -0.00007
     0.00045    -0.00076     1.00000
           0           3          14           5
   -11.52929    -5.67394    12.73150
     0.44254    -0.89675    -0.00088
     0.89675     0.44254    -0.00007
     0.00045    -0.00076     1.00000
           0           3          15           1
    -7.56176    -7.11025   -12.77299
     0.68755    -0.72613    -0.00086
     0.72613     0.68755     0.00020
     0.00045    -0.00076     1.00000
           0           3          15           2
    -7.55889    -7.11511    -6.39759
     0.68755    -0.72613    -0.00086
     0.72613     0.68755     0.00020
     0.00045    -0.00076     1.00000
           0           3          15           3
    -7.55602    -7.11997    -0.02220
     0.68755    -0.72613    -0.00086
     0.72613     0.68755     0.00020
     0.00045    -0.00076     1.00000
           0           3          15           4
    -7.55315    -7.12483     6.35320
     0.68755    -0.72613    -0.00086
     0.72613     0.68755     0.00020
     0.00045    -0.00076     1.00000
           0           3          15           5
    -7.55028    -7.12969    12.72860
     0.68755    -0.72613    -0.00086
     0.72613     0.68755     0.00020
     0.00045    -0.00076     1.00000
           0           3          16           1
    -5.63847   -10.30503   -12.77629
     0.87858    -0.47760    -0.00076
     0.47760     0.87858     0.00045
     0.00045    -0.00076     1.00000
           0           3          16           2
    -5.63561   -10.30989    -6.40089
     0.87858    -0.47760    -0.00076
     0.47760     0.87858     0.00045
     0.00045    -0.00076     1.00000
           0           3          16           3
