 SVX cage parameters:
     2.20000
     0.50000     0.20000
     0.00000
           6
   -40.00000   -26.50000   -26.50000    26.50000    26.50000    40.00000
    53.00000    53.00000    22.14782    22.14782    53.00000    53.00000
     0.00000     0.00000     0.00000
 SVX barrel parameters:
           4
     2.63000     5.19260    11.76500    16.68700     1.14100
     0.00000     0.00000     0.00000     0.00000
           4           4           5           6
     0.69600     0.69600     1.74500     1.74500
     0.01000     0.01000     0.03125     0.03125
     2.83600     2.83600     3.18770     3.18770
     0.01900     0.01900     0.00000     0.00000
     0.02000     0.02000     0.00000     0.00000
    26.70000    13.62600    17.00000    12.00000
   -13.00000   -12.98000     0.00000     0.00000
           2
           5           5
     0.00000   180.00000
           2
          10          10
     0.00000   180.00000
           2
           8           8
     0.00000   180.00000
           2
          12          12
     0.00000   180.00000
 SVX barrel sensor rotation matrices and translation vectors:
           0           1           1           1
     1.57652    -2.13132     8.67701
     0.63985     0.76850    -0.00000
    -0.76850     0.63985    -0.00041
    -0.00032     0.00026     1.00000
           0           1           1           2
     1.58343    -2.12674     2.98501
     0.63985     0.76850    -0.00000
    -0.76850     0.63985    -0.00041
    -0.00032     0.00026     1.00000
           0           1           1           3
     1.59034    -2.12216    -2.70698
     0.63985     0.76850    -0.00000
    -0.76850     0.63985    -0.00041
    -0.00032     0.00026     1.00000
           0           1           1           4
     1.59725    -2.11758    -8.39898
     0.63985     0.76850    -0.00000
    -0.76850     0.63985    -0.00041
    -0.00032     0.00026     1.00000
           0           1           2           1
     2.35224    -1.19391     8.67890
     0.22583     0.97417    -0.00000
    -0.97417     0.22583    -0.00100
    -0.00097     0.00023     1.00000
           0           1           2           2
     2.35914    -1.18933     2.98690
     0.22583     0.97417    -0.00000
    -0.97417     0.22583    -0.00100
    -0.00097     0.00023     1.00000
           0           1           2           3
     2.36605    -1.18473    -2.70509
     0.22583     0.97417    -0.00000
    -0.97417     0.22583    -0.00100
    -0.00097     0.00023     1.00000
           0           1           2           4
     2.37297    -1.18014    -8.39708
     0.22583     0.97417    -0.00000
    -0.97417     0.22583    -0.00100
    -0.00097     0.00023     1.00000
           0           1           3           1
     2.62209    -0.00936     8.67617
    -0.23518     0.97195    -0.00000
    -0.97195    -0.23518    -0.00137
    -0.00133    -0.00032     1.00000
           0           1           3           2
     2.62900    -0.00478     2.98418
    -0.23518     0.97195    -0.00000
    -0.97195    -0.23518    -0.00137
    -0.00133    -0.00032     1.00000
           0           1           3           3
     2.63591    -0.00019    -2.70781
    -0.23519     0.97195    -0.00000
    -0.97195    -0.23519    -0.00137
    -0.00133    -0.00032     1.00000
           0           1           3           4
     2.64282     0.00442    -8.39980
    -0.23519     0.97195    -0.00000
    -0.97195    -0.23519    -0.00137
    -0.00133    -0.00032     1.00000
           0           1           4           1
     2.32718     1.17118     8.67980
    -0.64670     0.76274    -0.00000
    -0.76274    -0.64670    -0.00144
    -0.00110    -0.00093     1.00000
           0           1           4           2
     2.33409     1.17576     2.98780
    -0.64671     0.76274    -0.00000
    -0.76274    -0.64671    -0.00144
    -0.00110    -0.00093     1.00000
           0           1           4           3
     2.34100     1.18034    -2.70420
    -0.64671     0.76274    -0.00000
    -0.76274    -0.64671    -0.00144
    -0.00110    -0.00093     1.00000
           0           1           4           4
     2.34791     1.18493    -8.39618
    -0.64671     0.76274    -0.00000
    -0.76274    -0.64671    -0.00144
    -0.00110    -0.00093     1.00000
           0           1           5           1
     1.53697     2.09649     8.66838
    -0.92036     0.39107    -0.00000
    -0.39107    -0.92036    -0.00122
    -0.00048    -0.00112     1.00000
           0           1           5           2
     1.54388     2.10106     2.97639
    -0.92036     0.39107    -0.00000
    -0.39107    -0.92036    -0.00122
    -0.00048    -0.00112     1.00000
           0           1           5           3
     1.55080     2.10563    -2.71561
    -0.92036     0.39107    -0.00000
    -0.39107    -0.92036    -0.00122
    -0.00048    -0.00112     1.00000
           0           1           5           4
     1.55772     2.11021    -8.40760
    -0.92036     0.39107    -0.00000
    -0.39106    -0.92036    -0.00122
    -0.00048    -0.00112     1.00000
           0           1           6           1
    -1.55164     2.10016    -8.54410
     0.92186     0.38752    -0.00000
     0.38752    -0.92186    -0.00093
    -0.00036     0.00086    -1.00000
           0           1           6           2
    -1.54877     2.09565    -2.85211
     0.92186     0.38752    -0.00000
     0.38752    -0.92186    -0.00093
    -0.00036     0.00086    -1.00000
           0           1           6           3
    -1.54591     2.09113     2.83989
     0.92186     0.38751    -0.00000
     0.38751    -0.92186    -0.00093
    -0.00036     0.00086    -1.00000
           0           1           6           4
    -1.54305     2.08661     8.53189
     0.92187     0.38751    -0.00000
     0.38751    -0.92187    -0.00093
    -0.00036     0.00086    -1.00000
           0           1           7           1
    -2.34693     1.18495    -8.54263
     0.64851     0.76120    -0.00000
     0.76120    -0.64851    -0.00090
    -0.00069     0.00058    -1.00000
           0           1           7           2
    -2.34407     1.18045    -2.85063
     0.64851     0.76120    -0.00000
     0.76120    -0.64851    -0.00090
    -0.00069     0.00058    -1.00000
           0           1           7           3
    -2.34121     1.17595     2.84137
     0.64852     0.76120    -0.00000
     0.76120    -0.64852    -0.00090
    -0.00069     0.00058    -1.00000
           0           1           7           4
    -2.33835     1.17144     8.53336
     0.64852     0.76120    -0.00000
     0.76120    -0.64852    -0.00090
    -0.00069     0.00058    -1.00000
           0           1           8           1
    -2.64427     0.00970    -8.55481
     0.23680     0.97156    -0.00000
     0.97156    -0.23680    -0.00068
    -0.00066     0.00016    -1.00000
           0           1           8           2
    -2.64143     0.00520    -2.86280
     0.23680     0.97156    -0.00000
     0.97156    -0.23680    -0.00068
    -0.00066     0.00016    -1.00000
           0           1           8           3
    -2.63857     0.00070     2.82920
     0.23680     0.97156    -0.00000
     0.97156    -0.23680    -0.00068
    -0.00066     0.00016    -1.00000
           0           1           8           4
    -2.63571    -0.00380     8.52119
     0.23680     0.97156    -0.00000
     0.97156    -0.23680    -0.00068
    -0.00066     0.00016    -1.00000
           0           1           9           1
    -2.37422    -1.17337    -8.54111
    -0.22606     0.97411    -0.00000
     0.97411     0.22606    -0.00031
    -0.00030    -0.00007    -1.00000
           0           1           9           2
    -2.37137    -1.17786    -2.84911
    -0.22606     0.97411    -0.00000
     0.97411     0.22606    -0.00031
    -0.00030    -0.00007    -1.00000
           0           1           9           3
    -2.36850    -1.18236     2.84289
    -0.22606     0.97411    -0.00000
     0.97411     0.22606    -0.00031
    -0.00030    -0.00007    -1.00000
           0           1           9           4
    -2.36565    -1.18686     8.53488
    -0.22606     0.97411    -0.00000
     0.97411     0.22606    -0.00031
    -0.00030    -0.00007    -1.00000
           0           1          10           1
    -1.60964    -2.10880    -8.54282
    -0.63896     0.76924     0.00000
     0.76924     0.63896     0.00012
     0.00009     0.00008    -1.00000
           0           1          10           2
    -1.60680    -2.11333    -2.85082
    -0.63896     0.76924     0.00000
     0.76924     0.63896     0.00012
     0.00009     0.00008    -1.00000
           0           1          10           3
    -1.60395    -2.11782     2.84118
    -0.63896     0.76924     0.00000
     0.76924     0.63896     0.00012
     0.00009     0.00008    -1.00000
           0           1          10           4
    -1.60110    -2.12234     8.53317
    -0.63896     0.76924     0.00000
     0.76924     0.63896     0.00012
     0.00009     0.00008    -1.00000
           0           2           1           1
     2.50573    -4.57400     8.67930
     0.74544     0.66657    -0.00000
    -0.66657     0.74544    -0.00021
    -0.00014     0.00016     1.00000
           0           2           1           2
     2.51264    -4.56941     2.98731
     0.74544     0.66657    -0.00000
    -0.66657     0.74544    -0.00021
    -0.00014     0.00016     1.00000
           0           2           1           3
     2.51955    -4.56483    -2.70469
     0.74544     0.66657    -0.00000
    -0.66657     0.74544    -0.00021
    -0.00014     0.00016     1.00000
           0           2           1           4
     2.52646    -4.56025    -8.39668
     0.74544     0.66657    -0.00000
    -0.66657     0.74544    -0.00021
    -0.00014     0.00016     1.00000
           0           2           2           1
     3.49925    -3.85264     8.68552
     0.56796     0.82306    -0.00000
    -0.82306     0.56796    -0.00054
    -0.00044     0.00031     1.00000
           0           2           2           2
     3.50615    -3.84808     2.99352
     0.56796     0.82306    -0.00000
    -0.82306     0.56796    -0.00054
    -0.00044     0.00031     1.00000
           0           2           2           3
     3.51305    -3.84350    -2.69847
     0.56796     0.82306    -0.00000
    -0.82306     0.56796    -0.00054
    -0.00044     0.00031     1.00000
           0           2           2           4
     3.51995    -3.83892    -8.39047
     0.56796     0.82306    -0.00000
    -0.82306     0.56796    -0.00054
    -0.00044     0.00031     1.00000
           0           2           3           1
     4.31447    -2.92698     8.67482
     0.35776     0.93381    -0.00000
    -0.93381     0.35776    -0.00085
    -0.00079     0.00030     1.00000
           0           2           3           2
     4.32138    -2.92241     2.98283
     0.35776     0.93381    -0.00000
    -0.93381     0.35776    -0.00085
    -0.00079     0.00030     1.00000
           0           2           3           3
     4.32829    -2.91781    -2.70917
     0.35776     0.93381    -0.00000
    -0.93381     0.35776    -0.00085
    -0.00079     0.00030     1.00000
           0           2           3           4
     4.33520    -2.91322    -8.40115
     0.35776     0.93381    -0.00000
    -0.93381     0.35776    -0.00085
    -0.00079     0.00030     1.00000
           0           2           4           1
     4.87613    -1.83165     8.67780
     0.12813     0.99176    -0.00000
    -0.99176     0.12813    -0.00110
    -0.00109     0.00014     1.00000
           0           2           4           2
     4.88304    -1.82707     2.98580
     0.12813     0.99176    -0.00000
    -0.99176     0.12813    -0.00110
    -0.00109     0.00014     1.00000
           0           2           4           3
     4.88997    -1.82247    -2.70619
     0.12813     0.99176    -0.00000
    -0.99176     0.12813    -0.00110
    -0.00109     0.00014     1.00000
           0           2           4           4
     4.89688    -1.81789    -8.39819
     0.12813     0.99176    -0.00000
    -0.99176     0.12813    -0.00110
    -0.00109     0.00014     1.00000
           0           2           5           1
     5.16606    -0.63022     8.67765
    -0.10961     0.99397    -0.00000
    -0.99397    -0.10961    -0.00130
    -0.00129    -0.00014     1.00000
           0           2           5           2
     5.17297    -0.62563     2.98566
    -0.10961     0.99397    -0.00000
    -0.99397    -0.10961    -0.00130
    -0.00129    -0.00014     1.00000
           0           2           5           3
     5.17988    -0.62104    -2.70634
    -0.10961     0.99397    -0.00000
    -0.99397    -0.10961    -0.00130
    -0.00129    -0.00014     1.00000
           0           2           5           4
     5.18679    -0.61646    -8.39833
    -0.10961     0.99397    -0.00000
    -0.99397    -0.10961    -0.00130
    -0.00129    -0.00014     1.00000
           0           2           6           1
     5.16429     0.59748     8.67132
    -0.33961     0.94056    -0.00000
    -0.94056    -0.33961    -0.00141
    -0.00133    -0.00048     1.00000
           0           2           6           2
     5.17120     0.60206     2.97933
    -0.33962     0.94056    -0.00000
    -0.94056    -0.33962    -0.00141
    -0.00133    -0.00048     1.00000
           0           2           6           3
     5.17811     0.60665    -2.71267
    -0.33962     0.94056    -0.00000
    -0.94056    -0.33962    -0.00141
    -0.00133    -0.00048     1.00000
           0           2           6           4
     5.18503     0.61124    -8.40466
    -0.33962     0.94056    -0.00000
    -0.94056    -0.33962    -0.00141
    -0.00133    -0.00048     1.00000
           0           2           7           1
     4.87106     1.80099     8.67962
    -0.55246     0.83354    -0.00000
    -0.83354    -0.55245    -0.00146
    -0.00122    -0.00081     1.00000
           0           2           7           2
     4.87797     1.80556     2.98762
    -0.55246     0.83354    -0.00000
    -0.83354    -0.55246    -0.00146
    -0.00122    -0.00081     1.00000
           0           2           7           3
     4.88488     1.81015    -2.70437
    -0.55246     0.83354    -0.00000
    -0.83354    -0.55246    -0.00146
    -0.00122    -0.00081     1.00000
           0           2           7           4
     4.89179     1.81472    -8.39637
    -0.55246     0.83354    -0.00000
    -0.83354    -0.55246    -0.00146
    -0.00122    -0.00081     1.00000
           0           2           8           1
     4.30181     2.89138     8.67948
    -0.73287     0.68037    -0.00000
    -0.68037    -0.73287    -0.00141
    -0.00096    -0.00103     1.00000
           0           2           8           2
     4.30872     2.89595     2.98749
    -0.73287     0.68037    -0.00000
    -0.68037    -0.73287    -0.00141
    -0.00096    -0.00103     1.00000
           0           2           8           3
     4.31563     2.90053    -2.70451
    -0.73287     0.68037    -0.00000
    -0.68037    -0.73287    -0.00141
    -0.00096    -0.00103     1.00000
           0           2           8           4
     4.32254     2.90512    -8.39650
    -0.73287     0.68037    -0.00000
    -0.68037    -0.73287    -0.00141
    -0.00096    -0.00103     1.00000
           0           2           9           1
     3.50118     3.83347     8.66958
    -0.87273     0.48820    -0.00000
    -0.48820    -0.87273    -0.00130
    -0.00063    -0.00113     1.00000
           0           2           9           2
     3.50810     3.83804     2.97759
    -0.87273     0.48820    -0.00000
    -0.48820    -0.87273    -0.00130
    -0.00063    -0.00113     1.00000
           0           2           9           3
     3.51501     3.84262    -2.71441
    -0.87273     0.48820    -0.00000
    -0.48820    -0.87273    -0.00130
    -0.00063    -0.00113     1.00000
           0           2           9           4
     3.52192     3.84719    -8.40640
    -0.87273     0.48820    -0.00000
    -0.48820    -0.87273    -0.00130
    -0.00063    -0.00113     1.00000
           0           2          10           1
     2.49006     4.53435     8.68246
    -0.96298     0.26957    -0.00000
    -0.26957    -0.96298    -0.00110
    -0.00030    -0.00106     1.00000
           0           2          10           2
     2.49697     4.53892     2.99047
    -0.96298     0.26957    -0.00000
    -0.26957    -0.96298    -0.00110
    -0.00030    -0.00106     1.00000
           0           2          10           3
     2.50388     4.54349    -2.70153
    -0.96298     0.26957    -0.00000
    -0.26957    -0.96298    -0.00110
    -0.00030    -0.00106     1.00000
           0           2          10           4
     2.51079     4.54808    -8.39352
    -0.96298     0.26956    -0.00000
    -0.26956    -0.96298    -0.00110
    -0.00030    -0.00106     1.00000
           0           2          11           1
    -2.49315     4.57921    -8.55303
     0.96502     0.26218    -0.00000
     0.26218    -0.96502    -0.00089
    -0.00023     0.00086    -1.00000
           0           2          11           2
    -2.49029     4.57469    -2.86104
     0.96502     0.26219    -0.00000
     0.26219    -0.96502    -0.00089
    -0.00023     0.00086    -1.00000
           0           2          11           3
    -2.48743     4.57018     2.83096
     0.96502     0.26218    -0.00000
     0.26218    -0.96502    -0.00089
    -0.00023     0.00086    -1.00000
           0           2          11           4
    -2.48457     4.56566     8.52296
     0.96502     0.26217    -0.00000
     0.26217    -0.96502    -0.00089
    -0.00023     0.00086    -1.00000
           0           2          12           1
    -3.51525     3.84206    -8.54533
     0.87361     0.48663    -0.00000
     0.48663    -0.87361    -0.00093
    -0.00045     0.00081    -1.00000
           0           2          12           2
    -3.51239     3.83754    -2.85334
     0.87361     0.48663    -0.00000
     0.48663    -0.87361    -0.00093
    -0.00045     0.00081    -1.00000
           0           2          12           3
    -3.50953     3.83303     2.83866
     0.87361     0.48663    -0.00000
     0.48663    -0.87361    -0.00093
    -0.00045     0.00081    -1.00000
           0           2          12           4
    -3.50667     3.82851     8.53066
     0.87361     0.48663    -0.00000
     0.48663    -0.87361    -0.00093
    -0.00045     0.00081    -1.00000
           0           2          13           1
    -4.33128     2.92727    -8.55144
     0.73540     0.67763    -0.00000
     0.67763    -0.73540    -0.00093
    -0.00063     0.00068    -1.00000
           0           2          13           2
    -4.32843     2.92275    -2.85944
     0.73540     0.67763    -0.00000
     0.67763    -0.73540    -0.00093
    -0.00063     0.00068    -1.00000
           0           2          13           3
    -4.32558     2.91825     2.83256
     0.73541     0.67763    -0.00000
     0.67763    -0.73541    -0.00093
    -0.00063     0.00068    -1.00000
           0           2          13           4
    -4.32272     2.91372     8.52456
     0.73541     0.67762    -0.00000
     0.67762    -0.73541    -0.00093
    -0.00063     0.00068    -1.00000
           0           2          14           1
    -4.90589     1.83411    -8.54721
     0.55515     0.83175    -0.00000
     0.83175    -0.55515    -0.00086
    -0.00072     0.00048    -1.00000
           0           2          14           2
    -4.90305     1.82959    -2.85522
     0.55515     0.83175    -0.00000
     0.83175    -0.55515    -0.00086
    -0.00072     0.00048    -1.00000
           0           2          14           3
    -4.90019     1.82506     2.83678
     0.55515     0.83175    -0.00000
     0.83175    -0.55515    -0.00086
    -0.00072     0.00048    -1.00000
           0           2          14           4
    -4.89735     1.82054     8.52879
     0.55515     0.83175    -0.00000
     0.83175    -0.55515    -0.00086
    -0.00072     0.00048    -1.00000
           0           2          15           1
    -5.21228     0.62768    -8.54793
     0.34218     0.93964    -0.00000
     0.93964    -0.34218    -0.00074
    -0.00070     0.00025    -1.00000
           0           2          15           2
    -5.20942     0.62314    -2.85594
     0.34218     0.93964    -0.00000
     0.93964    -0.34218    -0.00074
    -0.00070     0.00025    -1.00000
           0           2          15           3
    -5.20656     0.61862     2.83606
     0.34218     0.93964    -0.00000
     0.93964    -0.34218    -0.00074
    -0.00070     0.00025    -1.00000
           0           2          15           4
    -5.20370     0.61408     8.52806
     0.34217     0.93964    -0.00000
     0.93964    -0.34217    -0.00074
    -0.00070     0.00025    -1.00000
           0           2          16           1
    -5.18983    -0.60603    -8.54352
     0.11137     0.99378    -0.00000
     0.99378    -0.11137    -0.00059
    -0.00059     0.00007    -1.00000
           0           2          16           2
    -5.18697    -0.61055    -2.85152
     0.11137     0.99378    -0.00000
     0.99378    -0.11137    -0.00059
    -0.00059     0.00007    -1.00000
           0           2          16           3
    -5.18411    -0.61504     2.84048
     0.11137     0.99378    -0.00000
     0.99378    -0.11137    -0.00059
    -0.00059     0.00007    -1.00000
           0           2          16           4
    -5.18125    -0.61956     8.53247
     0.11137     0.99378    -0.00000
     0.99378    -0.11137    -0.00059
    -0.00059     0.00007    -1.00000
           0           2          17           1
    -4.90844    -1.80424    -8.54705
    -0.12571     0.99207    -0.00000
     0.99207     0.12571    -0.00040
    -0.00040    -0.00005    -1.00000
           0           2          17           2
    -4.90558    -1.80875    -2.85505
    -0.12571     0.99207    -0.00000
     0.99207     0.12571    -0.00040
    -0.00040    -0.00005    -1.00000
           0           2          17           3
    -4.90272    -1.81326     2.83694
    -0.12571     0.99207    -0.00000
     0.99207     0.12571    -0.00040
    -0.00040    -0.00005    -1.00000
           0           2          17           4
    -4.89987    -1.81778     8.52894
    -0.12571     0.99207    -0.00000
     0.99207     0.12571    -0.00040
    -0.00040    -0.00005    -1.00000
           0           2          18           1
    -4.35411    -2.90489    -8.54958
    -0.35575     0.93458    -0.00000
     0.93458     0.35575    -0.00019
    -0.00018    -0.00007    -1.00000
           0           2          18           2
    -4.35126    -2.90941    -2.85758
    -0.35575     0.93458    -0.00000
     0.93458     0.35575    -0.00019
    -0.00018    -0.00007    -1.00000
           0           2          18           3
    -4.34839    -2.91393     2.83441
    -0.35575     0.93458    -0.00000
     0.93458     0.35575    -0.00019
    -0.00018    -0.00007    -1.00000
           0           2          18           4
    -4.34551    -2.91846     8.52641
    -0.35575     0.93458    -0.00000
     0.93458     0.35575    -0.00019
    -0.00018    -0.00007    -1.00000
           0           2          19           1
    -3.54002    -3.83143    -8.54609
    -0.56611     0.82433     0.00000
     0.82433     0.56611     0.00003
     0.00002     0.00002    -1.00000
           0           2          19           2
    -3.53716    -3.83594    -2.85409
    -0.56611     0.82433     0.00000
     0.82433     0.56611     0.00003
     0.00002     0.00002    -1.00000
           0           2          19           3
    -3.53430    -3.84043     2.83790
    -0.56611     0.82433     0.00000
     0.82433     0.56611     0.00003
     0.00002     0.00002    -1.00000
           0           2          19           4
    -3.53145    -3.84496     8.52991
    -0.56611     0.82433     0.00000
     0.82433     0.56611     0.00003
     0.00002     0.00002    -1.00000
           0           2          20           1
    -2.54468    -4.55676    -8.54732
    -0.74442     0.66771     0.00000
     0.66771     0.74442     0.00026
     0.00017     0.00019    -1.00000
           0           2          20           2
    -2.54182    -4.56128    -2.85532
    -0.74442     0.66771     0.00000
     0.66771     0.74442     0.00026
     0.00017     0.00019    -1.00000
           0           2          20           3
    -2.53896    -4.56578     2.83667
    -0.74442     0.66771     0.00000
     0.66771     0.74442     0.00026
     0.00017     0.00019    -1.00000
           0           2          20           4
    -2.53609    -4.57031     8.52867
    -0.74442     0.66771     0.00000
     0.66771     0.74442     0.00026
     0.00017     0.00019    -1.00000
           0           3           1           1
     5.61318   -10.34131    12.85969
    -0.87803    -0.47860     0.00000
    -0.47860     0.87803     0.00012
    -0.00006     0.00011    -1.00000
           0           3           1           2
     5.62092   -10.33618     6.48429
    -0.87803    -0.47860     0.00000
    -0.47860     0.87803     0.00012
    -0.00006     0.00011    -1.00000
           0           3           1           3
     5.62867   -10.33104     0.10891
    -0.87803    -0.47860     0.00000
    -0.47860     0.87803     0.00012
    -0.00006     0.00011    -1.00000
           0           3           1           4
     5.63641   -10.32591    -6.26650
    -0.87803    -0.47860     0.00000
    -0.47860     0.87803     0.00012
    -0.00006     0.00011    -1.00000
           0           3           1           5
     5.64414   -10.32079   -12.64188
    -0.87803    -0.47860     0.00000
    -0.47860     0.87803     0.00012
    -0.00006     0.00011    -1.00000
           0           3           2           1
     7.52255    -7.13853    12.85125
    -0.68691    -0.72674    -0.00000
    -0.72674     0.68691    -0.00033
     0.00024    -0.00023    -1.00000
           0           3           2           2
     7.53029    -7.13341     6.47586
    -0.68691    -0.72674    -0.00000
    -0.72674     0.68691    -0.00033
     0.00024    -0.00023    -1.00000
           0           3           2           3
     7.53802    -7.12827     0.10046
    -0.68691    -0.72674    -0.00000
    -0.72674     0.68691    -0.00033
     0.00024    -0.00023    -1.00000
           0           3           2           4
     7.54576    -7.12315    -6.27493
    -0.68691    -0.72674    -0.00000
    -0.72674     0.68691    -0.00033
     0.00024    -0.00023    -1.00000
           0           3           2           5
     7.55348    -7.11803   -12.65033
    -0.68691    -0.72674    -0.00000
    -0.72674     0.68691    -0.00033
     0.00024    -0.00023    -1.00000
           0           3           3           1
    11.50718    -5.67550    12.86722
    -0.44106    -0.89748    -0.00000
    -0.89748     0.44106    -0.00073
     0.00066    -0.00032    -1.00000
           0           3           3           2
    11.51492    -5.67038     6.49182
    -0.44106    -0.89748    -0.00000
    -0.89748     0.44106    -0.00073
     0.00066    -0.00032    -1.00000
           0           3           3           3
    11.52265    -5.66525     0.11644
    -0.44106    -0.89748    -0.00000
    -0.89748     0.44106    -0.00073
     0.00066    -0.00032    -1.00000
           0           3           3           4
    11.53038    -5.66012    -6.25896
    -0.44106    -0.89748    -0.00000
    -0.89748     0.44106    -0.00073
     0.00066    -0.00032    -1.00000
           0           3           3           5
    11.53810    -5.65500   -12.63435
    -0.44106    -0.89748    -0.00000
    -0.89748     0.44106    -0.00073
     0.00066    -0.00032    -1.00000
           0           3           4           1
    11.53945    -2.08108    12.87559
    -0.17626    -0.98434    -0.00000
    -0.98434     0.17626    -0.00105
     0.00103    -0.00019    -1.00000
           0           3           4           2
    11.54719    -2.07596     6.50020
    -0.17626    -0.98434    -0.00000
    -0.98434     0.17626    -0.00105
     0.00103    -0.00019    -1.00000
           0           3           4           3
    11.55493    -2.07084     0.12480
    -0.17626    -0.98434    -0.00000
    -0.98434     0.17626    -0.00105
     0.00103    -0.00019    -1.00000
           0           3           4           4
    11.56265    -2.06573    -6.25059
    -0.17626    -0.98434    -0.00000
    -0.98434     0.17626    -0.00105
     0.00103    -0.00019    -1.00000
           0           3           4           5
    11.57040    -2.06061   -12.62598
    -0.17626    -0.98434    -0.00000
    -0.98434     0.17626    -0.00105
     0.00103    -0.00019    -1.00000
           0           3           5           1
    10.27820     1.41281    12.86259
     0.13706    -0.99056    -0.00000
    -0.99056    -0.13706    -0.00132
     0.00131     0.00018    -1.00000
           0           3           5           2
    10.28594     1.41795     6.48720
     0.13706    -0.99056    -0.00000
    -0.99056    -0.13706    -0.00132
     0.00131     0.00018    -1.00000
           0           3           5           3
    10.29369     1.42309     0.11180
     0.13706    -0.99056    -0.00000
    -0.99056    -0.13706    -0.00132
     0.00131     0.00018    -1.00000
           0           3           5           4
    10.30142     1.42821    -6.26359
     0.13706    -0.99056    -0.00000
    -0.99056    -0.13706    -0.00132
     0.00131     0.00018    -1.00000
           0           3           5           5
    10.30916     1.43335   -12.63899
     0.13706    -0.99056    -0.00000
    -0.99056    -0.13706    -0.00132
     0.00131     0.00018    -1.00000
           0           3           6           1
    11.60421     5.42181    12.90136
     0.42353    -0.90588    -0.00000
    -0.90588    -0.42353    -0.00144
     0.00130     0.00061    -1.00000
           0           3           6           2
    11.61196     5.42693     6.52596
     0.42353    -0.90588    -0.00000
    -0.90588    -0.42353    -0.00144
     0.00130     0.00061    -1.00000
           0           3           6           3
    11.61968     5.43206     0.15057
     0.42353    -0.90588    -0.00000
    -0.90588    -0.42353    -0.00144
     0.00130     0.00061    -1.00000
           0           3           6           4
    11.62743     5.43719    -6.22482
     0.42353    -0.90588    -0.00000
    -0.90588    -0.42353    -0.00144
     0.00130     0.00061    -1.00000
           0           3           6           5
    11.63517     5.44232   -12.60021
     0.42353    -0.90588    -0.00000
    -0.90588    -0.42353    -0.00144
     0.00130     0.00061    -1.00000
           0           3           7           1
     8.84784     7.72075    12.88479
     0.65732    -0.75361    -0.00000
    -0.75361    -0.65732    -0.00144
     0.00109     0.00095    -1.00000
           0           3           7           2
     8.85558     7.72588     6.50940
     0.65732    -0.75361    -0.00000
    -0.75361    -0.65732    -0.00144
     0.00109     0.00095    -1.00000
           0           3           7           3
     8.86332     7.73102     0.13400
     0.65732    -0.75361    -0.00000
    -0.75361    -0.65732    -0.00144
     0.00109     0.00095    -1.00000
           0           3           7           4
     8.87106     7.73615    -6.24139
     0.65732    -0.75361    -0.00000
    -0.75361    -0.65732    -0.00144
     0.00109     0.00095    -1.00000
           0           3           7           5
     8.87880     7.74127   -12.61679
     0.65732    -0.75361    -0.00000
    -0.75361    -0.65732    -0.00144
     0.00109     0.00095    -1.00000
           0           3           8           1
     5.30297     8.89871    12.87206
     0.85859    -0.51266    -0.00000
    -0.51266    -0.85859    -0.00132
     0.00068     0.00113    -1.00000
           0           3           8           2
     5.31071     8.90385     6.49667
     0.85859    -0.51266    -0.00000
    -0.51266    -0.85859    -0.00132
     0.00068     0.00113    -1.00000
           0           3           8           3
     5.31845     8.90899     0.12127
     0.85859    -0.51266    -0.00000
    -0.51266    -0.85859    -0.00132
     0.00068     0.00113    -1.00000
           0           3           8           4
     5.32618     8.91412    -6.25412
     0.85859    -0.51266    -0.00000
    -0.51266    -0.85859    -0.00132
     0.00068     0.00113    -1.00000
           0           3           8           5
     5.33392     8.91924   -12.62951
     0.85859    -0.51266    -0.00000
    -0.51266    -0.85859    -0.00132
     0.00068     0.00113    -1.00000
           0           3           9           1
    -5.29879     8.97534   -12.77264
    -0.86109    -0.50846    -0.00000
     0.50846    -0.86109    -0.00094
     0.00048    -0.00081     1.00000
           0           3           9           2
    -5.29560     8.97027    -6.39724
    -0.86109    -0.50845    -0.00000
     0.50845    -0.86109    -0.00094
     0.00048    -0.00081     1.00000
           0           3           9           3
    -5.29239     8.96522    -0.02184
    -0.86109    -0.50845    -0.00000
     0.50845    -0.86109    -0.00094
     0.00048    -0.00081     1.00000
           0           3           9           4
    -5.28918     8.96016     6.35355
    -0.86110    -0.50844    -0.00000
     0.50844    -0.86110    -0.00094
     0.00048    -0.00081     1.00000
           0           3           9           5
    -5.28598     8.95511    12.72895
    -0.86110    -0.50844    -0.00000
     0.50844    -0.86110    -0.00094
     0.00048    -0.00081     1.00000
           0           3          10           1
    -8.91492     7.80062   -12.75523
    -0.65774    -0.75325    -0.00000
     0.75325    -0.65774    -0.00090
     0.00068    -0.00059     1.00000
           0           3          10           2
    -8.91171     7.79554    -6.37983
    -0.65774    -0.75325    -0.00000
     0.75325    -0.65773    -0.00090
     0.00068    -0.00059     1.00000
           0           3          10           3
    -8.90852     7.79049    -0.00444
    -0.65773    -0.75325    -0.00000
     0.75325    -0.65773    -0.00090
     0.00068    -0.00059     1.00000
           0           3          10           4
    -8.90530     7.78543     6.37096
    -0.65774    -0.75325    -0.00000
     0.75325    -0.65774    -0.00090
     0.00068    -0.00059     1.00000
           0           3          10           5
    -8.90213     7.78038    12.74636
    -0.65774    -0.75325    -0.00000
     0.75325    -0.65774    -0.00090
     0.00068    -0.00059     1.00000
           0           3          11           1
   -11.69875     5.50602   -12.76145
    -0.42435    -0.90550    -0.00000
     0.90550    -0.42435    -0.00079
     0.00072    -0.00034     1.00000
           0           3          11           2
   -11.69557     5.50094    -6.38605
    -0.42435    -0.90550    -0.00000
     0.90550    -0.42435    -0.00079
     0.00072    -0.00034     1.00000
           0           3          11           3
   -11.69236     5.49589    -0.01065
    -0.42435    -0.90550    -0.00000
     0.90550    -0.42435    -0.00079
     0.00072    -0.00034     1.00000
           0           3          11           4
   -11.68917     5.49083     6.36475
    -0.42435    -0.90550    -0.00000
     0.90550    -0.42435    -0.00079
     0.00072    -0.00034     1.00000
           0           3          11           5
   -11.68598     5.48577    12.74014
    -0.42434    -0.90550    -0.00000
     0.90550    -0.42434    -0.00079
     0.00072    -0.00034     1.00000
           0           3          12           1
   -10.31043     1.43782   -12.74578
    -0.13532    -0.99080    -0.00000
     0.99080    -0.13532    -0.00061
     0.00060    -0.00008     1.00000
           0           3          12           2
   -10.30723     1.43275    -6.37039
    -0.13532    -0.99080    -0.00000
     0.99080    -0.13532    -0.00061
     0.00060    -0.00008     1.00000
           0           3          12           3
   -10.30404     1.42770     0.00501
    -0.13532    -0.99080    -0.00000
     0.99080    -0.13532    -0.00061
     0.00060    -0.00008     1.00000
           0           3          12           4
   -10.30082     1.42265     6.38041
    -0.13532    -0.99080    -0.00000
     0.99080    -0.13532    -0.00061
     0.00060    -0.00008     1.00000
           0           3          12           5
   -10.29761     1.41759    12.75580
    -0.13532    -0.99080    -0.00000
     0.99080    -0.13532    -0.00061
     0.00060    -0.00008     1.00000
           0           3          13           1
   -11.57743    -2.04042   -12.75718
     0.17649    -0.98430    -0.00000
     0.98430     0.17649    -0.00036
     0.00035     0.00006     1.00000
           0           3          13           2
   -11.57423    -2.04547    -6.38179
     0.17649    -0.98430    -0.00000
     0.98430     0.17649    -0.00036
     0.00035     0.00006     1.00000
           0           3          13           3
   -11.57104    -2.05053    -0.00639
     0.17649    -0.98430    -0.00000
     0.98430     0.17649    -0.00036
     0.00035     0.00006     1.00000
           0           3          13           4
   -11.56784    -2.05556     6.36900
     0.17649    -0.98430    -0.00000
     0.98430     0.17649    -0.00036
     0.00035     0.00006     1.00000
           0           3          13           5
   -11.56464    -2.06060    12.74441
     0.17648    -0.98430    -0.00000
     0.98430     0.17648    -0.00036
     0.00035     0.00006     1.00000
           0           3          14           1
   -11.57474    -5.65321   -12.78012
     0.44144    -0.89729    -0.00000
     0.89729     0.44144    -0.00010
     0.00009     0.00004     1.00000
           0           3          14           2
   -11.57154    -5.65829    -6.40472
     0.44144    -0.89729    -0.00000
     0.89729     0.44144    -0.00010
     0.00009     0.00004     1.00000
           0           3          14           3
   -11.56834    -5.66335    -0.02933
     0.44144    -0.89729    -0.00000
     0.89729     0.44144    -0.00010
     0.00009     0.00004     1.00000
           0           3          14           4
   -11.56512    -5.66843     6.34607
     0.44144    -0.89729    -0.00000
     0.89729     0.44144    -0.00010
     0.00009     0.00004     1.00000
           0           3          14           5
   -11.56192    -5.67350    12.72147
     0.44144    -0.89729    -0.00000
     0.89729     0.44144    -0.00010
     0.00009     0.00004     1.00000
           0           3          15           1
    -7.52005    -7.07343   -12.76820
     0.68766    -0.72603     0.00000
     0.72603     0.68766     0.00018
    -0.00013    -0.00012     1.00000
           0           3          15           2
    -7.51686    -7.07847    -6.39280
     0.68766    -0.72603     0.00000
     0.72603     0.68766     0.00018
    -0.00013    -0.00012     1.00000
           0           3          15           3
    -7.51367    -7.08350    -0.01741
     0.68766    -0.72603     0.00000
     0.72603     0.68766     0.00018
    -0.00013    -0.00012     1.00000
           0           3          15           4
    -7.51049    -7.08853     6.35799
     0.68766    -0.72603     0.00000
     0.72603     0.68766     0.00018
    -0.00013    -0.00012     1.00000
           0           3          15           5
    -7.50730    -7.09358    12.73339
     0.68766    -0.72603     0.00000
     0.72603     0.68766     0.00018
    -0.00013    -0.00012     1.00000
           0           3          16           1
    -5.63860   -10.31162   -12.77155
     0.87868    -0.47741     0.00000
     0.47741     0.87868     0.00045
    -0.00021    -0.00040     1.00000
           0           3          16           2
    -5.63541   -10.31668    -6.39615
     0.87868    -0.47741     0.00000
     0.47741     0.87868     0.00045
    -0.00021    -0.00040     1.00000
           0           3          16           3
