 SVX cage parameters:
     2.20000
     0.50000     0.20000
     0.00000
           6
   -40.00000   -26.50000   -26.50000    26.50000    26.50000    40.00000
    53.00000    53.00000    22.00000    22.00000    53.00000    53.00000
     0.00000     0.00000     0.00000
 SVX barrel parameters:
           4
     2.63000     5.13000    11.76500    16.68700     1.21400
     0.00000     0.00000     0.00000     0.00000
           4           4           5           6
     0.69600     0.69600     1.74500     1.74500
     0.01000     0.01000     0.03125     0.03125
     2.83600     2.83600     3.18770     3.18770
     0.01900     0.01900     0.00000     0.00000
     0.02000     0.02000     0.00000     0.00000
    26.70000    13.60000    17.00000    12.00000
   -13.00000   -13.02000     0.00000     0.00000
           2
           5           5
     0.00000   180.00000
           2
          10          10
     0.00000   180.00000
           2
           8           8
     0.00000   180.00000
           2
          12          12
     0.00000   180.00000
 SVX barrel sensor rotation matrices and translation vectors:
           0           1           1           1
     1.63733    -2.05816     8.53800
     0.62149     0.78342    -0.00000
    -0.78342     0.62149    -0.00000
    -0.00000     0.00000     1.00000
           0           1           1           2
     1.63733    -2.05816     2.84600
     0.62149     0.78342    -0.00000
    -0.78342     0.62149    -0.00000
    -0.00000     0.00000     1.00000
           0           1           1           3
     1.63733    -2.05816    -2.84600
     0.62149     0.78342    -0.00000
    -0.78342     0.62149    -0.00000
    -0.00000     0.00000     1.00000
           0           1           1           4
     1.63733    -2.05816    -8.53800
     0.62149     0.78342    -0.00000
    -0.78342     0.62149    -0.00000
    -0.00000     0.00000     1.00000
           0           1           2           1
     2.34374    -1.19322     8.53832
     0.24038     0.97068    -0.00000
    -0.97068     0.24038    -0.00000
     0.00000     0.00000     1.00000
           0           1           2           2
     2.34374    -1.19322     2.84632
     0.24038     0.97068    -0.00000
    -0.97068     0.24038    -0.00000
     0.00000     0.00000     1.00000
           0           1           2           3
     2.34374    -1.19322    -2.84568
     0.24038     0.97068    -0.00000
    -0.97068     0.24038    -0.00000
     0.00000     0.00000     1.00000
           0           1           2           4
     2.34374    -1.19322    -8.53768
     0.24038     0.97068    -0.00000
    -0.97068     0.24038    -0.00000
     0.00000     0.00000     1.00000
           0           1           3           1
     2.62999    -0.01060     8.53696
    -0.22225     0.97499     0.00000
    -0.97499    -0.22225     0.00000
     0.00000     0.00000     1.00000
           0           1           3           2
     2.62999    -0.01060     2.84496
    -0.22225     0.97499     0.00000
    -0.97499    -0.22225     0.00000
     0.00000     0.00000     1.00000
           0           1           3           3
     2.62999    -0.01060    -2.84704
    -0.22225     0.97499     0.00000
    -0.97499    -0.22225     0.00000
     0.00000     0.00000     1.00000
           0           1           3           4
     2.62999    -0.01060    -8.53904
    -0.22225     0.97499     0.00000
    -0.97499    -0.22225     0.00000
     0.00000     0.00000     1.00000
           0           1           4           1
     2.34993     1.18100     8.53807
    -0.63950     0.76879     0.00000
    -0.76879    -0.63950     0.00000
     0.00000     0.00000     1.00000
           0           1           4           2
     2.34993     1.18100     2.84607
    -0.63950     0.76879     0.00000
    -0.76879    -0.63950     0.00000
     0.00000     0.00000     1.00000
           0           1           4           3
     2.34993     1.18100    -2.84593
    -0.63950     0.76879     0.00000
    -0.76879    -0.63950     0.00000
     0.00000     0.00000     1.00000
           0           1           4           4
     2.34993     1.18100    -8.53793
    -0.63950     0.76879     0.00000
    -0.76879    -0.63950     0.00000
     0.00000     0.00000     1.00000
           0           1           5           1
     1.58837     2.09619     8.53678
    -0.91297     0.40803     0.00000
    -0.40803    -0.91297     0.00000
     0.00000     0.00000     1.00000
           0           1           5           2
     1.58837     2.09619     2.84477
    -0.91297     0.40803     0.00000
    -0.40803    -0.91297     0.00000
     0.00000     0.00000     1.00000
           0           1           5           3
     1.58837     2.09619    -2.84723
    -0.91297     0.40803     0.00000
    -0.40803    -0.91297     0.00000
     0.00000     0.00000     1.00000
           0           1           5           4
     1.58837     2.09619    -8.53923
    -0.91297     0.40803     0.00000
    -0.40803    -0.91297     0.00000
     0.00000     0.00000     1.00000
           0           1           6           1
    -1.56627     2.11276    -8.54741
     0.91721     0.39840     0.00000
     0.39840    -0.91721     0.00000
     0.00000    -0.00000    -1.00000
           0           1           6           2
    -1.56627     2.11276    -2.85541
     0.91721     0.39840     0.00000
     0.39840    -0.91721     0.00000
     0.00000    -0.00000    -1.00000
           0           1           6           3
    -1.56627     2.11276     2.83659
     0.91721     0.39840     0.00000
     0.39840    -0.91721     0.00000
     0.00000    -0.00000    -1.00000
           0           1           6           4
    -1.56627     2.11276     8.52859
     0.91721     0.39840     0.00000
     0.39840    -0.91721     0.00000
     0.00000    -0.00000    -1.00000
           0           1           7           1
    -2.34736     1.18610    -8.54105
     0.64117     0.76740    -0.00000
     0.76740    -0.64117    -0.00000
    -0.00000     0.00000    -1.00000
           0           1           7           2
    -2.34736     1.18610    -2.84905
     0.64117     0.76740    -0.00000
     0.76740    -0.64117    -0.00000
    -0.00000     0.00000    -1.00000
           0           1           7           3
    -2.34736     1.18610     2.84295
     0.64117     0.76740    -0.00000
     0.76740    -0.64117    -0.00000
    -0.00000     0.00000    -1.00000
           0           1           7           4
    -2.34736     1.18610     8.53495
     0.64117     0.76740    -0.00000
     0.76740    -0.64117    -0.00000
    -0.00000     0.00000    -1.00000
           0           1           8           1
    -2.63000     0.00796    -8.54236
     0.22912     0.97340    -0.00000
     0.97340    -0.22912    -0.00000
    -0.00000     0.00000    -1.00000
           0           1           8           2
    -2.62999     0.00796    -2.85036
     0.22912     0.97340    -0.00000
     0.97340    -0.22912    -0.00000
    -0.00000     0.00000    -1.00000
           0           1           8           3
    -2.62999     0.00796     2.84164
     0.22912     0.97340    -0.00000
     0.97340    -0.22912    -0.00000
    -0.00000     0.00000    -1.00000
           0           1           8           4
    -2.62999     0.00796     8.53364
     0.22912     0.97340    -0.00000
     0.97340    -0.22912    -0.00000
    -0.00000     0.00000    -1.00000
           0           1           9           1
    -2.34957    -1.18172    -8.53965
    -0.23562     0.97184    -0.00000
     0.97184     0.23562    -0.00000
    -0.00000    -0.00000    -1.00000
           0           1           9           2
    -2.34957    -1.18172    -2.84765
    -0.23562     0.97184    -0.00000
     0.97184     0.23562    -0.00000
    -0.00000    -0.00000    -1.00000
           0           1           9           3
    -2.34957    -1.18172     2.84435
    -0.23562     0.97184    -0.00000
     0.97184     0.23562    -0.00000
    -0.00000    -0.00000    -1.00000
           0           1           9           4
    -2.34957    -1.18172     8.53635
    -0.23562     0.97184    -0.00000
     0.97184     0.23562    -0.00000
    -0.00000    -0.00000    -1.00000
           0           1          10           1
    -1.55562    -2.12061    -8.54202
    -0.65163     0.75853    -0.00000
     0.75853     0.65163    -0.00000
    -0.00000    -0.00000    -1.00000
           0           1          10           2
    -1.55562    -2.12061    -2.85002
    -0.65163     0.75853    -0.00000
     0.75853     0.65163    -0.00000
    -0.00000    -0.00000    -1.00000
           0           1          10           3
    -1.55562    -2.12061     2.84198
    -0.65163     0.75853    -0.00000
     0.75853     0.65163    -0.00000
    -0.00000    -0.00000    -1.00000
           0           1          10           4
    -1.55562    -2.12061     8.53398
    -0.65163     0.75853    -0.00000
     0.75853     0.65163    -0.00000
    -0.00000    -0.00000    -1.00000
           0           2           1           1
     2.46630    -4.49825     8.53691
     0.74557     0.66643    -0.00000
    -0.66643     0.74557    -0.00000
    -0.00000     0.00000     1.00000
           0           2           1           2
     2.46630    -4.49825     2.84491
     0.74557     0.66643    -0.00000
    -0.66643     0.74557    -0.00000
    -0.00000     0.00000     1.00000
           0           2           1           3
     2.46630    -4.49825    -2.84709
     0.74557     0.66643    -0.00000
    -0.66643     0.74557    -0.00000
    -0.00000     0.00000     1.00000
           0           2           1           4
     2.46630    -4.49825    -8.53909
     0.74557     0.66643    -0.00000
    -0.66643     0.74557    -0.00000
    -0.00000     0.00000     1.00000
           0           2           2           1
     3.43984    -3.80584     8.53454
     0.57121     0.82080    -0.00000
    -0.82080     0.57121    -0.00000
     0.00000     0.00000     1.00000
           0           2           2           2
     3.43984    -3.80584     2.84255
     0.57121     0.82080    -0.00000
    -0.82080     0.57121    -0.00000
     0.00000     0.00000     1.00000
           0           2           2           3
     3.43984    -3.80584    -2.84945
     0.57121     0.82080    -0.00000
    -0.82080     0.57121    -0.00000
     0.00000     0.00000     1.00000
           0           2           2           4
     3.43984    -3.80584    -8.54146
     0.57121     0.82080    -0.00000
    -0.82080     0.57121    -0.00000
     0.00000     0.00000     1.00000
           0           2           3           1
     4.24207    -2.88475     8.53804
     0.36097     0.93258    -0.00000
    -0.93258     0.36097    -0.00000
     0.00000     0.00000     1.00000
           0           2           3           2
     4.24207    -2.88475     2.84604
     0.36097     0.93258    -0.00000
    -0.93258     0.36097    -0.00000
     0.00000     0.00000     1.00000
           0           2           3           3
     4.24207    -2.88475    -2.84596
     0.36097     0.93258    -0.00000
    -0.93258     0.36097    -0.00000
     0.00000     0.00000     1.00000
           0           2           3           4
     4.24207    -2.88475    -8.53796
     0.36097     0.93258    -0.00000
    -0.93258     0.36097    -0.00000
     0.00000     0.00000     1.00000
           0           2           4           1
     4.80374    -1.80032     8.54414
     0.13031     0.99147    -0.00000
    -0.99147     0.13031    -0.00000
    -0.00000     0.00000     1.00000
           0           2           4           2
     4.80374    -1.80032     2.85214
     0.13031     0.99147    -0.00000
    -0.99147     0.13031    -0.00000
    -0.00000     0.00000     1.00000
           0           2           4           3
     4.80374    -1.80032    -2.83986
     0.13031     0.99147    -0.00000
    -0.99147     0.13031    -0.00000
    -0.00000     0.00000     1.00000
           0           2           4           4
     4.80374    -1.80032    -8.53186
     0.13031     0.99147    -0.00000
    -0.99147     0.13031    -0.00000
    -0.00000     0.00000     1.00000
           0           2           5           1
     5.09276    -0.61693     8.54439
    -0.10713     0.99425     0.00000
    -0.99425    -0.10713     0.00000
     0.00000     0.00000     1.00000
           0           2           5           2
     5.09276    -0.61693     2.85239
    -0.10713     0.99425     0.00000
    -0.99425    -0.10713     0.00000
     0.00000     0.00000     1.00000
           0           2           5           3
     5.09276    -0.61693    -2.83961
    -0.10713     0.99425     0.00000
    -0.99425    -0.10713     0.00000
     0.00000     0.00000     1.00000
           0           2           5           4
     5.09276    -0.61693    -8.53161
    -0.10713     0.99425     0.00000
    -0.99425    -0.10713     0.00000
     0.00000     0.00000     1.00000
           0           2           6           1
     5.09610     0.58867     8.54260
    -0.33621     0.94179     0.00000
    -0.94179    -0.33621     0.00000
     0.00000     0.00000     1.00000
           0           2           6           2
     5.09610     0.58867     2.85060
    -0.33621     0.94179     0.00000
    -0.94179    -0.33621     0.00000
     0.00000     0.00000     1.00000
           0           2           6           3
     5.09610     0.58867    -2.84140
    -0.33621     0.94179     0.00000
    -0.94179    -0.33621     0.00000
     0.00000     0.00000     1.00000
           0           2           6           4
     5.09610     0.58867    -8.53340
    -0.33621     0.94179     0.00000
    -0.94179    -0.33621     0.00000
     0.00000     0.00000     1.00000
           0           2           7           1
     4.81148     1.77950     8.54471
    -0.54980     0.83530     0.00000
    -0.83530    -0.54980     0.00000
     0.00000     0.00000     1.00000
           0           2           7           2
     4.81148     1.77950     2.85271
    -0.54980     0.83530     0.00000
    -0.83530    -0.54980     0.00000
     0.00000     0.00000     1.00000
           0           2           7           3
     4.81148     1.77950    -2.83929
    -0.54980     0.83530     0.00000
    -0.83530    -0.54980     0.00000
     0.00000     0.00000     1.00000
           0           2           7           4
     4.81148     1.77950    -8.53129
    -0.54980     0.83530     0.00000
    -0.83530    -0.54980     0.00000
     0.00000     0.00000     1.00000
           0           2           8           1
     4.25359     2.86772     8.54243
    -0.73189     0.68142     0.00000
    -0.68142    -0.73189     0.00000
     0.00000     0.00000     1.00000
           0           2           8           2
     4.25359     2.86772     2.85043
    -0.73189     0.68142     0.00000
    -0.68142    -0.73189     0.00000
     0.00000     0.00000     1.00000
           0           2           8           3
     4.25359     2.86772    -2.84157
    -0.73189     0.68142     0.00000
    -0.68142    -0.73189     0.00000
     0.00000     0.00000     1.00000
           0           2           8           4
     4.25359     2.86772    -8.53357
    -0.73189     0.68142     0.00000
    -0.68142    -0.73189     0.00000
     0.00000     0.00000     1.00000
           0           2           9           1
     3.45510     3.79199     8.53785
    -0.87222     0.48911     0.00000
    -0.48911    -0.87222     0.00000
     0.00000     0.00000     1.00000
           0           2           9           2
     3.45510     3.79199     2.84585
    -0.87222     0.48911     0.00000
    -0.48911    -0.87222     0.00000
     0.00000     0.00000     1.00000
           0           2           9           3
     3.45510     3.79199    -2.84615
    -0.87222     0.48911     0.00000
    -0.48911    -0.87222     0.00000
     0.00000     0.00000     1.00000
           0           2           9           4
     3.45510     3.79199    -8.53815
    -0.87222     0.48911     0.00000
    -0.48911    -0.87222     0.00000
     0.00000     0.00000     1.00000
           0           2          10           1
     2.40629     4.53064     8.53366
    -0.96630     0.25740     0.00000
    -0.25740    -0.96630     0.00000
     0.00000     0.00000     1.00000
           0           2          10           2
     2.40629     4.53064     2.84166
    -0.96630     0.25740     0.00000
    -0.25740    -0.96630     0.00000
     0.00000     0.00000     1.00000
           0           2          10           3
     2.40629     4.53064    -2.85034
    -0.96630     0.25740     0.00000
    -0.25740    -0.96630     0.00000
     0.00000     0.00000     1.00000
           0           2          10           4
     2.40629     4.53064    -8.54234
    -0.96630     0.25740     0.00000
    -0.25740    -0.96630     0.00000
     0.00000     0.00000     1.00000
           0           2          11           1
    -2.46970     4.49639    -8.53977
     0.96259     0.27095     0.00000
     0.27095    -0.96259     0.00000
     0.00000    -0.00000    -1.00000
           0           2          11           2
    -2.46970     4.49639    -2.84777
     0.96259     0.27095     0.00000
     0.27095    -0.96259     0.00000
     0.00000    -0.00000    -1.00000
           0           2          11           3
    -2.46970     4.49639     2.84423
     0.96259     0.27095     0.00000
     0.27095    -0.96259     0.00000
     0.00000    -0.00000    -1.00000
           0           2          11           4
    -2.46970     4.49639     8.53623
     0.96259     0.27095     0.00000
     0.27095    -0.96259     0.00000
     0.00000    -0.00000    -1.00000
           0           2          12           1
    -3.45918     3.78827    -8.53800
     0.87170     0.49004     0.00000
     0.49004    -0.87170     0.00000
     0.00000    -0.00000    -1.00000
           0           2          12           2
    -3.45918     3.78827    -2.84600
     0.87170     0.49004     0.00000
     0.49004    -0.87170     0.00000
     0.00000    -0.00000    -1.00000
           0           2          12           3
    -3.45918     3.78827     2.84600
     0.87170     0.49004     0.00000
     0.49004    -0.87170     0.00000
     0.00000    -0.00000    -1.00000
           0           2          12           4
    -3.45918     3.78827     8.53800
     0.87170     0.49004     0.00000
     0.49004    -0.87170     0.00000
     0.00000    -0.00000    -1.00000
           0           2          13           1
    -4.25415     2.86690    -8.54136
     0.73176     0.68157     0.00000
     0.68157    -0.73176     0.00000
     0.00000    -0.00000    -1.00000
           0           2          13           2
    -4.25415     2.86690    -2.84936
     0.73176     0.68157     0.00000
     0.68157    -0.73176     0.00000
     0.00000    -0.00000    -1.00000
           0           2          13           3
    -4.25415     2.86690     2.84264
     0.73176     0.68157     0.00000
     0.68157    -0.73176     0.00000
     0.00000    -0.00000    -1.00000
           0           2          13           4
    -4.25415     2.86690     8.53464
     0.73176     0.68157     0.00000
     0.68157    -0.73176     0.00000
     0.00000    -0.00000    -1.00000
           0           2          14           1
    -4.80664     1.79255    -8.53636
     0.55207     0.83380    -0.00000
     0.83380    -0.55207    -0.00000
    -0.00000     0.00000    -1.00000
           0           2          14           2
    -4.80664     1.79255    -2.84436
     0.55207     0.83380    -0.00000
     0.83380    -0.55207    -0.00000
    -0.00000     0.00000    -1.00000
           0           2          14           3
    -4.80664     1.79255     2.84764
     0.55207     0.83380    -0.00000
     0.83380    -0.55207    -0.00000
    -0.00000     0.00000    -1.00000
           0           2          14           4
    -4.80664     1.79255     8.53964
     0.55207     0.83380    -0.00000
     0.83380    -0.55207    -0.00000
    -0.00000     0.00000    -1.00000
           0           2          15           1
    -5.09415     0.60538    -8.54088
     0.33930     0.94068    -0.00000
     0.94068    -0.33930    -0.00000
    -0.00000     0.00000    -1.00000
           0           2          15           2
    -5.09415     0.60538    -2.84888
     0.33930     0.94068    -0.00000
     0.94068    -0.33930    -0.00000
    -0.00000     0.00000    -1.00000
           0           2          15           3
    -5.09415     0.60538     2.84312
     0.33930     0.94068    -0.00000
     0.94068    -0.33930    -0.00000
    -0.00000     0.00000    -1.00000
           0           2          15           4
    -5.09415     0.60538     8.53512
     0.33930     0.94068    -0.00000
     0.94068    -0.33930    -0.00000
    -0.00000     0.00000    -1.00000
           0           2          16           1
    -5.09422    -0.60488    -8.53626
     0.10950     0.99399    -0.00000
     0.99399    -0.10950    -0.00000
    -0.00000     0.00000    -1.00000
           0           2          16           2
    -5.09422    -0.60488    -2.84426
     0.10950     0.99399    -0.00000
     0.99399    -0.10950    -0.00000
    -0.00000     0.00000    -1.00000
           0           2          16           3
    -5.09422    -0.60488     2.84774
     0.10950     0.99399    -0.00000
     0.99399    -0.10950    -0.00000
    -0.00000     0.00000    -1.00000
           0           2          16           4
    -5.09422    -0.60488     8.53974
     0.10950     0.99399    -0.00000
     0.99399    -0.10950    -0.00000
    -0.00000     0.00000    -1.00000
           0           2          17           1
    -4.80867    -1.78708    -8.53728
    -0.12759     0.99183    -0.00000
     0.99183     0.12759    -0.00000
    -0.00000    -0.00000    -1.00000
           0           2          17           2
    -4.80867    -1.78708    -2.84528
    -0.12759     0.99183    -0.00000
     0.99183     0.12759    -0.00000
    -0.00000    -0.00000    -1.00000
           0           2          17           3
    -4.80867    -1.78708     2.84672
    -0.12759     0.99183    -0.00000
     0.99183     0.12759    -0.00000
    -0.00000    -0.00000    -1.00000
           0           2          17           4
    -4.80867    -1.78708     8.53872
    -0.12759     0.99183    -0.00000
     0.99183     0.12759    -0.00000
    -0.00000    -0.00000    -1.00000
           0           2          18           1
    -4.25250    -2.86935    -8.54041
    -0.35759     0.93388    -0.00000
     0.93388     0.35759    -0.00000
    -0.00000    -0.00000    -1.00000
           0           2          18           2
    -4.25250    -2.86935    -2.84842
    -0.35759     0.93388    -0.00000
     0.93388     0.35759    -0.00000
    -0.00000    -0.00000    -1.00000
           0           2          18           3
    -4.25250    -2.86935     2.84358
    -0.35759     0.93388    -0.00000
     0.93388     0.35759    -0.00000
    -0.00000    -0.00000    -1.00000
           0           2          18           4
    -4.25250    -2.86935     8.53559
    -0.35759     0.93388    -0.00000
     0.93388     0.35759    -0.00000
    -0.00000    -0.00000    -1.00000
           0           2          19           1
    -3.45816    -3.78920    -8.54217
    -0.56725     0.82355    -0.00000
     0.82355     0.56725    -0.00000
    -0.00000    -0.00000    -1.00000
           0           2          19           2
    -3.45816    -3.78920    -2.85017
    -0.56725     0.82355    -0.00000
     0.82355     0.56725    -0.00000
    -0.00000    -0.00000    -1.00000
           0           2          19           3
    -3.45816    -3.78920     2.84183
    -0.56725     0.82355    -0.00000
     0.82355     0.56725    -0.00000
    -0.00000    -0.00000    -1.00000
           0           2          19           4
    -3.45816    -3.78920     8.53383
    -0.56725     0.82355    -0.00000
     0.82355     0.56725    -0.00000
    -0.00000    -0.00000    -1.00000
           0           2          20           1
    -2.46293    -4.50010    -8.54399
    -0.74607     0.66587    -0.00000
     0.66587     0.74607    -0.00000
    -0.00000    -0.00000    -1.00000
           0           2          20           2
    -2.46293    -4.50010    -2.85201
    -0.74607     0.66587    -0.00000
     0.66587     0.74607    -0.00000
    -0.00000    -0.00000    -1.00000
           0           2          20           3
    -2.46293    -4.50010     2.83999
    -0.74607     0.66587    -0.00000
     0.66587     0.74607    -0.00000
    -0.00000    -0.00000    -1.00000
           0           2          20           4
    -2.46293    -4.50010     8.53201
    -0.74607     0.66587    -0.00000
     0.66587     0.74607    -0.00000
    -0.00000    -0.00000    -1.00000
           0           3           1           1
     5.62395   -10.33375    12.74931
    -0.87834    -0.47803    -0.00000
    -0.47803     0.87834    -0.00000
     0.00000    -0.00000    -1.00000
           0           3           1           2
     5.62395   -10.33375     6.37391
    -0.87834    -0.47803    -0.00000
    -0.47803     0.87834    -0.00000
     0.00000    -0.00000    -1.00000
           0           3           1           3
     5.62395   -10.33375    -0.00149
    -0.87834    -0.47803    -0.00000
    -0.47803     0.87834    -0.00000
     0.00000    -0.00000    -1.00000
           0           3           1           4
     5.62395   -10.33375    -6.37689
    -0.87834    -0.47803    -0.00000
    -0.47803     0.87834    -0.00000
     0.00000    -0.00000    -1.00000
           0           3           1           5
     5.62395   -10.33375   -12.75230
    -0.87834    -0.47803    -0.00000
    -0.47803     0.87834    -0.00000
     0.00000    -0.00000    -1.00000
           0           3           2           1
     7.51420    -7.13208    12.74319
    -0.68843    -0.72531     0.00000
    -0.72531     0.68843     0.00000
    -0.00000     0.00000    -1.00000
           0           3           2           2
     7.51420    -7.13208     6.36779
    -0.68843    -0.72531     0.00000
    -0.72531     0.68843     0.00000
    -0.00000     0.00000    -1.00000
           0           3           2           3
     7.51420    -7.13208    -0.00761
    -0.68843    -0.72531     0.00000
    -0.72531     0.68843     0.00000
    -0.00000     0.00000    -1.00000
           0           3           2           4
     7.51420    -7.13208    -6.38300
    -0.68843    -0.72531     0.00000
    -0.72531     0.68843     0.00000
    -0.00000     0.00000    -1.00000
           0           3           2           5
     7.51420    -7.13208   -12.75841
    -0.68843    -0.72531     0.00000
    -0.72531     0.68843     0.00000
    -0.00000     0.00000    -1.00000
           0           3           3           1
    11.53603    -5.65606    12.74816
    -0.44022    -0.89789     0.00000
    -0.89789     0.44022     0.00000
    -0.00000     0.00000    -1.00000
           0           3           3           2
    11.53603    -5.65606     6.37277
    -0.44022    -0.89789     0.00000
    -0.89789     0.44022     0.00000
    -0.00000     0.00000    -1.00000
           0           3           3           3
    11.53603    -5.65606    -0.00263
    -0.44022    -0.89789     0.00000
    -0.89789     0.44022     0.00000
    -0.00000     0.00000    -1.00000
           0           3           3           4
    11.53603    -5.65606    -6.37803
    -0.44022    -0.89789     0.00000
    -0.89789     0.44022     0.00000
    -0.00000     0.00000    -1.00000
           0           3           3           5
    11.53603    -5.65606   -12.75344
    -0.44022    -0.89789     0.00000
    -0.89789     0.44022     0.00000
    -0.00000     0.00000    -1.00000
           0           3           4           1
    11.58233    -2.06517    12.74521
    -0.17554    -0.98447     0.00000
    -0.98447     0.17554     0.00000
    -0.00000     0.00000    -1.00000
           0           3           4           2
    11.58233    -2.06517     6.36981
    -0.17554    -0.98447     0.00000
    -0.98447     0.17554     0.00000
    -0.00000     0.00000    -1.00000
           0           3           4           3
    11.58233    -2.06517    -0.00559
    -0.17554    -0.98447     0.00000
    -0.98447     0.17554     0.00000
    -0.00000     0.00000    -1.00000
           0           3           4           4
    11.58233    -2.06517    -6.38099
    -0.17554    -0.98447     0.00000
    -0.98447     0.17554     0.00000
    -0.00000     0.00000    -1.00000
           0           3           4           5
    11.58233    -2.06517   -12.75639
    -0.17554    -0.98447     0.00000
    -0.98447     0.17554     0.00000
    -0.00000     0.00000    -1.00000
           0           3           5           1
    10.26297     1.41463    12.74326
     0.13654    -0.99063     0.00000
    -0.99063    -0.13654     0.00000
    -0.00000    -0.00000    -1.00000
           0           3           5           2
    10.26297     1.41463     6.36786
     0.13654    -0.99063     0.00000
    -0.99063    -0.13654     0.00000
    -0.00000    -0.00000    -1.00000
           0           3           5           3
    10.26297     1.41463    -0.00754
     0.13654    -0.99063     0.00000
    -0.99063    -0.13654     0.00000
    -0.00000    -0.00000    -1.00000
           0           3           5           4
    10.26297     1.41463    -6.38294
     0.13654    -0.99063     0.00000
    -0.99063    -0.13654     0.00000
    -0.00000    -0.00000    -1.00000
           0           3           5           5
    10.26297     1.41463   -12.75834
     0.13654    -0.99063     0.00000
    -0.99063    -0.13654     0.00000
    -0.00000    -0.00000    -1.00000
           0           3           6           1
    11.64153     5.43562    12.75345
     0.42308    -0.90609     0.00000
    -0.90609    -0.42308     0.00000
    -0.00000    -0.00000    -1.00000
           0           3           6           2
    11.64153     5.43562     6.37805
     0.42308    -0.90609     0.00000
    -0.90609    -0.42308     0.00000
    -0.00000    -0.00000    -1.00000
           0           3           6           3
    11.64153     5.43562     0.00265
     0.42308    -0.90609     0.00000
    -0.90609    -0.42308     0.00000
    -0.00000    -0.00000    -1.00000
           0           3           6           4
    11.64153     5.43562    -6.37275
     0.42308    -0.90609     0.00000
    -0.90609    -0.42308     0.00000
    -0.00000    -0.00000    -1.00000
           0           3           6           5
    11.64153     5.43562   -12.74815
     0.42308    -0.90609     0.00000
    -0.90609    -0.42308     0.00000
    -0.00000    -0.00000    -1.00000
           0           3           7           1
     8.87643     7.72166    12.75203
     0.65633    -0.75448     0.00000
    -0.75448    -0.65633     0.00000
    -0.00000    -0.00000    -1.00000
           0           3           7           2
     8.87643     7.72166     6.37663
     0.65633    -0.75448     0.00000
    -0.75448    -0.65633     0.00000
    -0.00000    -0.00000    -1.00000
           0           3           7           3
     8.87643     7.72166     0.00123
     0.65633    -0.75448     0.00000
    -0.75448    -0.65633     0.00000
    -0.00000    -0.00000    -1.00000
           0           3           7           4
     8.87643     7.72166    -6.37417
     0.65633    -0.75448     0.00000
    -0.75448    -0.65633     0.00000
    -0.00000    -0.00000    -1.00000
           0           3           7           5
     8.87643     7.72166   -12.74957
     0.65633    -0.75448     0.00000
    -0.75448    -0.65633     0.00000
    -0.00000    -0.00000    -1.00000
           0           3           8           1
     5.31611     8.89205    12.74279
     0.85831    -0.51313     0.00000
    -0.51313    -0.85831     0.00000
    -0.00000    -0.00000    -1.00000
           0           3           8           2
     5.31611     8.89205     6.36739
     0.85831    -0.51313     0.00000
    -0.51313    -0.85831     0.00000
    -0.00000    -0.00000    -1.00000
           0           3           8           3
     5.31611     8.89205    -0.00801
     0.85831    -0.51313     0.00000
    -0.51313    -0.85831     0.00000
    -0.00000    -0.00000    -1.00000
           0           3           8           4
     5.31611     8.89205    -6.38341
     0.85831    -0.51313     0.00000
    -0.51313    -0.85831     0.00000
    -0.00000    -0.00000    -1.00000
           0           3           8           5
     5.31611     8.89205   -12.75881
     0.85831    -0.51313     0.00000
    -0.51313    -0.85831     0.00000
    -0.00000    -0.00000    -1.00000
           0           3           9           1
    -5.30745     8.89723   -12.72800
    -0.85880    -0.51231    -0.00000
     0.51231    -0.85880    -0.00000
     0.00000     0.00000     1.00000
           0           3           9           2
    -5.30745     8.89723    -6.35260
    -0.85880    -0.51231    -0.00000
     0.51231    -0.85880    -0.00000
     0.00000     0.00000     1.00000
           0           3           9           3
    -5.30745     8.89723     0.02280
    -0.85880    -0.51231    -0.00000
     0.51231    -0.85880    -0.00000
     0.00000     0.00000     1.00000
           0           3           9           4
    -5.30745     8.89723     6.39820
    -0.85880    -0.51231    -0.00000
     0.51231    -0.85880    -0.00000
     0.00000     0.00000     1.00000
           0           3           9           5
    -5.30745     8.89723    12.77360
    -0.85880    -0.51231    -0.00000
     0.51231    -0.85880    -0.00000
     0.00000     0.00000     1.00000
           0           3          10           1
    -8.85444     7.74687   -12.74374
    -0.65847    -0.75260    -0.00000
     0.75260    -0.65847    -0.00000
     0.00000     0.00000     1.00000
           0           3          10           2
    -8.85444     7.74687    -6.36834
    -0.65847    -0.75260    -0.00000
     0.75260    -0.65847    -0.00000
     0.00000     0.00000     1.00000
           0           3          10           3
    -8.85444     7.74687     0.00706
    -0.65847    -0.75260    -0.00000
     0.75260    -0.65847    -0.00000
     0.00000     0.00000     1.00000
           0           3          10           4
    -8.85444     7.74687     6.38246
    -0.65847    -0.75260    -0.00000
     0.75260    -0.65847    -0.00000
     0.00000     0.00000     1.00000
           0           3          10           5
    -8.85444     7.74687    12.75786
    -0.65847    -0.75260    -0.00000
     0.75260    -0.65847    -0.00000
     0.00000     0.00000     1.00000
           0           3          11           1
   -11.63003     5.46016   -12.73755
    -0.42498    -0.90520    -0.00000
     0.90520    -0.42498    -0.00000
     0.00000     0.00000     1.00000
           0           3          11           2
   -11.63003     5.46016    -6.36215
    -0.42498    -0.90520    -0.00000
     0.90520    -0.42498    -0.00000
     0.00000     0.00000     1.00000
           0           3          11           3
   -11.63003     5.46016     0.01325
    -0.42498    -0.90520    -0.00000
     0.90520    -0.42498    -0.00000
     0.00000     0.00000     1.00000
           0           3          11           4
   -11.63003     5.46016     6.38865
    -0.42498    -0.90520    -0.00000
     0.90520    -0.42498    -0.00000
     0.00000     0.00000     1.00000
           0           3          11           5
   -11.63003     5.46016    12.76405
    -0.42498    -0.90520    -0.00000
     0.90520    -0.42498    -0.00000
     0.00000     0.00000     1.00000
           0           3          12           1
   -10.26413     1.40620   -12.74007
    -0.13573    -0.99075    -0.00000
     0.99075    -0.13573    -0.00000
     0.00000    -0.00000     1.00000
           0           3          12           2
   -10.26413     1.40620    -6.36467
    -0.13573    -0.99075    -0.00000
     0.99075    -0.13573    -0.00000
     0.00000    -0.00000     1.00000
           0           3          12           3
   -10.26413     1.40620     0.01073
    -0.13573    -0.99075    -0.00000
     0.99075    -0.13573    -0.00000
     0.00000    -0.00000     1.00000
           0           3          12           4
   -10.26413     1.40620     6.38613
    -0.13573    -0.99075    -0.00000
     0.99075    -0.13573    -0.00000
     0.00000    -0.00000     1.00000
           0           3          12           5
   -10.26413     1.40620    12.76153
    -0.13573    -0.99075    -0.00000
     0.99075    -0.13573    -0.00000
     0.00000    -0.00000     1.00000
           0           3          13           1
   -11.58106    -2.07237   -12.73096
     0.17615    -0.98436    -0.00000
     0.98436     0.17615    -0.00000
     0.00000     0.00000     1.00000
           0           3          13           2
   -11.58106    -2.07237    -6.35556
     0.17615    -0.98436    -0.00000
     0.98436     0.17615    -0.00000
     0.00000     0.00000     1.00000
           0           3          13           3
   -11.58106    -2.07237     0.01984
     0.17615    -0.98436    -0.00000
     0.98436     0.17615    -0.00000
     0.00000     0.00000     1.00000
           0           3          13           4
   -11.58106    -2.07237     6.39524
     0.17615    -0.98436    -0.00000
     0.98436     0.17615    -0.00000
     0.00000     0.00000     1.00000
           0           3          13           5
   -11.58106    -2.07237    12.77064
     0.17615    -0.98436    -0.00000
     0.98436     0.17615    -0.00000
     0.00000     0.00000     1.00000
           0           3          14           1
   -11.52964    -5.66908   -12.74283
     0.44124    -0.89739    -0.00000
     0.89739     0.44124    -0.00000
     0.00000     0.00000     1.00000
           0           3          14           2
   -11.52964    -5.66908    -6.36743
     0.44124    -0.89739    -0.00000
     0.89739     0.44124    -0.00000
     0.00000     0.00000     1.00000
           0           3          14           3
   -11.52964    -5.66908     0.00797
     0.44124    -0.89739    -0.00000
     0.89739     0.44124    -0.00000
     0.00000     0.00000     1.00000
           0           3          14           4
   -11.52964    -5.66908     6.38337
     0.44124    -0.89739    -0.00000
     0.89739     0.44124    -0.00000
     0.00000     0.00000     1.00000
           0           3          14           5
   -11.52964    -5.66908    12.75877
     0.44124    -0.89739    -0.00000
     0.89739     0.44124    -0.00000
     0.00000     0.00000     1.00000
           0           3          15           1
    -7.52790    -7.11761   -12.74520
     0.68704    -0.72662    -0.00000
     0.72662     0.68704    -0.00000
     0.00000     0.00000     1.00000
           0           3          15           2
    -7.52790    -7.11761    -6.36980
     0.68704    -0.72662    -0.00000
     0.72662     0.68704    -0.00000
     0.00000     0.00000     1.00000
           0           3          15           3
    -7.52790    -7.11761     0.00560
     0.68704    -0.72662    -0.00000
     0.72662     0.68704    -0.00000
     0.00000     0.00000     1.00000
           0           3          15           4
    -7.52790    -7.11761     6.38100
     0.68704    -0.72662    -0.00000
     0.72662     0.68704    -0.00000
     0.00000     0.00000     1.00000
           0           3          15           5
    -7.52790    -7.11761    12.75640
     0.68704    -0.72662    -0.00000
     0.72662     0.68704    -0.00000
     0.00000     0.00000     1.00000
           0           3          16           1
    -5.63674   -10.32679   -12.74729
     0.87775    -0.47911    -0.00000
     0.47911     0.87775    -0.00000
     0.00000     0.00000     1.00000
           0           3          16           2
    -5.63674   -10.32679    -6.37189
     0.87775    -0.47911    -0.00000
     0.47911     0.87775    -0.00000
     0.00000     0.00000     1.00000
           0           3          16           3
