 SVX cage parameters:
     2.20000
     0.50000     0.20000
     0.00000
           6
   -40.00000   -26.50000   -26.50000    26.50000    26.50000    40.00000
    53.00000    53.00000    22.14782    22.14782    53.00000    53.00000
     0.00000     0.00000     0.00000
 SVX barrel parameters:
           4
     2.63000     5.19260    11.76500    16.68700     1.14100
     0.00000     0.00000     0.00000     0.00000
           4           4           5           6
     0.69600     0.69600     1.74500     1.74500
     0.01000     0.01000     0.03125     0.03125
     2.83600     2.83600     3.18770     3.18770
     0.01900     0.01900     0.00000     0.00000
     0.02000     0.02000     0.00000     0.00000
    26.70000    13.62600    17.00000    12.00000
   -13.00000   -12.98000     0.00000     0.00000
           2
           5           5
     0.00000   180.00000
           2
          10          10
     0.00000   180.00000
           2
           8           8
     0.00000   180.00000
           2
          12          12
     0.00000   180.00000
 SVX barrel sensor rotation matrices and translation vectors:
           0           1           1           1
     1.62112    -2.09213     8.68754
     0.63036     0.77630     0.00000
    -0.77630     0.63036     0.00000
     0.00000     0.00000     1.00000
           0           1           1           2
     1.62112    -2.09213     2.99555
     0.63036     0.77630     0.00000
    -0.77630     0.63036     0.00000
     0.00000     0.00000     1.00000
           0           1           1           3
     1.62112    -2.09213    -2.69647
     0.63036     0.77630     0.00000
    -0.77630     0.63036     0.00000
     0.00000     0.00000     1.00000
           0           1           1           4
     1.62112    -2.09213    -8.38847
     0.63036     0.77630     0.00000
    -0.77630     0.63036     0.00000
     0.00000     0.00000     1.00000
           0           1           2           1
     2.36391    -1.13748     8.68842
     0.21429     0.97677     0.00000
    -0.97677     0.21429     0.00000
     0.00000     0.00000     1.00000
           0           1           2           2
     2.36391    -1.13748     2.99643
     0.21429     0.97677     0.00000
    -0.97677     0.21429     0.00000
     0.00000     0.00000     1.00000
           0           1           2           3
     2.36391    -1.13748    -2.69558
     0.21429     0.97677     0.00000
    -0.97677     0.21429     0.00000
     0.00000     0.00000     1.00000
           0           1           2           4
     2.36391    -1.13748    -8.38758
     0.21429     0.97677     0.00000
    -0.97677     0.21429     0.00000
     0.00000     0.00000     1.00000
           0           1           3           1
     2.61450     0.04193     8.68080
    -0.24750     0.96889     0.00000
    -0.96889    -0.24750     0.00000
     0.00000     0.00000     1.00000
           0           1           3           2
     2.61450     0.04193     2.98881
    -0.24750     0.96889     0.00000
    -0.96889    -0.24750     0.00000
     0.00000     0.00000     1.00000
           0           1           3           3
     2.61450     0.04193    -2.70320
    -0.24750     0.96889     0.00000
    -0.96889    -0.24750     0.00000
     0.00000     0.00000     1.00000
           0           1           3           4
     2.61450     0.04193    -8.39520
    -0.24750     0.96889     0.00000
    -0.96889    -0.24750     0.00000
     0.00000     0.00000     1.00000
           0           1           4           1
     2.33269     1.22167     8.68725
    -0.65649     0.75434     0.00000
    -0.75434    -0.65649     0.00000
     0.00000     0.00000     1.00000
           0           1           4           2
     2.33269     1.22167     2.99526
    -0.65649     0.75434     0.00000
    -0.75434    -0.65649     0.00000
     0.00000     0.00000     1.00000
           0           1           4           3
     2.33269     1.22167    -2.69675
    -0.65649     0.75434     0.00000
    -0.75434    -0.65649     0.00000
     0.00000     0.00000     1.00000
           0           1           4           4
     2.33269     1.22167    -8.38875
    -0.65649     0.75434     0.00000
    -0.75434    -0.65649     0.00000
     0.00000     0.00000     1.00000
           0           1           5           1
     1.51152     2.11062     8.67063
    -0.92544     0.37889     0.00000
    -0.37889    -0.92544     0.00000
     0.00000     0.00000     1.00000
           0           1           5           2
     1.51152     2.11062     2.97864
    -0.92544     0.37889     0.00000
    -0.37889    -0.92544     0.00000
     0.00000     0.00000     1.00000
           0           1           5           3
     1.51152     2.11062    -2.71337
    -0.92544     0.37889     0.00000
    -0.37889    -0.92544     0.00000
     0.00000     0.00000     1.00000
           0           1           5           4
     1.51152     2.11062    -8.40537
    -0.92544     0.37889     0.00000
    -0.37889    -0.92544     0.00000
     0.00000     0.00000     1.00000
           0           1           6           1
    -1.53025     2.08348    -8.55427
     0.92324     0.38423     0.00000
     0.38423    -0.92324     0.00000
     0.00000    -0.00000    -1.00000
           0           1           6           2
    -1.53025     2.08348    -2.86227
     0.92324     0.38423     0.00000
     0.38423    -0.92324     0.00000
     0.00000    -0.00000    -1.00000
           0           1           6           3
    -1.53025     2.08348     2.82973
     0.92324     0.38423     0.00000
     0.38423    -0.92324     0.00000
     0.00000    -0.00000    -1.00000
           0           1           6           4
    -1.53025     2.08348     8.52173
     0.92324     0.38423     0.00000
     0.38423    -0.92324     0.00000
     0.00000    -0.00000    -1.00000
           0           1           7           1
    -2.32502     1.17762    -8.55325
     0.65211     0.75813     0.00000
     0.75813    -0.65211     0.00000
     0.00000    -0.00000    -1.00000
           0           1           7           2
    -2.32502     1.17762    -2.86125
     0.65211     0.75813     0.00000
     0.75813    -0.65211     0.00000
     0.00000    -0.00000    -1.00000
           0           1           7           3
    -2.32502     1.17762     2.83075
     0.65211     0.75813     0.00000
     0.75813    -0.65211     0.00000
     0.00000    -0.00000    -1.00000
           0           1           7           4
    -2.32502     1.17762     8.52275
     0.65211     0.75813     0.00000
     0.75813    -0.65211     0.00000
     0.00000    -0.00000    -1.00000
           0           1           8           1
    -2.64399     0.01582    -8.56417
     0.24188     0.97031     0.00000
     0.97031    -0.24188    -0.00000
    -0.00000     0.00000    -1.00000
           0           1           8           2
    -2.64399     0.01582    -2.87217
     0.24188     0.97031     0.00000
     0.97031    -0.24188    -0.00000
    -0.00000     0.00000    -1.00000
           0           1           8           3
    -2.64399     0.01582     2.81983
     0.24188     0.97031     0.00000
     0.97031    -0.24188    -0.00000
    -0.00000     0.00000    -1.00000
           0           1           8           4
    -2.64399     0.01582     8.51183
     0.24188     0.97031     0.00000
     0.97031    -0.24188    -0.00000
    -0.00000     0.00000    -1.00000
           0           1           9           1
    -2.37480    -1.16664    -8.54747
    -0.21993     0.97552     0.00000
     0.97552     0.21993    -0.00000
    -0.00000    -0.00000    -1.00000
           0           1           9           2
    -2.37480    -1.16664    -2.85547
    -0.21993     0.97552     0.00000
     0.97552     0.21993    -0.00000
    -0.00000    -0.00000    -1.00000
           0           1           9           3
    -2.37480    -1.16664     2.83653
    -0.21993     0.97552     0.00000
     0.97552     0.21993    -0.00000
    -0.00000    -0.00000    -1.00000
           0           1           9           4
    -2.37480    -1.16664     8.52853
    -0.21993     0.97552     0.00000
     0.97552     0.21993    -0.00000
    -0.00000    -0.00000    -1.00000
           0           1          10           1
    -1.64267    -2.12875    -8.54554
    -0.63480     0.77267     0.00000
     0.77267     0.63480    -0.00000
    -0.00000    -0.00000    -1.00000
           0           1          10           2
    -1.64267    -2.12875    -2.85354
    -0.63480     0.77267     0.00000
     0.77267     0.63480    -0.00000
    -0.00000    -0.00000    -1.00000
           0           1          10           3
    -1.64267    -2.12875     2.83846
    -0.63480     0.77267     0.00000
     0.77267     0.63480    -0.00000
    -0.00000    -0.00000    -1.00000
           0           1          10           4
    -1.64267    -2.12875     8.53046
    -0.63480     0.77267     0.00000
     0.77267     0.63480    -0.00000
    -0.00000    -0.00000    -1.00000
           0           2           1           1
     2.58509    -4.51627     8.68247
     0.73769     0.67514     0.00000
    -0.67514     0.73769     0.00000
     0.00000     0.00000     1.00000
           0           2           1           2
     2.58509    -4.51627     2.99048
     0.73769     0.67514     0.00000
    -0.67514     0.73769     0.00000
     0.00000     0.00000     1.00000
           0           2           1           3
     2.58509    -4.51627    -2.70152
     0.73769     0.67514     0.00000
    -0.67514     0.73769     0.00000
     0.00000     0.00000     1.00000
           0           2           1           4
     2.58509    -4.51627    -8.39353
     0.73769     0.67514     0.00000
    -0.67514     0.73769     0.00000
     0.00000     0.00000     1.00000
           0           2           2           1
     3.57118    -3.79420     8.68721
     0.55787     0.82993     0.00000
    -0.82993     0.55787     0.00000
     0.00000     0.00000     1.00000
           0           2           2           2
     3.57118    -3.79420     2.99521
     0.55787     0.82993     0.00000
    -0.82993     0.55787     0.00000
     0.00000     0.00000     1.00000
           0           2           2           3
     3.57118    -3.79420    -2.69679
     0.55787     0.82993     0.00000
    -0.82993     0.55787     0.00000
     0.00000     0.00000     1.00000
           0           2           2           4
     3.57118    -3.79420    -8.38879
     0.55787     0.82993     0.00000
    -0.82993     0.55787     0.00000
     0.00000     0.00000     1.00000
           0           2           3           1
     4.33857    -2.83881     8.67635
     0.34665     0.93799     0.00000
    -0.93799     0.34665     0.00000
     0.00000     0.00000     1.00000
           0           2           3           2
     4.33857    -2.83881     2.98435
     0.34665     0.93799     0.00000
    -0.93799     0.34665     0.00000
     0.00000     0.00000     1.00000
           0           2           3           3
     4.33857    -2.83881    -2.70765
     0.34665     0.93799     0.00000
    -0.93799     0.34665     0.00000
     0.00000     0.00000     1.00000
           0           2           3           4
     4.33857    -2.83881    -8.39965
     0.34665     0.93799     0.00000
    -0.93799     0.34665     0.00000
     0.00000     0.00000     1.00000
           0           2           4           1
     4.87590    -1.73669     8.67823
     0.11593     0.99326     0.00000
    -0.99326     0.11593     0.00000
     0.00000     0.00000     1.00000
           0           2           4           2
     4.87590    -1.73669     2.98623
     0.11593     0.99326     0.00000
    -0.99326     0.11593     0.00000
     0.00000     0.00000     1.00000
           0           2           4           3
     4.87590    -1.73669    -2.70577
     0.11593     0.99326     0.00000
    -0.99326     0.11593     0.00000
     0.00000     0.00000     1.00000
           0           2           4           4
     4.87590    -1.73669    -8.39777
     0.11593     0.99326     0.00000
    -0.99326     0.11593     0.00000
     0.00000     0.00000     1.00000
           0           2           5           1
     5.16872    -0.54519     8.67423
    -0.12134     0.99261     0.00000
    -0.99261    -0.12134     0.00000
     0.00000     0.00000     1.00000
           0           2           5           2
     5.16872    -0.54519     2.98223
    -0.12134     0.99261     0.00000
    -0.99261    -0.12134     0.00000
     0.00000     0.00000     1.00000
           0           2           5           3
     5.16872    -0.54519    -2.70977
    -0.12134     0.99261     0.00000
    -0.99261    -0.12134     0.00000
     0.00000     0.00000     1.00000
           0           2           5           4
     5.16872    -0.54519    -8.40178
    -0.12134     0.99261     0.00000
    -0.99261    -0.12134     0.00000
     0.00000     0.00000     1.00000
           0           2           6           1
     5.08706     0.66821     8.65894
    -0.35177     0.93609     0.00000
    -0.93609    -0.35177     0.00000
     0.00000     0.00000     1.00000
           0           2           6           2
     5.08706     0.66821     2.96694
    -0.35177     0.93609     0.00000
    -0.93609    -0.35177     0.00000
     0.00000     0.00000     1.00000
           0           2           6           3
     5.08706     0.66821    -2.72506
    -0.35177     0.93609     0.00000
    -0.93609    -0.35177     0.00000
     0.00000     0.00000     1.00000
           0           2           6           4
     5.08706     0.66821    -8.41706
    -0.35177     0.93609     0.00000
    -0.93609    -0.35177     0.00000
     0.00000     0.00000     1.00000
           0           2           7           1
     4.88125     1.88955     8.67847
    -0.56240     0.82686     0.00000
    -0.82686    -0.56240     0.00000
     0.00000     0.00000     1.00000
           0           2           7           2
     4.88125     1.88955     2.98647
    -0.56240     0.82686     0.00000
    -0.82686    -0.56240     0.00000
     0.00000     0.00000     1.00000
           0           2           7           3
     4.88125     1.88955    -2.70553
    -0.56240     0.82686     0.00000
    -0.82686    -0.56240     0.00000
     0.00000     0.00000     1.00000
           0           2           7           4
     4.88125     1.88955    -8.39753
    -0.56240     0.82686     0.00000
    -0.82686    -0.56240     0.00000
     0.00000     0.00000     1.00000
           0           2           8           1
     4.28905     2.95972     8.67536
    -0.74136     0.67110     0.00000
    -0.67110    -0.74136     0.00000
     0.00000     0.00000     1.00000
           0           2           8           2
     4.28905     2.95972     2.98336
    -0.74136     0.67110     0.00000
    -0.67110    -0.74136     0.00000
     0.00000     0.00000     1.00000
           0           2           8           3
     4.28905     2.95972    -2.70864
    -0.74136     0.67110     0.00000
    -0.67110    -0.74136     0.00000
     0.00000     0.00000     1.00000
           0           2           8           4
     4.28905     2.95972    -8.40064
    -0.74136     0.67110     0.00000
    -0.67110    -0.74136     0.00000
     0.00000     0.00000     1.00000
           0           2           9           1
     3.43940     3.84724     8.66251
    -0.87860     0.47756     0.00000
    -0.47756    -0.87860     0.00000
     0.00000     0.00000     1.00000
           0           2           9           2
     3.43940     3.84724     2.97051
    -0.87860     0.47756     0.00000
    -0.47756    -0.87860     0.00000
     0.00000     0.00000     1.00000
           0           2           9           3
     3.43940     3.84724    -2.72149
    -0.87860     0.47756     0.00000
    -0.47756    -0.87860     0.00000
     0.00000     0.00000     1.00000
           0           2           9           4
     3.43940     3.84724    -8.41349
    -0.87860     0.47756     0.00000
    -0.47756    -0.87860     0.00000
     0.00000     0.00000     1.00000
           0           2          10           1
     2.43279     4.53648     8.67332
    -0.96638     0.25713     0.00000
    -0.25713    -0.96638     0.00000
     0.00000     0.00000     1.00000
           0           2          10           2
     2.43279     4.53648     2.98132
    -0.96638     0.25713     0.00000
    -0.25713    -0.96638     0.00000
     0.00000     0.00000     1.00000
           0           2          10           3
     2.43279     4.53648    -2.71068
    -0.96638     0.25713     0.00000
    -0.25713    -0.96638     0.00000
     0.00000     0.00000     1.00000
           0           2          10           4
     2.43279     4.53648    -8.40268
    -0.96638     0.25713     0.00000
    -0.25713    -0.96638     0.00000
     0.00000     0.00000     1.00000
           0           2          11           1
    -2.44253     4.51224    -8.56831
     0.96542     0.26070     0.00000
     0.26070    -0.96542     0.00000
     0.00000    -0.00000    -1.00000
           0           2          11           2
    -2.44253     4.51224    -2.87631
     0.96542     0.26070     0.00000
     0.26070    -0.96542     0.00000
     0.00000    -0.00000    -1.00000
           0           2          11           3
    -2.44253     4.51224     2.81568
     0.96542     0.26070     0.00000
     0.26070    -0.96542     0.00000
     0.00000    -0.00000    -1.00000
           0           2          11           4
    -2.44253     4.51224     8.50769
     0.96542     0.26070     0.00000
     0.26070    -0.96542     0.00000
     0.00000    -0.00000    -1.00000
           0           2          12           1
    -3.48536     3.85411    -8.56457
     0.87683     0.48079     0.00000
     0.48079    -0.87683     0.00000
     0.00000    -0.00000    -1.00000
           0           2          12           2
    -3.48536     3.85411    -2.87257
     0.87683     0.48079     0.00000
     0.48079    -0.87683     0.00000
     0.00000    -0.00000    -1.00000
           0           2          12           3
    -3.48536     3.85411     2.81943
     0.87683     0.48079     0.00000
     0.48079    -0.87683     0.00000
     0.00000    -0.00000    -1.00000
           0           2          12           4
    -3.48536     3.85411     8.51143
     0.87683     0.48079     0.00000
     0.48079    -0.87683     0.00000
     0.00000    -0.00000    -1.00000
           0           2          13           1
    -4.27409     2.91337    -8.56709
     0.73888     0.67384     0.00000
     0.67384    -0.73888     0.00000
     0.00000    -0.00000    -1.00000
           0           2          13           2
    -4.27409     2.91337    -2.87509
     0.73888     0.67384     0.00000
     0.67384    -0.73888     0.00000
     0.00000    -0.00000    -1.00000
           0           2          13           3
    -4.27409     2.91337     2.81691
     0.73888     0.67384     0.00000
     0.67384    -0.73888     0.00000
     0.00000    -0.00000    -1.00000
           0           2          13           4
    -4.27409     2.91337     8.50891
     0.73888     0.67384     0.00000
     0.67384    -0.73888     0.00000
     0.00000    -0.00000    -1.00000
           0           2          14           1
    -4.83494     1.82634    -8.56779
     0.55933     0.82894     0.00000
     0.82894    -0.55933     0.00000
     0.00000    -0.00000    -1.00000
           0           2          14           2
    -4.83494     1.82634    -2.87579
     0.55933     0.82894     0.00000
     0.82894    -0.55933     0.00000
     0.00000    -0.00000    -1.00000
           0           2          14           3
    -4.83494     1.82634     2.81621
     0.55933     0.82894     0.00000
     0.82894    -0.55933     0.00000
     0.00000    -0.00000    -1.00000
           0           2          14           4
    -4.83494     1.82634     8.50821
     0.55933     0.82894     0.00000
     0.82894    -0.55933     0.00000
     0.00000    -0.00000    -1.00000
           0           2          15           1
    -5.18649     0.65030    -8.56596
     0.34830     0.93738     0.00000
     0.93738    -0.34830    -0.00000
    -0.00000     0.00000    -1.00000
           0           2          15           2
    -5.18649     0.65030    -2.87396
     0.34830     0.93738     0.00000
     0.93738    -0.34830    -0.00000
    -0.00000     0.00000    -1.00000
           0           2          15           3
    -5.18649     0.65030     2.81804
     0.34830     0.93738     0.00000
     0.93738    -0.34830    -0.00000
    -0.00000     0.00000    -1.00000
           0           2          15           4
    -5.18649     0.65030     8.51004
     0.34830     0.93738     0.00000
     0.93738    -0.34830    -0.00000
    -0.00000     0.00000    -1.00000
           0           2          16           1
    -5.16945    -0.57517    -8.55964
     0.11767     0.99305     0.00000
     0.99305    -0.11767    -0.00000
    -0.00000     0.00000    -1.00000
           0           2          16           2
    -5.16945    -0.57517    -2.86764
     0.11767     0.99305     0.00000
     0.99305    -0.11767    -0.00000
    -0.00000     0.00000    -1.00000
           0           2          16           3
    -5.16945    -0.57517     2.82436
     0.11767     0.99305     0.00000
     0.99305    -0.11767    -0.00000
    -0.00000     0.00000    -1.00000
           0           2          16           4
    -5.16945    -0.57517     8.51636
     0.11767     0.99305     0.00000
     0.99305    -0.11767    -0.00000
    -0.00000     0.00000    -1.00000
           0           2          17           1
    -4.87650    -1.76629    -8.56109
    -0.11960     0.99282     0.00000
     0.99282     0.11960    -0.00000
    -0.00000    -0.00000    -1.00000
           0           2          17           2
    -4.87650    -1.76629    -2.86909
    -0.11960     0.99282     0.00000
     0.99282     0.11960    -0.00000
    -0.00000    -0.00000    -1.00000
           0           2          17           3
    -4.87650    -1.76629     2.82291
    -0.11960     0.99282     0.00000
     0.99282     0.11960    -0.00000
    -0.00000    -0.00000    -1.00000
           0           2          17           4
    -4.87650    -1.76629     8.51491
    -0.11960     0.99282     0.00000
     0.99282     0.11960    -0.00000
    -0.00000    -0.00000    -1.00000
           0           2          18           1
    -4.34502    -2.87081    -8.56367
    -0.35012     0.93671     0.00000
     0.93671     0.35012    -0.00000
    -0.00000    -0.00000    -1.00000
           0           2          18           2
    -4.34502    -2.87081    -2.87167
    -0.35012     0.93671     0.00000
     0.93671     0.35012    -0.00000
    -0.00000    -0.00000    -1.00000
           0           2          18           3
    -4.34501    -2.87081     2.82033
    -0.35012     0.93671     0.00000
     0.93671     0.35012    -0.00000
    -0.00000    -0.00000    -1.00000
           0           2          18           4
    -4.34501    -2.87081     8.51233
    -0.35012     0.93671     0.00000
     0.93671     0.35012    -0.00000
    -0.00000    -0.00000    -1.00000
           0           2          19           1
    -3.57652    -3.82586    -8.55583
    -0.56094     0.82786     0.00000
     0.82786     0.56094    -0.00000
    -0.00000    -0.00000    -1.00000
           0           2          19           2
    -3.57652    -3.82586    -2.86383
    -0.56094     0.82786     0.00000
     0.82786     0.56094    -0.00000
    -0.00000    -0.00000    -1.00000
           0           2          19           3
    -3.57652    -3.82586     2.82817
    -0.56094     0.82786     0.00000
     0.82786     0.56094    -0.00000
    -0.00000    -0.00000    -1.00000
           0           2          19           4
    -3.57652    -3.82586     8.52017
    -0.56094     0.82786     0.00000
     0.82786     0.56094    -0.00000
    -0.00000    -0.00000    -1.00000
           0           2          20           1
    -2.60526    -4.56667    -8.55603
    -0.74017     0.67241     0.00000
     0.67241     0.74017    -0.00000
    -0.00000    -0.00000    -1.00000
           0           2          20           2
    -2.60526    -4.56667    -2.86403
    -0.74017     0.67241     0.00000
     0.67241     0.74017    -0.00000
    -0.00000    -0.00000    -1.00000
           0           2          20           3
    -2.60526    -4.56667     2.82797
    -0.74017     0.67241     0.00000
     0.67241     0.74017    -0.00000
    -0.00000    -0.00000    -1.00000
           0           2          20           4
    -2.60526    -4.56667     8.51997
    -0.74017     0.67241     0.00000
     0.67241     0.74017    -0.00000
    -0.00000    -0.00000    -1.00000
           0           3           1           1
     5.80030   -10.25522    12.84521
    -0.87212    -0.48929     0.00000
    -0.48929     0.87212     0.00000
    -0.00000     0.00000    -1.00000
           0           3           1           2
     5.80030   -10.25522     6.46981
    -0.87212    -0.48929     0.00000
    -0.48929     0.87212     0.00000
    -0.00000     0.00000    -1.00000
           0           3           1           3
     5.80030   -10.25522     0.09441
    -0.87212    -0.48929     0.00000
    -0.48929     0.87212     0.00000
    -0.00000     0.00000    -1.00000
           0           3           1           4
     5.80030   -10.25522    -6.28099
    -0.87212    -0.48929     0.00000
    -0.48929     0.87212     0.00000
    -0.00000     0.00000    -1.00000
           0           3           1           5
     5.80030   -10.25522   -12.65639
    -0.87212    -0.48929     0.00000
    -0.48929     0.87212     0.00000
    -0.00000     0.00000    -1.00000
           0           3           2           1
     7.66201    -7.04312    12.83558
    -0.67775    -0.73530     0.00000
    -0.73530     0.67775     0.00000
    -0.00000     0.00000    -1.00000
           0           3           2           2
     7.66201    -7.04312     6.46018
    -0.67775    -0.73530     0.00000
    -0.73530     0.67775     0.00000
    -0.00000     0.00000    -1.00000
           0           3           2           3
     7.66201    -7.04312     0.08478
    -0.67775    -0.73530     0.00000
    -0.73530     0.67775     0.00000
    -0.00000     0.00000    -1.00000
           0           3           2           4
     7.66201    -7.04312    -6.29062
    -0.67775    -0.73530     0.00000
    -0.73530     0.67775     0.00000
    -0.00000     0.00000    -1.00000
           0           3           2           5
     7.66201    -7.04312   -12.66602
    -0.67775    -0.73530     0.00000
    -0.73530     0.67775     0.00000
    -0.00000     0.00000    -1.00000
           0           3           3           1
    11.55830    -5.49308    12.83251
    -0.43060    -0.90254     0.00000
    -0.90254     0.43060     0.00000
    -0.00000     0.00000    -1.00000
           0           3           3           2
    11.55830    -5.49308     6.45711
    -0.43060    -0.90254     0.00000
    -0.90254     0.43060     0.00000
    -0.00000     0.00000    -1.00000
           0           3           3           3
    11.55830    -5.49308     0.08171
    -0.43060    -0.90254     0.00000
    -0.90254     0.43060     0.00000
    -0.00000     0.00000    -1.00000
           0           3           3           4
    11.55830    -5.49308    -6.29369
    -0.43060    -0.90254     0.00000
    -0.90254     0.43060     0.00000
    -0.00000     0.00000    -1.00000
           0           3           3           5
    11.55830    -5.49308   -12.66909
    -0.43060    -0.90254     0.00000
    -0.90254     0.43060     0.00000
    -0.00000     0.00000    -1.00000
           0           3           4           1
    11.58150    -1.91134    12.85005
    -0.16413    -0.98644     0.00000
    -0.98644     0.16413     0.00000
    -0.00000     0.00000    -1.00000
           0           3           4           2
    11.58150    -1.91134     6.47464
    -0.16413    -0.98644     0.00000
    -0.98644     0.16413     0.00000
    -0.00000     0.00000    -1.00000
           0           3           4           3
    11.58150    -1.91134     0.09924
    -0.16413    -0.98644     0.00000
    -0.98644     0.16413     0.00000
    -0.00000     0.00000    -1.00000
           0           3           4           4
    11.58150    -1.91134    -6.27616
    -0.16413    -0.98644     0.00000
    -0.98644     0.16413     0.00000
    -0.00000     0.00000    -1.00000
           0           3           4           5
    11.58150    -1.91134   -12.65156
    -0.16413    -0.98644     0.00000
    -0.98644     0.16413     0.00000
    -0.00000     0.00000    -1.00000
           0           3           5           1
    10.09565     1.53113    12.82157
     0.14941    -0.98878     0.00000
    -0.98878    -0.14941     0.00000
    -0.00000    -0.00000    -1.00000
           0           3           5           2
    10.09565     1.53113     6.44617
     0.14941    -0.98878     0.00000
    -0.98878    -0.14941     0.00000
    -0.00000    -0.00000    -1.00000
           0           3           5           3
    10.09565     1.53113     0.07077
     0.14941    -0.98878     0.00000
    -0.98878    -0.14941     0.00000
    -0.00000    -0.00000    -1.00000
           0           3           5           4
    10.09565     1.53113    -6.30463
     0.14941    -0.98878     0.00000
    -0.98878    -0.14941     0.00000
    -0.00000    -0.00000    -1.00000
           0           3           5           5
    10.09565     1.53113   -12.68003
     0.14941    -0.98878     0.00000
    -0.98878    -0.14941     0.00000
    -0.00000    -0.00000    -1.00000
           0           3           6           1
    11.66374     5.63275    12.87238
     0.43451    -0.90067     0.00000
    -0.90067    -0.43451     0.00000
    -0.00000    -0.00000    -1.00000
           0           3           6           2
    11.66374     5.63275     6.49698
     0.43451    -0.90067     0.00000
    -0.90067    -0.43451     0.00000
    -0.00000    -0.00000    -1.00000
           0           3           6           3
    11.66374     5.63275     0.12158
     0.43451    -0.90067     0.00000
    -0.90067    -0.43451     0.00000
    -0.00000    -0.00000    -1.00000
           0           3           6           4
    11.66374     5.63275    -6.25382
     0.43451    -0.90067     0.00000
    -0.90067    -0.43451     0.00000
    -0.00000    -0.00000    -1.00000
           0           3           6           5
    11.66374     5.63275   -12.62922
     0.43451    -0.90067     0.00000
    -0.90067    -0.43451     0.00000
    -0.00000    -0.00000    -1.00000
           0           3           7           1
     8.77112     7.81463    12.85295
     0.66671    -0.74532     0.00000
    -0.74532    -0.66671     0.00000
    -0.00000    -0.00000    -1.00000
           0           3           7           2
     8.77112     7.81463     6.47755
     0.66671    -0.74532     0.00000
    -0.74532    -0.66671     0.00000
    -0.00000    -0.00000    -1.00000
           0           3           7           3
     8.77112     7.81463     0.10214
     0.66671    -0.74532     0.00000
    -0.74532    -0.66671     0.00000
    -0.00000    -0.00000    -1.00000
           0           3           7           4
     8.77112     7.81463    -6.27326
     0.66671    -0.74532     0.00000
    -0.74532    -0.66671     0.00000
    -0.00000    -0.00000    -1.00000
           0           3           7           5
     8.77112     7.81463   -12.64865
     0.66671    -0.74532     0.00000
    -0.74532    -0.66671     0.00000
    -0.00000    -0.00000    -1.00000
           0           3           8           1
     5.21608     8.94758    12.84376
     0.86474    -0.50223     0.00000
    -0.50223    -0.86474     0.00000
    -0.00000    -0.00000    -1.00000
           0           3           8           2
     5.21608     8.94758     6.46836
     0.86474    -0.50223     0.00000
    -0.50223    -0.86474     0.00000
    -0.00000    -0.00000    -1.00000
           0           3           8           3
     5.21608     8.94758     0.09296
     0.86474    -0.50223     0.00000
    -0.50223    -0.86474     0.00000
    -0.00000    -0.00000    -1.00000
           0           3           8           4
     5.21608     8.94758    -6.28244
     0.86474    -0.50223     0.00000
    -0.50223    -0.86474     0.00000
    -0.00000    -0.00000    -1.00000
           0           3           8           5
     5.21608     8.94758   -12.65784
     0.86474    -0.50223     0.00000
    -0.50223    -0.86474     0.00000
    -0.00000    -0.00000    -1.00000
           0           3           9           1
    -5.26280     8.93100   -12.81584
    -0.86144    -0.50785     0.00000
     0.50785    -0.86144     0.00000
     0.00000     0.00000     1.00000
           0           3           9           2
    -5.26280     8.93100    -6.44044
    -0.86144    -0.50785     0.00000
     0.50785    -0.86144     0.00000
     0.00000     0.00000     1.00000
           0           3           9           3
    -5.26280     8.93100    -0.06503
    -0.86144    -0.50785     0.00000
     0.50785    -0.86144     0.00000
     0.00000     0.00000     1.00000
           0           3           9           4
    -5.26280     8.93100     6.31037
    -0.86144    -0.50785     0.00000
     0.50785    -0.86144     0.00000
     0.00000     0.00000     1.00000
           0           3           9           5
    -5.26280     8.93100    12.68577
    -0.86144    -0.50785     0.00000
     0.50785    -0.86144     0.00000
     0.00000     0.00000     1.00000
           0           3          10           1
    -8.77864     7.76956   -12.78970
    -0.66192    -0.74958     0.00000
     0.74958    -0.66192    -0.00000
     0.00000    -0.00000     1.00000
           0           3          10           2
    -8.77864     7.76956    -6.41430
    -0.66192    -0.74958     0.00000
     0.74958    -0.66192    -0.00000
     0.00000    -0.00000     1.00000
           0           3          10           3
    -8.77864     7.76956    -0.03890
    -0.66192    -0.74958     0.00000
     0.74958    -0.66192    -0.00000
     0.00000    -0.00000     1.00000
           0           3          10           4
    -8.77864     7.76956     6.33650
    -0.66192    -0.74958     0.00000
     0.74958    -0.66192    -0.00000
     0.00000    -0.00000     1.00000
           0           3          10           5
    -8.77864     7.76956    12.71190
    -0.66192    -0.74958     0.00000
     0.74958    -0.66192    -0.00000
     0.00000    -0.00000     1.00000
           0           3          11           1
   -11.57482     5.51173   -12.79908
    -0.42880    -0.90340     0.00000
     0.90340    -0.42880    -0.00000
     0.00000    -0.00000     1.00000
           0           3          11           2
   -11.57482     5.51173    -6.42368
    -0.42880    -0.90340     0.00000
     0.90340    -0.42880    -0.00000
     0.00000    -0.00000     1.00000
           0           3          11           3
   -11.57482     5.51173    -0.04828
    -0.42880    -0.90340     0.00000
     0.90340    -0.42880    -0.00000
     0.00000    -0.00000     1.00000
           0           3          11           4
   -11.57482     5.51173     6.32712
    -0.42880    -0.90340     0.00000
     0.90340    -0.42880    -0.00000
     0.00000    -0.00000     1.00000
           0           3          11           5
   -11.57482     5.51173    12.70252
    -0.42880    -0.90340     0.00000
     0.90340    -0.42880    -0.00000
     0.00000    -0.00000     1.00000
           0           3          12           1
   -10.27573     1.49639   -12.78317
    -0.14296    -0.98973     0.00000
     0.98973    -0.14296    -0.00000
     0.00000    -0.00000     1.00000
           0           3          12           2
   -10.27573     1.49639    -6.40777
    -0.14296    -0.98973     0.00000
     0.98973    -0.14296    -0.00000
     0.00000    -0.00000     1.00000
           0           3          12           3
   -10.27573     1.49639    -0.03237
    -0.14296    -0.98973     0.00000
     0.98973    -0.14296    -0.00000
     0.00000    -0.00000     1.00000
           0           3          12           4
   -10.27573     1.49639     6.34303
    -0.14296    -0.98973     0.00000
     0.98973    -0.14296    -0.00000
     0.00000    -0.00000     1.00000
           0           3          12           5
   -10.27573     1.49639    12.71843
    -0.14296    -0.98973     0.00000
     0.98973    -0.14296    -0.00000
     0.00000    -0.00000     1.00000
           0           3          13           1
   -11.51011    -1.95038   -12.79125
     0.17045    -0.98537    -0.00000
     0.98537     0.17045     0.00000
     0.00000     0.00000     1.00000
           0           3          13           2
   -11.51011    -1.95038    -6.41585
     0.17045    -0.98537    -0.00000
     0.98537     0.17045     0.00000
     0.00000     0.00000     1.00000
           0           3          13           3
   -11.51011    -1.95038    -0.04045
     0.17045    -0.98537    -0.00000
     0.98537     0.17045     0.00000
     0.00000     0.00000     1.00000
           0           3          13           4
   -11.51011    -1.95038     6.33495
     0.17045    -0.98537    -0.00000
     0.98537     0.17045     0.00000
     0.00000     0.00000     1.00000
           0           3          13           5
   -11.51011    -1.95038    12.71035
     0.17045    -0.98537    -0.00000
     0.98537     0.17045     0.00000
     0.00000     0.00000     1.00000
           0           3          14           1
   -11.54624    -5.55688   -12.81839
     0.43630    -0.89980    -0.00000
     0.89980     0.43630     0.00000
     0.00000     0.00000     1.00000
           0           3          14           2
   -11.54624    -5.55688    -6.44299
     0.43630    -0.89980    -0.00000
     0.89980     0.43630     0.00000
     0.00000     0.00000     1.00000
           0           3          14           3
   -11.54624    -5.55688    -0.06759
     0.43630    -0.89980    -0.00000
     0.89980     0.43630     0.00000
     0.00000     0.00000     1.00000
           0           3          14           4
   -11.54624    -5.55688     6.30781
     0.43630    -0.89980    -0.00000
     0.89980     0.43630     0.00000
     0.00000     0.00000     1.00000
           0           3          14           5
   -11.54624    -5.55688    12.68321
     0.43630    -0.89980    -0.00000
     0.89980     0.43630     0.00000
     0.00000     0.00000     1.00000
           0           3          15           1
    -7.57125    -7.03043   -12.79195
     0.68253    -0.73086    -0.00000
     0.73086     0.68253     0.00000
     0.00000     0.00000     1.00000
           0           3          15           2
    -7.57125    -7.03043    -6.41655
     0.68253    -0.73086    -0.00000
     0.73086     0.68253     0.00000
     0.00000     0.00000     1.00000
           0           3          15           3
    -7.57125    -7.03043    -0.04115
     0.68253    -0.73086    -0.00000
     0.73086     0.68253     0.00000
     0.00000     0.00000     1.00000
           0           3          15           4
    -7.57125    -7.03043     6.33425
     0.68253    -0.73086    -0.00000
     0.73086     0.68253     0.00000
     0.00000     0.00000     1.00000
           0           3          15           5
    -7.57125    -7.03043    12.70965
     0.68253    -0.73086    -0.00000
     0.73086     0.68253     0.00000
     0.00000     0.00000     1.00000
           0           3          16           1
    -5.82662   -10.36836   -12.78428
     0.87524    -0.48369    -0.00000
     0.48369     0.87524     0.00000
     0.00000     0.00000     1.00000
           0           3          16           2
    -5.82662   -10.36836    -6.40888
     0.87524    -0.48369    -0.00000
     0.48369     0.87524     0.00000
     0.00000     0.00000     1.00000
           0           3          16           3
