 SVX cage parameters:
     2.20000
     0.50000     0.20000
     0.00000
           6
   -40.00000   -26.50000   -26.50000    26.50000    26.50000    40.00000
    53.00000    53.00000    22.14782    22.14782    53.00000    53.00000
     0.00000     0.00000     0.00000
 SVX barrel parameters:
           4
     2.63000     5.19260    11.76500    16.68700     1.14100
     0.00000     0.00000     0.00000     0.00000
           4           4           5           6
     0.69600     0.69600     1.74500     1.74500
     0.01000     0.01000     0.03125     0.03125
     2.83600     2.83600     3.18770     3.18770
     0.01900     0.01900     0.00000     0.00000
     0.02000     0.02000     0.00000     0.00000
    26.70000    13.62600    17.00000    12.00000
   -13.00000   -12.98000     0.00000     0.00000
           2
           5           5
     0.00000   180.00000
           2
          10          10
     0.00000   180.00000
           2
           8           8
     0.00000   180.00000
           2
          12          12
     0.00000   180.00000
 SVX barrel sensor rotation matrices and translation vectors:
           0           1           1           1
     1.57652    -2.13132     8.67872
     0.63985     0.76850    -0.00000
    -0.76850     0.63985    -0.00041
    -0.00032     0.00026     1.00000
           0           1           1           2
     1.58343    -2.12674     2.98671
     0.63985     0.76850    -0.00000
    -0.76850     0.63985    -0.00041
    -0.00032     0.00026     1.00000
           0           1           1           3
     1.59034    -2.12216    -2.70528
     0.63985     0.76850    -0.00000
    -0.76850     0.63985    -0.00041
    -0.00032     0.00026     1.00000
           0           1           1           4
     1.59725    -2.11758    -8.39727
     0.63985     0.76850    -0.00000
    -0.76850     0.63985    -0.00041
    -0.00032     0.00026     1.00000
           0           1           2           1
     2.35224    -1.19391     8.68047
     0.22583     0.97417    -0.00000
    -0.97417     0.22583    -0.00100
    -0.00097     0.00023     1.00000
           0           1           2           2
     2.35914    -1.18933     2.98847
     0.22583     0.97417    -0.00000
    -0.97417     0.22583    -0.00100
    -0.00097     0.00023     1.00000
           0           1           2           3
     2.36605    -1.18473    -2.70352
     0.22583     0.97417    -0.00000
    -0.97417     0.22583    -0.00100
    -0.00097     0.00023     1.00000
           0           1           2           4
     2.37297    -1.18014    -8.39551
     0.22583     0.97417    -0.00000
    -0.97417     0.22583    -0.00100
    -0.00097     0.00023     1.00000
           0           1           3           1
     2.62209    -0.00936     8.67736
    -0.23518     0.97195    -0.00000
    -0.97195    -0.23518    -0.00137
    -0.00133    -0.00032     1.00000
           0           1           3           2
     2.62900    -0.00478     2.98537
    -0.23518     0.97195    -0.00000
    -0.97195    -0.23518    -0.00137
    -0.00133    -0.00032     1.00000
           0           1           3           3
     2.63591    -0.00019    -2.70662
    -0.23519     0.97195    -0.00000
    -0.97195    -0.23519    -0.00137
    -0.00133    -0.00032     1.00000
           0           1           3           4
     2.64282     0.00442    -8.39861
    -0.23519     0.97195    -0.00000
    -0.97195    -0.23519    -0.00137
    -0.00133    -0.00032     1.00000
           0           1           4           1
     2.32718     1.17118     8.68188
    -0.64670     0.76274    -0.00000
    -0.76274    -0.64670    -0.00144
    -0.00110    -0.00093     1.00000
           0           1           4           2
     2.33409     1.17576     2.98988
    -0.64671     0.76274    -0.00000
    -0.76274    -0.64671    -0.00144
    -0.00110    -0.00093     1.00000
           0           1           4           3
     2.34100     1.18034    -2.70212
    -0.64671     0.76274    -0.00000
    -0.76274    -0.64671    -0.00144
    -0.00110    -0.00093     1.00000
           0           1           4           4
     2.34791     1.18493    -8.39410
    -0.64671     0.76274    -0.00000
    -0.76274    -0.64671    -0.00144
    -0.00110    -0.00093     1.00000
           0           1           5           1
     1.53697     2.09649     8.66852
    -0.92036     0.39107    -0.00000
    -0.39107    -0.92036    -0.00122
    -0.00048    -0.00112     1.00000
           0           1           5           2
     1.54388     2.10106     2.97653
    -0.92036     0.39107    -0.00000
    -0.39107    -0.92036    -0.00122
    -0.00048    -0.00112     1.00000
           0           1           5           3
     1.55080     2.10563    -2.71547
    -0.92036     0.39107    -0.00000
    -0.39107    -0.92036    -0.00122
    -0.00048    -0.00112     1.00000
           0           1           5           4
     1.55772     2.11021    -8.40746
    -0.92036     0.39107    -0.00000
    -0.39106    -0.92036    -0.00122
    -0.00048    -0.00112     1.00000
           0           1           6           1
    -1.55029     2.09735    -8.54245
     0.92177     0.38773    -0.00000
     0.38773    -0.92177    -0.00093
    -0.00036     0.00086    -1.00000
           0           1           6           2
    -1.54742     2.09284    -2.85046
     0.92177     0.38773    -0.00000
     0.38773    -0.92177    -0.00093
    -0.00036     0.00086    -1.00000
           0           1           6           3
    -1.54456     2.08833     2.84154
     0.92178     0.38772    -0.00000
     0.38772    -0.92178    -0.00093
    -0.00036     0.00086    -1.00000
           0           1           6           4
    -1.54169     2.08381     8.53354
     0.92178     0.38772    -0.00000
     0.38772    -0.92178    -0.00093
    -0.00036     0.00086    -1.00000
           0           1           7           1
    -2.34083     1.18024    -8.54128
     0.64809     0.76156    -0.00000
     0.76156    -0.64809    -0.00090
    -0.00069     0.00058    -1.00000
           0           1           7           2
    -2.33797     1.17574    -2.84928
     0.64809     0.76157    -0.00000
     0.76157    -0.64809    -0.00090
    -0.00069     0.00058    -1.00000
           0           1           7           3
    -2.33510     1.17124     2.84272
     0.64809     0.76156    -0.00000
     0.76156    -0.64809    -0.00090
    -0.00069     0.00058    -1.00000
           0           1           7           4
    -2.33224     1.16675     8.53471
     0.64809     0.76156    -0.00000
     0.76156    -0.64809    -0.00090
    -0.00069     0.00058    -1.00000
           0           1           8           1
    -2.64912     0.01014    -8.55414
     0.23696     0.97152    -0.00000
     0.97152    -0.23696    -0.00068
    -0.00066     0.00016    -1.00000
           0           1           8           2
    -2.64628     0.00563    -2.86213
     0.23696     0.97152    -0.00000
     0.97152    -0.23696    -0.00068
    -0.00066     0.00016    -1.00000
           0           1           8           3
    -2.64342     0.00112     2.82987
     0.23696     0.97152    -0.00000
     0.97152    -0.23696    -0.00068
    -0.00066     0.00016    -1.00000
           0           1           8           4
    -2.64056    -0.00338     8.52186
     0.23696     0.97152    -0.00000
     0.97152    -0.23696    -0.00068
    -0.00066     0.00016    -1.00000
           0           1           9           1
    -2.37379    -1.17234    -8.54008
    -0.22579     0.97418    -0.00000
     0.97418     0.22579    -0.00031
    -0.00030    -0.00007    -1.00000
           0           1           9           2
    -2.37095    -1.17684    -2.84808
    -0.22579     0.97418    -0.00000
     0.97418     0.22579    -0.00031
    -0.00030    -0.00007    -1.00000
           0           1           9           3
    -2.36809    -1.18134     2.84392
    -0.22579     0.97418    -0.00000
     0.97418     0.22579    -0.00031
    -0.00030    -0.00007    -1.00000
           0           1           9           4
    -2.36524    -1.18583     8.53591
    -0.22579     0.97418    -0.00000
     0.97418     0.22579    -0.00031
    -0.00030    -0.00007    -1.00000
           0           1          10           1
    -1.60869    -2.10690    -8.54192
    -0.63885     0.76933     0.00000
     0.76933     0.63885     0.00012
     0.00009     0.00008    -1.00000
           0           1          10           2
    -1.60586    -2.11143    -2.84992
    -0.63885     0.76933     0.00000
     0.76933     0.63885     0.00012
     0.00009     0.00008    -1.00000
           0           1          10           3
    -1.60301    -2.11591     2.84208
    -0.63884     0.76934     0.00000
     0.76934     0.63884     0.00012
     0.00009     0.00008    -1.00000
           0           1          10           4
    -1.60016    -2.12043     8.53407
    -0.63884     0.76934     0.00000
     0.76934     0.63884     0.00012
     0.00009     0.00008    -1.00000
           0           2           1           1
     2.50573    -4.57400     8.68113
     0.74544     0.66657    -0.00000
    -0.66657     0.74544    -0.00021
    -0.00014     0.00016     1.00000
           0           2           1           2
     2.51264    -4.56941     2.98915
     0.74544     0.66657    -0.00000
    -0.66657     0.74544    -0.00021
    -0.00014     0.00016     1.00000
           0           2           1           3
     2.51955    -4.56483    -2.70285
     0.74544     0.66657    -0.00000
    -0.66657     0.74544    -0.00021
    -0.00014     0.00016     1.00000
           0           2           1           4
     2.52646    -4.56025    -8.39485
     0.74544     0.66657    -0.00000
    -0.66657     0.74544    -0.00021
    -0.00014     0.00016     1.00000
           0           2           2           1
     3.49925    -3.85264     8.68865
     0.56796     0.82306    -0.00000
    -0.82306     0.56796    -0.00054
    -0.00044     0.00031     1.00000
           0           2           2           2
     3.50615    -3.84808     2.99665
     0.56796     0.82306    -0.00000
    -0.82306     0.56796    -0.00054
    -0.00044     0.00031     1.00000
           0           2           2           3
     3.51305    -3.84350    -2.69534
     0.56796     0.82306    -0.00000
    -0.82306     0.56796    -0.00054
    -0.00044     0.00031     1.00000
           0           2           2           4
     3.51995    -3.83892    -8.38735
     0.56796     0.82306    -0.00000
    -0.82306     0.56796    -0.00054
    -0.00044     0.00031     1.00000
           0           2           3           1
     4.31447    -2.92698     8.67463
     0.35776     0.93381    -0.00000
    -0.93381     0.35776    -0.00085
    -0.00079     0.00030     1.00000
           0           2           3           2
     4.32138    -2.92241     2.98264
     0.35776     0.93381    -0.00000
    -0.93381     0.35776    -0.00085
    -0.00079     0.00030     1.00000
           0           2           3           3
     4.32829    -2.91781    -2.70936
     0.35776     0.93381    -0.00000
    -0.93381     0.35776    -0.00085
    -0.00079     0.00030     1.00000
           0           2           3           4
     4.33520    -2.91322    -8.40134
     0.35776     0.93381    -0.00000
    -0.93381     0.35776    -0.00085
    -0.00079     0.00030     1.00000
           0           2           4           1
     4.87613    -1.83165     8.67815
     0.12813     0.99176    -0.00000
    -0.99176     0.12813    -0.00110
    -0.00109     0.00014     1.00000
           0           2           4           2
     4.88304    -1.82707     2.98615
     0.12813     0.99176    -0.00000
    -0.99176     0.12813    -0.00110
    -0.00109     0.00014     1.00000
           0           2           4           3
     4.88997    -1.82247    -2.70584
     0.12813     0.99176    -0.00000
    -0.99176     0.12813    -0.00110
    -0.00109     0.00014     1.00000
           0           2           4           4
     4.89688    -1.81789    -8.39784
     0.12813     0.99176    -0.00000
    -0.99176     0.12813    -0.00110
    -0.00109     0.00014     1.00000
           0           2           5           1
     5.16606    -0.63022     8.67837
    -0.10961     0.99397    -0.00000
    -0.99397    -0.10961    -0.00130
    -0.00129    -0.00014     1.00000
           0           2           5           2
     5.17297    -0.62563     2.98638
    -0.10961     0.99397    -0.00000
    -0.99397    -0.10961    -0.00130
    -0.00129    -0.00014     1.00000
           0           2           5           3
     5.17988    -0.62104    -2.70562
    -0.10961     0.99397    -0.00000
    -0.99397    -0.10961    -0.00130
    -0.00129    -0.00014     1.00000
           0           2           5           4
     5.18679    -0.61646    -8.39761
    -0.10961     0.99397    -0.00000
    -0.99397    -0.10961    -0.00130
    -0.00129    -0.00014     1.00000
           0           2           6           1
     5.16429     0.59748     8.66918
    -0.33961     0.94056    -0.00000
    -0.94056    -0.33961    -0.00141
    -0.00133    -0.00048     1.00000
           0           2           6           2
     5.17120     0.60206     2.97719
    -0.33962     0.94056    -0.00000
    -0.94056    -0.33962    -0.00141
    -0.00133    -0.00048     1.00000
           0           2           6           3
     5.17811     0.60665    -2.71481
    -0.33962     0.94056    -0.00000
    -0.94056    -0.33962    -0.00141
    -0.00133    -0.00048     1.00000
           0           2           6           4
     5.18503     0.61124    -8.40680
    -0.33962     0.94056    -0.00000
    -0.94056    -0.33962    -0.00141
    -0.00133    -0.00048     1.00000
           0           2           7           1
     4.87106     1.80099     8.68073
    -0.55246     0.83354    -0.00000
    -0.83354    -0.55245    -0.00146
    -0.00122    -0.00081     1.00000
           0           2           7           2
     4.87797     1.80556     2.98872
    -0.55246     0.83354    -0.00000
    -0.83354    -0.55246    -0.00146
    -0.00122    -0.00081     1.00000
           0           2           7           3
     4.88488     1.81015    -2.70327
    -0.55246     0.83354    -0.00000
    -0.83354    -0.55246    -0.00146
    -0.00122    -0.00081     1.00000
           0           2           7           4
     4.89179     1.81472    -8.39527
    -0.55246     0.83354    -0.00000
    -0.83354    -0.55246    -0.00146
    -0.00122    -0.00081     1.00000
           0           2           8           1
     4.30181     2.89138     8.68019
    -0.73287     0.68037    -0.00000
    -0.68037    -0.73287    -0.00141
    -0.00096    -0.00103     1.00000
           0           2           8           2
     4.30872     2.89595     2.98820
    -0.73287     0.68037    -0.00000
    -0.68037    -0.73287    -0.00141
    -0.00096    -0.00103     1.00000
           0           2           8           3
     4.31563     2.90053    -2.70380
    -0.73287     0.68037    -0.00000
    -0.68037    -0.73287    -0.00141
    -0.00096    -0.00103     1.00000
           0           2           8           4
     4.32254     2.90512    -8.39579
    -0.73287     0.68037    -0.00000
    -0.68037    -0.73287    -0.00141
    -0.00096    -0.00103     1.00000
           0           2           9           1
     3.50118     3.83347     8.66769
    -0.87273     0.48820    -0.00000
    -0.48820    -0.87273    -0.00130
    -0.00063    -0.00113     1.00000
           0           2           9           2
     3.50810     3.83804     2.97570
    -0.87273     0.48820    -0.00000
    -0.48820    -0.87273    -0.00130
    -0.00063    -0.00113     1.00000
           0           2           9           3
     3.51501     3.84262    -2.71630
    -0.87273     0.48820    -0.00000
    -0.48820    -0.87273    -0.00130
    -0.00063    -0.00113     1.00000
           0           2           9           4
     3.52192     3.84719    -8.40829
    -0.87273     0.48820    -0.00000
    -0.48820    -0.87273    -0.00130
    -0.00063    -0.00113     1.00000
           0           2          10           1
     2.49006     4.53435     8.68460
    -0.96298     0.26957    -0.00000
    -0.26957    -0.96298    -0.00110
    -0.00030    -0.00106     1.00000
           0           2          10           2
     2.49697     4.53892     2.99260
    -0.96298     0.26957    -0.00000
    -0.26957    -0.96298    -0.00110
    -0.00030    -0.00106     1.00000
           0           2          10           3
     2.50388     4.54349    -2.69940
    -0.96298     0.26957    -0.00000
    -0.26957    -0.96298    -0.00110
    -0.00030    -0.00106     1.00000
           0           2          10           4
     2.51079     4.54808    -8.39139
    -0.96298     0.26956    -0.00000
    -0.26956    -0.96298    -0.00110
    -0.00030    -0.00106     1.00000
           0           2          11           1
    -2.49657     4.58420    -8.55460
     0.96499     0.26230    -0.00000
     0.26230    -0.96499    -0.00089
    -0.00023     0.00086    -1.00000
           0           2          11           2
    -2.49371     4.57967    -2.86261
     0.96498     0.26231    -0.00000
     0.26231    -0.96498    -0.00089
    -0.00023     0.00086    -1.00000
           0           2          11           3
    -2.49085     4.57516     2.82939
     0.96499     0.26229    -0.00000
     0.26229    -0.96499    -0.00089
    -0.00023     0.00086    -1.00000
           0           2          11           4
    -2.48799     4.57064     8.52139
     0.96499     0.26229    -0.00000
     0.26229    -0.96499    -0.00089
    -0.00023     0.00086    -1.00000
           0           2          12           1
    -3.51525     3.84206    -8.54533
     0.87361     0.48663    -0.00000
     0.48663    -0.87361    -0.00093
    -0.00045     0.00081    -1.00000
           0           2          12           2
    -3.51239     3.83754    -2.85334
     0.87361     0.48663    -0.00000
     0.48663    -0.87361    -0.00093
    -0.00045     0.00081    -1.00000
           0           2          12           3
    -3.50953     3.83303     2.83866
     0.87361     0.48663    -0.00000
     0.48663    -0.87361    -0.00093
    -0.00045     0.00081    -1.00000
           0           2          12           4
    -3.50667     3.82851     8.53066
     0.87361     0.48663    -0.00000
     0.48663    -0.87361    -0.00093
    -0.00045     0.00081    -1.00000
           0           2          13           1
    -4.32479     2.91947    -8.55301
     0.73504     0.67803    -0.00000
     0.67802    -0.73504    -0.00093
    -0.00063     0.00068    -1.00000
           0           2          13           2
    -4.32193     2.91496    -2.86101
     0.73504     0.67803    -0.00000
     0.67803    -0.73504    -0.00093
    -0.00063     0.00068    -1.00000
           0           2          13           3
    -4.31908     2.91045     2.83099
     0.73504     0.67802    -0.00000
     0.67802    -0.73504    -0.00093
    -0.00063     0.00068    -1.00000
           0           2          13           4
    -4.31622     2.90593     8.52299
     0.73504     0.67802    -0.00000
     0.67802    -0.73504    -0.00093
    -0.00063     0.00068    -1.00000
           0           2          14           1
    -4.89895     1.82953    -8.54722
     0.55486     0.83195    -0.00000
     0.83194    -0.55486    -0.00086
    -0.00072     0.00048    -1.00000
           0           2          14           2
    -4.89610     1.82501    -2.85523
     0.55486     0.83195    -0.00000
     0.83195    -0.55486    -0.00086
    -0.00072     0.00048    -1.00000
           0           2          14           3
    -4.89324     1.82049     2.83677
     0.55486     0.83195    -0.00000
     0.83195    -0.55486    -0.00086
    -0.00072     0.00048    -1.00000
           0           2          14           4
    -4.89040     1.81598     8.52878
     0.55485     0.83195    -0.00000
     0.83195    -0.55485    -0.00086
    -0.00072     0.00048    -1.00000
           0           2          15           1
    -5.22056     0.62940    -8.54647
     0.34231     0.93959    -0.00000
     0.93959    -0.34231    -0.00074
    -0.00070     0.00025    -1.00000
           0           2          15           2
    -5.21770     0.62486    -2.85448
     0.34231     0.93959    -0.00000
     0.93959    -0.34231    -0.00074
    -0.00070     0.00025    -1.00000
           0           2          15           3
    -5.21485     0.62033     2.83752
     0.34231     0.93959    -0.00000
     0.93959    -0.34231    -0.00074
    -0.00070     0.00025    -1.00000
           0           2          15           4
    -5.21199     0.61578     8.52952
     0.34231     0.93959    -0.00000
     0.93959    -0.34231    -0.00074
    -0.00070     0.00025    -1.00000
           0           2          16           1
    -5.20571    -0.60721    -8.54113
     0.11150     0.99376    -0.00000
     0.99376    -0.11150    -0.00059
    -0.00059     0.00007    -1.00000
           0           2          16           2
    -5.20285    -0.61174    -2.84913
     0.11150     0.99376    -0.00000
     0.99376    -0.11150    -0.00059
    -0.00059     0.00007    -1.00000
           0           2          16           3
    -5.19999    -0.61626     2.84287
     0.11150     0.99376    -0.00000
     0.99376    -0.11150    -0.00059
    -0.00059     0.00007    -1.00000
           0           2          16           4
    -5.19713    -0.62079     8.53486
     0.11150     0.99376    -0.00000
     0.99376    -0.11150    -0.00059
    -0.00059     0.00007    -1.00000
           0           2          17           1
    -4.91185    -1.80332    -8.54744
    -0.12532     0.99212    -0.00000
     0.99212     0.12532    -0.00040
    -0.00040    -0.00005    -1.00000
           0           2          17           2
    -4.90898    -1.80783    -2.85544
    -0.12532     0.99212    -0.00000
     0.99212     0.12532    -0.00040
    -0.00040    -0.00005    -1.00000
           0           2          17           3
    -4.90612    -1.81234     2.83655
    -0.12532     0.99212    -0.00000
     0.99212     0.12532    -0.00040
    -0.00040    -0.00005    -1.00000
           0           2          17           4
    -4.90327    -1.81687     8.52855
    -0.12532     0.99212    -0.00000
     0.99212     0.12532    -0.00040
    -0.00040    -0.00005    -1.00000
           0           2          18           1
    -4.35273    -2.90133    -8.55057
    -0.35536     0.93473    -0.00000
     0.93473     0.35536    -0.00019
    -0.00018    -0.00007    -1.00000
           0           2          18           2
    -4.34988    -2.90586    -2.85857
    -0.35536     0.93473    -0.00000
     0.93473     0.35536    -0.00019
    -0.00018    -0.00007    -1.00000
           0           2          18           3
    -4.34701    -2.91037     2.83342
    -0.35536     0.93473    -0.00000
     0.93473     0.35536    -0.00019
    -0.00018    -0.00007    -1.00000
           0           2          18           4
    -4.34413    -2.91489     8.52542
    -0.35536     0.93473    -0.00000
     0.93473     0.35536    -0.00019
    -0.00018    -0.00007    -1.00000
           0           2          19           1
    -3.53827    -3.82770    -8.54551
    -0.56591     0.82446     0.00000
     0.82446     0.56591     0.00003
     0.00002     0.00002    -1.00000
           0           2          19           2
    -3.53542    -3.83221    -2.85352
    -0.56591     0.82446     0.00000
     0.82446     0.56591     0.00003
     0.00002     0.00002    -1.00000
           0           2          19           3
    -3.53256    -3.83670     2.83848
    -0.56592     0.82446     0.00000
     0.82446     0.56592     0.00003
     0.00002     0.00002    -1.00000
           0           2          19           4
    -3.52971    -3.84123     8.53049
    -0.56592     0.82446     0.00000
     0.82446     0.56592     0.00003
     0.00002     0.00002    -1.00000
           0           2          20           1
    -2.54548    -4.55790    -8.54653
    -0.74440     0.66773     0.00000
     0.66773     0.74440     0.00026
     0.00017     0.00019    -1.00000
           0           2          20           2
    -2.54262    -4.56242    -2.85453
    -0.74440     0.66773     0.00000
     0.66773     0.74440     0.00026
     0.00017     0.00019    -1.00000
           0           2          20           3
    -2.53976    -4.56692     2.83746
    -0.74440     0.66773     0.00000
     0.66773     0.74440     0.00026
     0.00017     0.00019    -1.00000
           0           2          20           4
    -2.53689    -4.57145     8.52946
    -0.74440     0.66773     0.00000
     0.66773     0.74440     0.00026
     0.00017     0.00019    -1.00000
           0           3           1           1
     5.61318   -10.34131    12.85742
    -0.87803    -0.47860     0.00000
    -0.47860     0.87803     0.00012
    -0.00006     0.00011    -1.00000
           0           3           1           2
     5.62092   -10.33618     6.48201
    -0.87803    -0.47860     0.00000
    -0.47860     0.87803     0.00012
    -0.00006     0.00011    -1.00000
           0           3           1           3
     5.62867   -10.33104     0.10662
    -0.87803    -0.47860     0.00000
    -0.47860     0.87803     0.00012
    -0.00006     0.00011    -1.00000
           0           3           1           4
     5.63641   -10.32591    -6.26877
    -0.87803    -0.47860     0.00000
    -0.47860     0.87803     0.00012
    -0.00006     0.00011    -1.00000
           0           3           1           5
     5.64414   -10.32079   -12.64417
    -0.87803    -0.47860     0.00000
    -0.47860     0.87803     0.00012
    -0.00006     0.00011    -1.00000
           0           3           2           1
     7.52255    -7.13853    12.84471
    -0.68691    -0.72674    -0.00000
    -0.72674     0.68691    -0.00033
     0.00024    -0.00023    -1.00000
           0           3           2           2
     7.53029    -7.13341     6.46932
    -0.68691    -0.72674    -0.00000
    -0.72674     0.68691    -0.00033
     0.00024    -0.00023    -1.00000
           0           3           2           3
     7.53802    -7.12827     0.09392
    -0.68691    -0.72674    -0.00000
    -0.72674     0.68691    -0.00033
     0.00024    -0.00023    -1.00000
           0           3           2           4
     7.54576    -7.12315    -6.28147
    -0.68691    -0.72674    -0.00000
    -0.72674     0.68691    -0.00033
     0.00024    -0.00023    -1.00000
           0           3           2           5
     7.55348    -7.11803   -12.65687
    -0.68691    -0.72674    -0.00000
    -0.72674     0.68691    -0.00033
     0.00024    -0.00023    -1.00000
           0           3           3           1
    11.50718    -5.67550    12.86390
    -0.44106    -0.89748    -0.00000
    -0.89748     0.44106    -0.00073
     0.00066    -0.00032    -1.00000
           0           3           3           2
    11.51492    -5.67038     6.48850
    -0.44106    -0.89748    -0.00000
    -0.89748     0.44106    -0.00073
     0.00066    -0.00032    -1.00000
           0           3           3           3
    11.52265    -5.66525     0.11312
    -0.44106    -0.89748    -0.00000
    -0.89748     0.44106    -0.00073
     0.00066    -0.00032    -1.00000
           0           3           3           4
    11.53038    -5.66012    -6.26228
    -0.44106    -0.89748    -0.00000
    -0.89748     0.44106    -0.00073
     0.00066    -0.00032    -1.00000
           0           3           3           5
    11.53810    -5.65500   -12.63767
    -0.44106    -0.89748    -0.00000
    -0.89748     0.44106    -0.00073
     0.00066    -0.00032    -1.00000
           0           3           4           1
    11.53945    -2.08108    12.87486
    -0.17626    -0.98434    -0.00000
    -0.98434     0.17626    -0.00105
     0.00103    -0.00019    -1.00000
           0           3           4           2
    11.54719    -2.07596     6.49947
    -0.17626    -0.98434    -0.00000
    -0.98434     0.17626    -0.00105
     0.00103    -0.00019    -1.00000
           0           3           4           3
    11.55493    -2.07084     0.12407
    -0.17626    -0.98434    -0.00000
    -0.98434     0.17626    -0.00105
     0.00103    -0.00019    -1.00000
           0           3           4           4
    11.56265    -2.06573    -6.25132
    -0.17626    -0.98434    -0.00000
    -0.98434     0.17626    -0.00105
     0.00103    -0.00019    -1.00000
           0           3           4           5
    11.57040    -2.06061   -12.62671
    -0.17626    -0.98434    -0.00000
    -0.98434     0.17626    -0.00105
     0.00103    -0.00019    -1.00000
           0           3           5           1
    10.27820     1.41281    12.85632
     0.13706    -0.99056    -0.00000
    -0.99056    -0.13706    -0.00132
     0.00131     0.00018    -1.00000
           0           3           5           2
    10.28594     1.41795     6.48093
     0.13706    -0.99056    -0.00000
    -0.99056    -0.13706    -0.00132
     0.00131     0.00018    -1.00000
           0           3           5           3
    10.29369     1.42309     0.10553
     0.13706    -0.99056    -0.00000
    -0.99056    -0.13706    -0.00132
     0.00131     0.00018    -1.00000
           0           3           5           4
    10.30142     1.42821    -6.26986
     0.13706    -0.99056    -0.00000
    -0.99056    -0.13706    -0.00132
     0.00131     0.00018    -1.00000
           0           3           5           5
    10.30916     1.43335   -12.64526
     0.13706    -0.99056    -0.00000
    -0.99056    -0.13706    -0.00132
     0.00131     0.00018    -1.00000
           0           3           6           1
    11.60421     5.42181    12.90591
     0.42353    -0.90588    -0.00000
    -0.90588    -0.42353    -0.00144
     0.00130     0.00061    -1.00000
           0           3           6           2
    11.61196     5.42693     6.53051
     0.42353    -0.90588    -0.00000
    -0.90588    -0.42353    -0.00144
     0.00130     0.00061    -1.00000
           0           3           6           3
    11.61968     5.43206     0.15512
     0.42353    -0.90588    -0.00000
    -0.90588    -0.42353    -0.00144
     0.00130     0.00061    -1.00000
           0           3           6           4
    11.62743     5.43719    -6.22027
     0.42353    -0.90588    -0.00000
    -0.90588    -0.42353    -0.00144
     0.00130     0.00061    -1.00000
           0           3           6           5
    11.63517     5.44232   -12.59566
     0.42353    -0.90588    -0.00000
    -0.90588    -0.42353    -0.00144
     0.00130     0.00061    -1.00000
           0           3           7           1
     8.84784     7.72075    12.88449
     0.65732    -0.75361    -0.00000
    -0.75361    -0.65732    -0.00144
     0.00109     0.00095    -1.00000
           0           3           7           2
     8.85558     7.72588     6.50910
     0.65732    -0.75361    -0.00000
    -0.75361    -0.65732    -0.00144
     0.00109     0.00095    -1.00000
           0           3           7           3
     8.86332     7.73102     0.13370
     0.65732    -0.75361    -0.00000
    -0.75361    -0.65732    -0.00144
     0.00109     0.00095    -1.00000
           0           3           7           4
     8.87106     7.73615    -6.24169
     0.65732    -0.75361    -0.00000
    -0.75361    -0.65732    -0.00144
     0.00109     0.00095    -1.00000
           0           3           7           5
     8.87880     7.74127   -12.61709
     0.65732    -0.75361    -0.00000
    -0.75361    -0.65732    -0.00144
     0.00109     0.00095    -1.00000
           0           3           8           1
     5.30297     8.89871    12.86909
     0.85859    -0.51266    -0.00000
    -0.51266    -0.85859    -0.00132
     0.00068     0.00113    -1.00000
           0           3           8           2
     5.31071     8.90385     6.49370
     0.85859    -0.51266    -0.00000
    -0.51266    -0.85859    -0.00132
     0.00068     0.00113    -1.00000
           0           3           8           3
     5.31845     8.90899     0.11830
     0.85859    -0.51266    -0.00000
    -0.51266    -0.85859    -0.00132
     0.00068     0.00113    -1.00000
           0           3           8           4
     5.32618     8.91412    -6.25709
     0.85859    -0.51266    -0.00000
    -0.51266    -0.85859    -0.00132
     0.00068     0.00113    -1.00000
           0           3           8           5
     5.33392     8.91924   -12.63248
     0.85859    -0.51266    -0.00000
    -0.51266    -0.85859    -0.00132
     0.00068     0.00113    -1.00000
           0           3           9           1
    -5.30110     8.97744   -12.77713
    -0.86104    -0.50853    -0.00000
     0.50853    -0.86104    -0.00094
     0.00048    -0.00081     1.00000
           0           3           9           2
    -5.29791     8.97237    -6.40173
    -0.86104    -0.50853    -0.00000
     0.50853    -0.86104    -0.00094
     0.00048    -0.00081     1.00000
           0           3           9           3
    -5.29470     8.96732    -0.02633
    -0.86104    -0.50853    -0.00000
     0.50853    -0.86104    -0.00094
     0.00048    -0.00081     1.00000
           0           3           9           4
    -5.29149     8.96226     6.34906
    -0.86105    -0.50852    -0.00000
     0.50852    -0.86105    -0.00094
     0.00048    -0.00081     1.00000
           0           3           9           5
    -5.28830     8.95721    12.72446
    -0.86105    -0.50852    -0.00000
     0.50852    -0.86105    -0.00094
     0.00048    -0.00081     1.00000
           0           3          10           1
    -8.88605     7.76455   -12.75662
    -0.65722    -0.75370    -0.00000
     0.75370    -0.65722    -0.00090
     0.00068    -0.00059     1.00000
           0           3          10           2
    -8.88284     7.75948    -6.38123
    -0.65721    -0.75370    -0.00000
     0.75370    -0.65721    -0.00090
     0.00068    -0.00059     1.00000
           0           3          10           3
    -8.87964     7.75442    -0.00583
    -0.65721    -0.75370    -0.00000
     0.75370    -0.65721    -0.00090
     0.00068    -0.00059     1.00000
           0           3          10           4
    -8.87642     7.74937     6.36957
    -0.65722    -0.75370    -0.00000
     0.75370    -0.65722    -0.00090
     0.00068    -0.00059     1.00000
           0           3          10           5
    -8.87324     7.74432    12.74497
    -0.65722    -0.75370    -0.00000
     0.75370    -0.65722    -0.00090
     0.00068    -0.00059     1.00000
           0           3          11           1
   -11.67699     5.49192   -12.76477
    -0.42410    -0.90561    -0.00000
     0.90561    -0.42410    -0.00079
     0.00072    -0.00034     1.00000
           0           3          11           2
   -11.67380     5.48686    -6.38937
    -0.42410    -0.90561    -0.00000
     0.90561    -0.42410    -0.00079
     0.00072    -0.00034     1.00000
           0           3          11           3
   -11.67059     5.48181    -0.01397
    -0.42410    -0.90562    -0.00000
     0.90561    -0.42410    -0.00079
     0.00072    -0.00034     1.00000
           0           3          11           4
   -11.66739     5.47675     6.36143
    -0.42410    -0.90562    -0.00000
     0.90562    -0.42410    -0.00079
     0.00072    -0.00034     1.00000
           0           3          11           5
   -11.66421     5.47170    12.73682
    -0.42410    -0.90562    -0.00000
     0.90562    -0.42410    -0.00079
     0.00072    -0.00034     1.00000
           0           3          12           1
   -10.30400     1.43723   -12.74251
    -0.13535    -0.99080    -0.00000
     0.99080    -0.13535    -0.00061
     0.00060    -0.00008     1.00000
           0           3          12           2
   -10.30079     1.43216    -6.36712
    -0.13535    -0.99080    -0.00000
     0.99080    -0.13535    -0.00061
     0.00060    -0.00008     1.00000
           0           3          12           3
   -10.29760     1.42711     0.00828
    -0.13535    -0.99080    -0.00000
     0.99080    -0.13535    -0.00061
     0.00060    -0.00008     1.00000
           0           3          12           4
   -10.29439     1.42206     6.38368
    -0.13535    -0.99080    -0.00000
     0.99080    -0.13535    -0.00061
     0.00060    -0.00008     1.00000
           0           3          12           5
   -10.29118     1.41700    12.75908
    -0.13535    -0.99080    -0.00000
     0.99080    -0.13535    -0.00061
     0.00060    -0.00008     1.00000
           0           3          13           1
   -11.60652    -2.04280   -12.75757
     0.17626    -0.98434    -0.00000
     0.98434     0.17626    -0.00036
     0.00035     0.00006     1.00000
           0           3          13           2
   -11.60332    -2.04785    -6.38218
     0.17626    -0.98434    -0.00000
     0.98434     0.17626    -0.00036
     0.00035     0.00006     1.00000
           0           3          13           3
   -11.60013    -2.05293    -0.00678
     0.17626    -0.98434    -0.00000
     0.98434     0.17626    -0.00036
     0.00035     0.00006     1.00000
           0           3          13           4
   -11.59693    -2.05798     6.36861
     0.17626    -0.98434    -0.00000
     0.98434     0.17626    -0.00036
     0.00035     0.00006     1.00000
           0           3          13           5
   -11.59373    -2.06303    12.74401
     0.17626    -0.98434    -0.00000
     0.98434     0.17626    -0.00036
     0.00035     0.00006     1.00000
           0           3          14           1
   -11.56683    -5.64386   -12.78715
     0.44109    -0.89746    -0.00000
     0.89746     0.44109    -0.00010
     0.00009     0.00004     1.00000
           0           3          14           2
   -11.56364    -5.64892    -6.41175
     0.44109    -0.89746    -0.00000
     0.89746     0.44109    -0.00010
     0.00009     0.00004     1.00000
           0           3          14           3
   -11.56044    -5.65398    -0.03636
     0.44109    -0.89746    -0.00000
     0.89746     0.44109    -0.00010
     0.00009     0.00004     1.00000
           0           3          14           4
   -11.55723    -5.65906     6.33904
     0.44109    -0.89746    -0.00000
     0.89746     0.44109    -0.00010
     0.00009     0.00004     1.00000
           0           3          14           5
   -11.55404    -5.66412    12.71444
     0.44109    -0.89746    -0.00000
     0.89746     0.44109    -0.00010
     0.00009     0.00004     1.00000
           0           3          15           1
    -7.50594    -7.05788   -12.77001
     0.68755    -0.72614     0.00000
     0.72614     0.68755     0.00018
    -0.00013    -0.00012     1.00000
           0           3          15           2
    -7.50277    -7.06291    -6.39461
     0.68755    -0.72614     0.00000
     0.72614     0.68755     0.00018
    -0.00013    -0.00012     1.00000
           0           3          15           3
    -7.49958    -7.06793    -0.01922
     0.68755    -0.72614     0.00000
     0.72614     0.68755     0.00018
    -0.00013    -0.00012     1.00000
           0           3          15           4
    -7.49641    -7.07295     6.35618
     0.68755    -0.72614     0.00000
     0.72614     0.68755     0.00018
    -0.00013    -0.00012     1.00000
           0           3          15           5
    -7.49324    -7.07800    12.73158
     0.68755    -0.72614     0.00000
     0.72614     0.68755     0.00018
    -0.00013    -0.00012     1.00000
           0           3          16           1
    -5.63880   -10.31232   -12.77210
     0.87868    -0.47740     0.00000
     0.47740     0.87868     0.00045
    -0.00021    -0.00040     1.00000
           0           3          16           2
    -5.63561   -10.31738    -6.39670
     0.87868    -0.47740     0.00000
     0.47740     0.87868     0.00045
    -0.00021    -0.00040     1.00000
           0           3          16           3
