 SVX cage parameters:
     2.20000
     0.50000     0.20000
     0.00000
           6
   -40.00000   -26.50000   -26.50000    26.50000    26.50000    40.00000
    53.00000    53.00000    22.14782    22.14782    53.00000    53.00000
     0.00000     0.00000     0.00000
 SVX barrel parameters:
           4
     2.63000     5.19260    11.76500    16.68700     1.14100
     0.00000     0.00000     0.00000     0.00000
           4           4           5           6
     0.69600     0.69600     1.74500     1.74500
     0.01000     0.01000     0.03125     0.03125
     2.83600     2.83600     3.18770     3.18770
     0.01900     0.01900     0.00000     0.00000
     0.02000     0.02000     0.00000     0.00000
    26.70000    13.62600    17.00000    12.00000
   -13.00000   -12.98000     0.00000     0.00000
           2
           5           5
     0.00000   180.00000
           2
          10          10
     0.00000   180.00000
           2
           8           8
     0.00000   180.00000
           2
          12          12
     0.00000   180.00000
 SVX barrel sensor rotation matrices and translation vectors:
           0           1           1           1
     1.59396    -2.12323     8.66605
     0.63993     0.76843    -0.00000
    -0.76843     0.63993    -0.00000
    -0.00000     0.00000     1.00000
           0           1           1           2
     1.59396    -2.12323     2.97406
     0.63993     0.76843    -0.00000
    -0.76843     0.63993    -0.00000
    -0.00000     0.00000     1.00000
           0           1           1           3
     1.59396    -2.12323    -2.71796
     0.63993     0.76843    -0.00000
    -0.76843     0.63993    -0.00000
    -0.00000     0.00000     1.00000
           0           1           1           4
     1.59396    -2.12323    -8.40996
     0.63993     0.76843    -0.00000
    -0.76843     0.63993    -0.00000
    -0.00000     0.00000     1.00000
           0           1           2           1
     2.35003    -1.17904     8.66227
     0.22638     0.97404    -0.00000
    -0.97404     0.22638    -0.00000
    -0.00000     0.00000     1.00000
           0           1           2           2
     2.35003    -1.17904     2.97028
     0.22638     0.97404    -0.00000
    -0.97404     0.22638    -0.00000
    -0.00000     0.00000     1.00000
           0           1           2           3
     2.35003    -1.17904    -2.72173
     0.22638     0.97404    -0.00000
    -0.97404     0.22638    -0.00000
    -0.00000     0.00000     1.00000
           0           1           2           4
     2.35003    -1.17904    -8.41373
     0.22638     0.97404    -0.00000
    -0.97404     0.22638    -0.00000
    -0.00000     0.00000     1.00000
           0           1           3           1
     2.61694    -0.00265     8.66209
    -0.23547     0.97188     0.00000
    -0.97188    -0.23547     0.00000
     0.00000     0.00000     1.00000
           0           1           3           2
     2.61694    -0.00265     2.97010
    -0.23547     0.97188     0.00000
    -0.97188    -0.23547     0.00000
     0.00000     0.00000     1.00000
           0           1           3           3
     2.61694    -0.00265    -2.72191
    -0.23547     0.97188     0.00000
    -0.97188    -0.23547     0.00000
     0.00000     0.00000     1.00000
           0           1           3           4
     2.61694    -0.00265    -8.41391
    -0.23547     0.97188     0.00000
    -0.97188    -0.23547     0.00000
     0.00000     0.00000     1.00000
           0           1           4           1
     2.34345     1.17810     8.66700
    -0.64709     0.76241     0.00000
    -0.76241    -0.64709     0.00000
     0.00000     0.00000     1.00000
           0           1           4           2
     2.34345     1.17810     2.97501
    -0.64709     0.76241     0.00000
    -0.76241    -0.64709     0.00000
     0.00000     0.00000     1.00000
           0           1           4           3
     2.34345     1.17810    -2.71700
    -0.64709     0.76241     0.00000
    -0.76241    -0.64709     0.00000
     0.00000     0.00000     1.00000
           0           1           4           4
     2.34345     1.17810    -8.40900
    -0.64709     0.76241     0.00000
    -0.76241    -0.64709     0.00000
     0.00000     0.00000     1.00000
           0           1           5           1
     1.53896     2.08245     8.64960
    -0.92067     0.39033     0.00000
    -0.39033    -0.92067     0.00000
     0.00000     0.00000     1.00000
           0           1           5           2
     1.53896     2.08245     2.95761
    -0.92067     0.39033     0.00000
    -0.39033    -0.92067     0.00000
     0.00000     0.00000     1.00000
           0           1           5           3
     1.53896     2.08245    -2.73440
    -0.92067     0.39033     0.00000
    -0.39033    -0.92067     0.00000
     0.00000     0.00000     1.00000
           0           1           5           4
     1.53896     2.08245    -8.42640
    -0.92067     0.39033     0.00000
    -0.39033    -0.92067     0.00000
     0.00000     0.00000     1.00000
           0           1           6           1
    -1.54597     2.08134    -8.54751
     0.92059     0.39054     0.00000
     0.39054    -0.92059     0.00000
     0.00000    -0.00000    -1.00000
           0           1           6           2
    -1.54597     2.08134    -2.85551
     0.92059     0.39054     0.00000
     0.39054    -0.92059     0.00000
     0.00000    -0.00000    -1.00000
           0           1           6           3
    -1.54597     2.08134     2.83649
     0.92059     0.39054     0.00000
     0.39054    -0.92059     0.00000
     0.00000    -0.00000    -1.00000
           0           1           6           4
    -1.54597     2.08134     8.52849
     0.92059     0.39054     0.00000
     0.39054    -0.92059     0.00000
     0.00000    -0.00000    -1.00000
           0           1           7           1
    -2.33446     1.16947    -8.54856
     0.64690     0.76257     0.00000
     0.76257    -0.64690     0.00000
     0.00000    -0.00000    -1.00000
           0           1           7           2
    -2.33446     1.16947    -2.85656
     0.64690     0.76257     0.00000
     0.76257    -0.64690     0.00000
     0.00000    -0.00000    -1.00000
           0           1           7           3
    -2.33446     1.16947     2.83544
     0.64690     0.76257     0.00000
     0.76257    -0.64690     0.00000
     0.00000    -0.00000    -1.00000
           0           1           7           4
    -2.33446     1.16947     8.52744
     0.64690     0.76257     0.00000
     0.76257    -0.64690     0.00000
     0.00000    -0.00000    -1.00000
           0           1           8           1
    -2.64110     0.00433    -8.54806
     0.23523     0.97194    -0.00000
     0.97194    -0.23523    -0.00000
    -0.00000     0.00000    -1.00000
           0           1           8           2
    -2.64110     0.00433    -2.85606
     0.23523     0.97194    -0.00000
     0.97194    -0.23523    -0.00000
    -0.00000     0.00000    -1.00000
           0           1           8           3
    -2.64110     0.00433     2.83594
     0.23523     0.97194    -0.00000
     0.97194    -0.23523    -0.00000
    -0.00000     0.00000    -1.00000
           0           1           8           4
    -2.64110     0.00433     8.52794
     0.23523     0.97194    -0.00000
     0.97194    -0.23523    -0.00000
    -0.00000     0.00000    -1.00000
           0           1           9           1
    -2.36789    -1.17710    -8.53439
    -0.22660     0.97399    -0.00000
     0.97399     0.22660    -0.00000
    -0.00000    -0.00000    -1.00000
           0           1           9           2
    -2.36789    -1.17710    -2.84239
    -0.22660     0.97399    -0.00000
     0.97399     0.22660    -0.00000
    -0.00000    -0.00000    -1.00000
           0           1           9           3
    -2.36789    -1.17710     2.84961
    -0.22660     0.97399    -0.00000
     0.97399     0.22660    -0.00000
    -0.00000    -0.00000    -1.00000
           0           1           9           4
    -2.36789    -1.17710     8.54161
    -0.22660     0.97399    -0.00000
     0.97399     0.22660    -0.00000
    -0.00000    -0.00000    -1.00000
           0           1          10           1
    -1.62396    -2.13051    -8.53529
    -0.64008     0.76831    -0.00000
     0.76831     0.64008    -0.00000
    -0.00000    -0.00000    -1.00000
           0           1          10           2
    -1.62396    -2.13051    -2.84329
    -0.64008     0.76831    -0.00000
     0.76831     0.64008    -0.00000
    -0.00000    -0.00000    -1.00000
           0           1          10           3
    -1.62396    -2.13051     2.84871
    -0.64008     0.76831    -0.00000
     0.76831     0.64008    -0.00000
    -0.00000    -0.00000    -1.00000
           0           1          10           4
    -1.62396    -2.13051     8.54071
    -0.64008     0.76831    -0.00000
     0.76831     0.64008    -0.00000
    -0.00000    -0.00000    -1.00000
           0           2           1           1
     2.52624    -4.55931     8.66222
     0.74549     0.66652    -0.00000
    -0.66652     0.74549    -0.00000
    -0.00000     0.00000     1.00000
           0           2           1           2
     2.52624    -4.55931     2.97023
     0.74549     0.66652    -0.00000
    -0.66652     0.74549    -0.00000
    -0.00000     0.00000     1.00000
           0           2           1           3
     2.52624    -4.55931    -2.72177
     0.74549     0.66652    -0.00000
    -0.66652     0.74549    -0.00000
    -0.00000     0.00000     1.00000
           0           2           1           4
     2.52624    -4.55931    -8.41378
     0.74549     0.66652    -0.00000
    -0.66652     0.74549    -0.00000
    -0.00000     0.00000     1.00000
           0           2           2           1
     3.51917    -3.84604     8.66198
     0.56749     0.82338    -0.00000
    -0.82338     0.56749    -0.00000
    -0.00000     0.00000     1.00000
           0           2           2           2
     3.51917    -3.84604     2.96998
     0.56749     0.82338    -0.00000
    -0.82338     0.56749    -0.00000
    -0.00000     0.00000     1.00000
           0           2           2           3
     3.51917    -3.84604    -2.72202
     0.56749     0.82338    -0.00000
    -0.82338     0.56749    -0.00000
    -0.00000     0.00000     1.00000
           0           2           2           4
     3.51917    -3.84604    -8.41402
     0.56749     0.82338    -0.00000
    -0.82338     0.56749    -0.00000
    -0.00000     0.00000     1.00000
           0           2           3           1
     4.30391    -2.90504     8.65122
     0.35754     0.93390    -0.00000
    -0.93390     0.35754    -0.00000
    -0.00000     0.00000     1.00000
           0           2           3           2
     4.30391    -2.90504     2.95922
     0.35754     0.93390    -0.00000
    -0.93390     0.35754    -0.00000
    -0.00000     0.00000     1.00000
           0           2           3           3
     4.30391    -2.90504    -2.73278
     0.35754     0.93390    -0.00000
    -0.93390     0.35754    -0.00000
    -0.00000     0.00000     1.00000
           0           2           3           4
     4.30391    -2.90504    -8.42478
     0.35754     0.93390    -0.00000
    -0.93390     0.35754    -0.00000
    -0.00000     0.00000     1.00000
           0           2           4           1
     4.85223    -1.80895     8.65501
     0.12747     0.99184    -0.00000
    -0.99184     0.12747    -0.00000
    -0.00000     0.00000     1.00000
           0           2           4           2
     4.85223    -1.80895     2.96301
     0.12747     0.99184    -0.00000
    -0.99184     0.12747    -0.00000
    -0.00000     0.00000     1.00000
           0           2           4           3
     4.85223    -1.80895    -2.72899
     0.12747     0.99184    -0.00000
    -0.99184     0.12747    -0.00000
    -0.00000     0.00000     1.00000
           0           2           4           4
     4.85223    -1.80895    -8.42099
     0.12747     0.99184    -0.00000
    -0.99184     0.12747    -0.00000
    -0.00000     0.00000     1.00000
           0           2           5           1
     5.15816    -0.61998     8.65860
    -0.10979     0.99395     0.00000
    -0.99395    -0.10979     0.00000
     0.00000     0.00000     1.00000
           0           2           5           2
     5.15816    -0.61998     2.96660
    -0.10979     0.99395     0.00000
    -0.99395    -0.10979     0.00000
     0.00000     0.00000     1.00000
           0           2           5           3
     5.15816    -0.61998    -2.72540
    -0.10979     0.99395     0.00000
    -0.99395    -0.10979     0.00000
     0.00000     0.00000     1.00000
           0           2           5           4
     5.15816    -0.61998    -8.41741
    -0.10979     0.99395     0.00000
    -0.99395    -0.10979     0.00000
     0.00000     0.00000     1.00000
           0           2           6           1
     5.11249     0.59615     8.64309
    -0.34086     0.94011     0.00000
    -0.94011    -0.34086     0.00000
     0.00000     0.00000     1.00000
           0           2           6           2
     5.11249     0.59615     2.95109
    -0.34086     0.94011     0.00000
    -0.94011    -0.34086     0.00000
     0.00000     0.00000     1.00000
           0           2           6           3
     5.11249     0.59615    -2.74091
    -0.34086     0.94011     0.00000
    -0.94011    -0.34086     0.00000
     0.00000     0.00000     1.00000
           0           2           6           4
     5.11249     0.59615    -8.43291
    -0.34086     0.94011     0.00000
    -0.94011    -0.34086     0.00000
     0.00000     0.00000     1.00000
           0           2           7           1
     4.88804     1.81070     8.66016
    -0.55274     0.83335     0.00000
    -0.83335    -0.55274     0.00000
     0.00000     0.00000     1.00000
           0           2           7           2
     4.88804     1.81070     2.96816
    -0.55274     0.83335     0.00000
    -0.83335    -0.55274     0.00000
     0.00000     0.00000     1.00000
           0           2           7           3
     4.88804     1.81070    -2.72384
    -0.55274     0.83335     0.00000
    -0.83335    -0.55274     0.00000
     0.00000     0.00000     1.00000
           0           2           7           4
     4.88804     1.81070    -8.41584
    -0.55274     0.83335     0.00000
    -0.83335    -0.55274     0.00000
     0.00000     0.00000     1.00000
           0           2           8           1
     4.32057     2.89546     8.65812
    -0.73351     0.67968     0.00000
    -0.67968    -0.73351     0.00000
     0.00000     0.00000     1.00000
           0           2           8           2
     4.32057     2.89546     2.96612
    -0.73351     0.67968     0.00000
    -0.67968    -0.73351     0.00000
     0.00000     0.00000     1.00000
           0           2           8           3
     4.32057     2.89546    -2.72588
    -0.73351     0.67968     0.00000
    -0.67968    -0.73351     0.00000
     0.00000     0.00000     1.00000
           0           2           8           4
     4.32057     2.89546    -8.41788
    -0.73351     0.67968     0.00000
    -0.67968    -0.73351     0.00000
     0.00000     0.00000     1.00000
           0           2           9           1
     3.48636     3.79857     8.64251
    -0.87299     0.48774     0.00000
    -0.48774    -0.87299     0.00000
     0.00000     0.00000     1.00000
           0           2           9           2
     3.48636     3.79857     2.95051
    -0.87299     0.48774     0.00000
    -0.48774    -0.87299     0.00000
     0.00000     0.00000     1.00000
           0           2           9           3
     3.48636     3.79857    -2.74149
    -0.87299     0.48774     0.00000
    -0.48774    -0.87299     0.00000
     0.00000     0.00000     1.00000
           0           2           9           4
     3.48636     3.79857    -8.43349
    -0.87299     0.48774     0.00000
    -0.48774    -0.87299     0.00000
     0.00000     0.00000     1.00000
           0           2          10           1
     2.48994     4.50941     8.65174
    -0.96332     0.26835     0.00000
    -0.26835    -0.96332     0.00000
     0.00000     0.00000     1.00000
           0           2          10           2
     2.48994     4.50941     2.95974
    -0.96332     0.26835     0.00000
    -0.26835    -0.96332     0.00000
     0.00000     0.00000     1.00000
           0           2          10           3
     2.48994     4.50941    -2.73226
    -0.96332     0.26835     0.00000
    -0.26835    -0.96332     0.00000
     0.00000     0.00000     1.00000
           0           2          10           4
     2.48994     4.50941    -8.42426
    -0.96332     0.26835     0.00000
    -0.26835    -0.96332     0.00000
     0.00000     0.00000     1.00000
           0           2          11           1
    -2.47898     4.51140    -8.56503
     0.96365     0.26717     0.00000
     0.26717    -0.96365     0.00000
     0.00000    -0.00000    -1.00000
           0           2          11           2
    -2.47898     4.51140    -2.87303
     0.96365     0.26717     0.00000
     0.26717    -0.96365     0.00000
     0.00000    -0.00000    -1.00000
           0           2          11           3
    -2.47898     4.51140     2.81896
     0.96365     0.26717     0.00000
     0.26717    -0.96365     0.00000
     0.00000    -0.00000    -1.00000
           0           2          11           4
    -2.47898     4.51140     8.51097
     0.96365     0.26717     0.00000
     0.26717    -0.96365     0.00000
     0.00000    -0.00000    -1.00000
           0           2          12           1
    -3.51052     3.83665    -8.55432
     0.87359     0.48667     0.00000
     0.48667    -0.87359     0.00000
     0.00000    -0.00000    -1.00000
           0           2          12           2
    -3.51052     3.83665    -2.86232
     0.87359     0.48667     0.00000
     0.48667    -0.87359     0.00000
     0.00000    -0.00000    -1.00000
           0           2          12           3
    -3.51052     3.83665     2.82968
     0.87359     0.48667     0.00000
     0.48667    -0.87359     0.00000
     0.00000    -0.00000    -1.00000
           0           2          12           4
    -3.51052     3.83665     8.52168
     0.87359     0.48667     0.00000
     0.48667    -0.87359     0.00000
     0.00000    -0.00000    -1.00000
           0           2          13           1
    -4.29909     2.89501    -8.55708
     0.73434     0.67878     0.00000
     0.67878    -0.73434     0.00000
     0.00000    -0.00000    -1.00000
           0           2          13           2
    -4.29909     2.89501    -2.86508
     0.73434     0.67878     0.00000
     0.67878    -0.73434     0.00000
     0.00000    -0.00000    -1.00000
           0           2          13           3
    -4.29909     2.89501     2.82692
     0.73434     0.67878     0.00000
     0.67878    -0.73434     0.00000
     0.00000    -0.00000    -1.00000
           0           2          13           4
    -4.29909     2.89501     8.51892
     0.73434     0.67878     0.00000
     0.67878    -0.73434     0.00000
     0.00000    -0.00000    -1.00000
           0           2          14           1
    -4.84664     1.80052    -8.56226
     0.55376     0.83268     0.00000
     0.83268    -0.55376     0.00000
     0.00000    -0.00000    -1.00000
           0           2          14           2
    -4.84664     1.80052    -2.87026
     0.55376     0.83268     0.00000
     0.83268    -0.55376     0.00000
     0.00000    -0.00000    -1.00000
           0           2          14           3
    -4.84664     1.80052     2.82174
     0.55376     0.83268     0.00000
     0.83268    -0.55376     0.00000
     0.00000    -0.00000    -1.00000
           0           2          14           4
    -4.84664     1.80052     8.51374
     0.55376     0.83268     0.00000
     0.83268    -0.55376     0.00000
     0.00000    -0.00000    -1.00000
           0           2          15           1
    -5.18651     0.62151    -8.55228
     0.34200     0.93970    -0.00000
     0.93970    -0.34200    -0.00000
    -0.00000     0.00000    -1.00000
           0           2          15           2
    -5.18651     0.62151    -2.86028
     0.34200     0.93970    -0.00000
     0.93970    -0.34200    -0.00000
    -0.00000     0.00000    -1.00000
           0           2          15           3
    -5.18651     0.62151     2.83172
     0.34200     0.93970    -0.00000
     0.93970    -0.34200    -0.00000
    -0.00000     0.00000    -1.00000
           0           2          15           4
    -5.18651     0.62151     8.52372
     0.34200     0.93970    -0.00000
     0.93970    -0.34200    -0.00000
    -0.00000     0.00000    -1.00000
           0           2          16           1
    -5.16498    -0.60479    -8.54623
     0.11100     0.99382    -0.00000
     0.99382    -0.11100    -0.00000
    -0.00000     0.00000    -1.00000
           0           2          16           2
    -5.16498    -0.60479    -2.85423
     0.11100     0.99382    -0.00000
     0.99382    -0.11100    -0.00000
    -0.00000     0.00000    -1.00000
           0           2          16           3
    -5.16498    -0.60479     2.83777
     0.11100     0.99382    -0.00000
     0.99382    -0.11100    -0.00000
    -0.00000     0.00000    -1.00000
           0           2          16           4
    -5.16498    -0.60479     8.52977
     0.11100     0.99382    -0.00000
     0.99382    -0.11100    -0.00000
    -0.00000     0.00000    -1.00000
           0           2          17           1
    -4.86785    -1.79536    -8.54769
    -0.12626     0.99200    -0.00000
     0.99200     0.12626    -0.00000
    -0.00000    -0.00000    -1.00000
           0           2          17           2
    -4.86785    -1.79536    -2.85569
    -0.12626     0.99200    -0.00000
     0.99200     0.12626    -0.00000
    -0.00000    -0.00000    -1.00000
           0           2          17           3
    -4.86785    -1.79536     2.83631
    -0.12626     0.99200    -0.00000
     0.99200     0.12626    -0.00000
    -0.00000    -0.00000    -1.00000
           0           2          17           4
    -4.86785    -1.79536     8.52831
    -0.12626     0.99200    -0.00000
     0.99200     0.12626    -0.00000
    -0.00000    -0.00000    -1.00000
           0           2          18           1
    -4.32835    -2.89657    -8.55082
    -0.35640     0.93433    -0.00000
     0.93433     0.35640    -0.00000
    -0.00000    -0.00000    -1.00000
           0           2          18           2
    -4.32835    -2.89657    -2.85882
    -0.35640     0.93433    -0.00000
     0.93433     0.35640    -0.00000
    -0.00000    -0.00000    -1.00000
           0           2          18           3
    -4.32834    -2.89657     2.83318
    -0.35640     0.93433    -0.00000
     0.93433     0.35640    -0.00000
    -0.00000    -0.00000    -1.00000
           0           2          18           4
    -4.32834    -2.89657     8.52518
    -0.35640     0.93433    -0.00000
     0.93433     0.35640    -0.00000
    -0.00000    -0.00000    -1.00000
           0           2          19           1
    -3.54791    -3.84325    -8.54546
    -0.56648     0.82407    -0.00000
     0.82407     0.56648    -0.00000
    -0.00000    -0.00000    -1.00000
           0           2          19           2
    -3.54791    -3.84325    -2.85346
    -0.56648     0.82407    -0.00000
     0.82407     0.56648    -0.00000
    -0.00000    -0.00000    -1.00000
           0           2          19           3
    -3.54791    -3.84325     2.83854
    -0.56648     0.82407    -0.00000
     0.82407     0.56648    -0.00000
    -0.00000    -0.00000    -1.00000
           0           2          19           4
    -3.54791    -3.84325     8.53054
    -0.56648     0.82407    -0.00000
     0.82407     0.56648    -0.00000
    -0.00000    -0.00000    -1.00000
           0           2          20           1
    -2.56580    -4.57222    -8.54498
    -0.74467     0.66743    -0.00000
     0.66743     0.74467    -0.00000
    -0.00000    -0.00000    -1.00000
           0           2          20           2
    -2.56580    -4.57222    -2.85298
    -0.74467     0.66743    -0.00000
     0.66743     0.74467    -0.00000
    -0.00000    -0.00000    -1.00000
           0           2          20           3
    -2.56580    -4.57222     2.83902
    -0.74467     0.66743    -0.00000
     0.66743     0.74467    -0.00000
    -0.00000    -0.00000    -1.00000
           0           2          20           4
    -2.56580    -4.57222     8.53102
    -0.74467     0.66743    -0.00000
     0.66743     0.74467    -0.00000
    -0.00000    -0.00000    -1.00000
           0           3           1           1
     5.66990   -10.34012    12.82906
    -0.87812    -0.47845     0.00000
    -0.47845     0.87812     0.00000
    -0.00000     0.00000    -1.00000
           0           3           1           2
     5.66990   -10.34012     6.45366
    -0.87812    -0.47845     0.00000
    -0.47845     0.87812     0.00000
    -0.00000     0.00000    -1.00000
           0           3           1           3
     5.66990   -10.34012     0.07826
    -0.87812    -0.47845     0.00000
    -0.47845     0.87812     0.00000
    -0.00000     0.00000    -1.00000
           0           3           1           4
     5.66990   -10.34012    -6.29714
    -0.87812    -0.47845     0.00000
    -0.47845     0.87812     0.00000
    -0.00000     0.00000    -1.00000
           0           3           1           5
     5.66990   -10.34012   -12.67254
    -0.87812    -0.47845     0.00000
    -0.47845     0.87812     0.00000
    -0.00000     0.00000    -1.00000
           0           3           2           1
     7.56472    -7.13968    12.81888
    -0.68680    -0.72685     0.00000
    -0.72685     0.68680     0.00000
    -0.00000     0.00000    -1.00000
           0           3           2           2
     7.56472    -7.13968     6.44348
    -0.68680    -0.72685     0.00000
    -0.72685     0.68680     0.00000
    -0.00000     0.00000    -1.00000
           0           3           2           3
     7.56472    -7.13968     0.06808
    -0.68680    -0.72685     0.00000
    -0.72685     0.68680     0.00000
    -0.00000     0.00000    -1.00000
           0           3           2           4
     7.56472    -7.13968    -6.30732
    -0.68680    -0.72685     0.00000
    -0.72685     0.68680     0.00000
    -0.00000     0.00000    -1.00000
           0           3           2           5
     7.56472    -7.13968   -12.68272
    -0.68680    -0.72685     0.00000
    -0.72685     0.68680     0.00000
    -0.00000     0.00000    -1.00000
           0           3           3           1
    11.52542    -5.66737    12.81580
    -0.44175    -0.89714     0.00000
    -0.89714     0.44175     0.00000
    -0.00000     0.00000    -1.00000
           0           3           3           2
    11.52542    -5.66737     6.44040
    -0.44175    -0.89714     0.00000
    -0.89714     0.44175     0.00000
    -0.00000     0.00000    -1.00000
           0           3           3           3
    11.52541    -5.66737     0.06500
    -0.44175    -0.89714     0.00000
    -0.89714     0.44175     0.00000
    -0.00000     0.00000    -1.00000
           0           3           3           4
    11.52541    -5.66737    -6.31040
    -0.44175    -0.89714     0.00000
    -0.89714     0.44175     0.00000
    -0.00000     0.00000    -1.00000
           0           3           3           5
    11.52541    -5.66737   -12.68580
    -0.44175    -0.89714     0.00000
    -0.89714     0.44175     0.00000
    -0.00000     0.00000    -1.00000
           0           3           4           1
    11.54485    -2.06383    12.84161
    -0.17633    -0.98433     0.00000
    -0.98433     0.17633     0.00000
    -0.00000     0.00000    -1.00000
           0           3           4           2
    11.54485    -2.06383     6.46620
    -0.17633    -0.98433     0.00000
    -0.98433     0.17633     0.00000
    -0.00000     0.00000    -1.00000
           0           3           4           3
    11.54485    -2.06383     0.09080
    -0.17633    -0.98433     0.00000
    -0.98433     0.17633     0.00000
    -0.00000     0.00000    -1.00000
           0           3           4           4
    11.54485    -2.06383    -6.28460
    -0.17633    -0.98433     0.00000
    -0.98433     0.17633     0.00000
    -0.00000     0.00000    -1.00000
           0           3           4           5
    11.54485    -2.06383   -12.66000
    -0.17633    -0.98433     0.00000
    -0.98433     0.17633     0.00000
    -0.00000     0.00000    -1.00000
           0           3           5           1
    10.16239     1.39958    12.81163
     0.13715    -0.99055     0.00000
    -0.99055    -0.13715     0.00000
    -0.00000    -0.00000    -1.00000
           0           3           5           2
    10.16239     1.39958     6.43623
     0.13715    -0.99055     0.00000
    -0.99055    -0.13715     0.00000
    -0.00000    -0.00000    -1.00000
           0           3           5           3
    10.16239     1.39958     0.06083
     0.13715    -0.99055     0.00000
    -0.99055    -0.13715     0.00000
    -0.00000    -0.00000    -1.00000
           0           3           5           4
    10.16239     1.39958    -6.31457
     0.13715    -0.99055     0.00000
    -0.99055    -0.13715     0.00000
    -0.00000    -0.00000    -1.00000
           0           3           5           5
    10.16239     1.39958   -12.68997
     0.13715    -0.99055     0.00000
    -0.99055    -0.13715     0.00000
    -0.00000    -0.00000    -1.00000
           0           3           6           1
    11.72923     5.47290    12.86161
     0.42332    -0.90598     0.00000
    -0.90598    -0.42332     0.00000
    -0.00000    -0.00000    -1.00000
           0           3           6           2
    11.72923     5.47290     6.48621
     0.42332    -0.90598     0.00000
    -0.90598    -0.42332     0.00000
    -0.00000    -0.00000    -1.00000
           0           3           6           3
    11.72923     5.47290     0.11081
     0.42332    -0.90598     0.00000
    -0.90598    -0.42332     0.00000
    -0.00000    -0.00000    -1.00000
           0           3           6           4
    11.72923     5.47290    -6.26459
     0.42332    -0.90598     0.00000
    -0.90598    -0.42332     0.00000
    -0.00000    -0.00000    -1.00000
           0           3           6           5
    11.72923     5.47290   -12.63999
     0.42332    -0.90598     0.00000
    -0.90598    -0.42332     0.00000
    -0.00000    -0.00000    -1.00000
           0           3           7           1
     8.86916     7.70113    12.83170
     0.65743    -0.75352     0.00000
    -0.75352    -0.65743     0.00000
    -0.00000    -0.00000    -1.00000
           0           3           7           2
     8.86916     7.70113     6.45630
     0.65743    -0.75352     0.00000
    -0.75352    -0.65743     0.00000
    -0.00000    -0.00000    -1.00000
           0           3           7           3
     8.86916     7.70113     0.08089
     0.65743    -0.75352     0.00000
    -0.75352    -0.65743     0.00000
    -0.00000    -0.00000    -1.00000
           0           3           7           4
     8.86916     7.70113    -6.29451
     0.65743    -0.75352     0.00000
    -0.75352    -0.65743     0.00000
    -0.00000    -0.00000    -1.00000
           0           3           7           5
     8.86916     7.70113   -12.66990
     0.65743    -0.75352     0.00000
    -0.75352    -0.65743     0.00000
    -0.00000    -0.00000    -1.00000
           0           3           8           1
     5.33789     8.89198    12.82665
     0.85845    -0.51289     0.00000
    -0.51289    -0.85845     0.00000
    -0.00000    -0.00000    -1.00000
           0           3           8           2
     5.33789     8.89198     6.45125
     0.85845    -0.51289     0.00000
    -0.51289    -0.85845     0.00000
    -0.00000    -0.00000    -1.00000
           0           3           8           3
     5.33789     8.89198     0.07585
     0.85845    -0.51289     0.00000
    -0.51289    -0.85845     0.00000
    -0.00000    -0.00000    -1.00000
           0           3           8           4
     5.33789     8.89198    -6.29955
     0.85845    -0.51289     0.00000
    -0.51289    -0.85845     0.00000
    -0.00000    -0.00000    -1.00000
           0           3           8           5
     5.33789     8.89198   -12.67495
     0.85845    -0.51289     0.00000
    -0.51289    -0.85845     0.00000
    -0.00000    -0.00000    -1.00000
           0           3           9           1
    -5.32878     8.90679   -12.81404
    -0.85805    -0.51356     0.00000
     0.51356    -0.85805     0.00000
    -0.00000     0.00000     1.00000
           0           3           9           2
    -5.32878     8.90679    -6.43864
    -0.85805    -0.51356     0.00000
     0.51356    -0.85805     0.00000
    -0.00000     0.00000     1.00000
           0           3           9           3
    -5.32878     8.90679    -0.06324
    -0.85805    -0.51356     0.00000
     0.51356    -0.85805     0.00000
    -0.00000     0.00000     1.00000
           0           3           9           4
    -5.32878     8.90679     6.31216
    -0.85805    -0.51356     0.00000
     0.51356    -0.85805     0.00000
    -0.00000     0.00000     1.00000
           0           3           9           5
    -5.32878     8.90679    12.68756
    -0.85805    -0.51356     0.00000
     0.51356    -0.85805     0.00000
    -0.00000     0.00000     1.00000
           0           3          10           1
    -8.86203     7.73727   -12.77737
    -0.65691    -0.75397    -0.00000
     0.75397    -0.65691    -0.00000
     0.00000    -0.00000     1.00000
           0           3          10           2
    -8.86203     7.73727    -6.40197
    -0.65691    -0.75397    -0.00000
     0.75397    -0.65691    -0.00000
     0.00000    -0.00000     1.00000
           0           3          10           3
    -8.86203     7.73727    -0.02657
    -0.65691    -0.75397    -0.00000
     0.75397    -0.65691    -0.00000
     0.00000    -0.00000     1.00000
           0           3          10           4
    -8.86203     7.73727     6.34883
    -0.65691    -0.75397    -0.00000
     0.75397    -0.65691    -0.00000
     0.00000    -0.00000     1.00000
           0           3          10           5
    -8.86203     7.73727    12.72423
    -0.65691    -0.75397    -0.00000
     0.75397    -0.65691    -0.00000
     0.00000    -0.00000     1.00000
           0           3          11           1
   -11.63640     5.45232   -12.78721
    -0.42275    -0.90625    -0.00000
     0.90625    -0.42275    -0.00000
     0.00000    -0.00000     1.00000
           0           3          11           2
   -11.63640     5.45232    -6.41181
    -0.42275    -0.90625    -0.00000
     0.90625    -0.42275    -0.00000
     0.00000    -0.00000     1.00000
           0           3          11           3
   -11.63640     5.45232    -0.03641
    -0.42275    -0.90625    -0.00000
     0.90625    -0.42275    -0.00000
     0.00000    -0.00000     1.00000
           0           3          11           4
   -11.63640     5.45232     6.33899
    -0.42275    -0.90625    -0.00000
     0.90625    -0.42275    -0.00000
     0.00000    -0.00000     1.00000
           0           3          11           5
   -11.63640     5.45232    12.71439
    -0.42275    -0.90625    -0.00000
     0.90625    -0.42275    -0.00000
     0.00000    -0.00000     1.00000
           0           3          12           1
   -10.28318     1.43265   -12.77283
    -0.13638    -0.99066    -0.00000
     0.99066    -0.13638    -0.00000
     0.00000    -0.00000     1.00000
           0           3          12           2
   -10.28318     1.43265    -6.39743
    -0.13638    -0.99066    -0.00000
     0.99066    -0.13638    -0.00000
     0.00000    -0.00000     1.00000
           0           3          12           3
   -10.28318     1.43265    -0.02203
    -0.13638    -0.99066    -0.00000
     0.99066    -0.13638    -0.00000
     0.00000    -0.00000     1.00000
           0           3          12           4
   -10.28318     1.43265     6.35337
    -0.13638    -0.99066    -0.00000
     0.99066    -0.13638    -0.00000
     0.00000    -0.00000     1.00000
           0           3          12           5
   -10.28318     1.43265    12.72877
    -0.13638    -0.99066    -0.00000
     0.99066    -0.13638    -0.00000
     0.00000    -0.00000     1.00000
           0           3          13           1
   -11.50577    -2.02730   -12.77671
     0.17701    -0.98421    -0.00000
     0.98421     0.17701    -0.00000
     0.00000     0.00000     1.00000
           0           3          13           2
   -11.50577    -2.02730    -6.40131
     0.17701    -0.98421    -0.00000
     0.98421     0.17701    -0.00000
     0.00000     0.00000     1.00000
           0           3          13           3
   -11.50577    -2.02730    -0.02591
     0.17701    -0.98421    -0.00000
     0.98421     0.17701    -0.00000
     0.00000     0.00000     1.00000
           0           3          13           4
   -11.50577    -2.02730     6.34949
     0.17701    -0.98421    -0.00000
     0.98421     0.17701    -0.00000
     0.00000     0.00000     1.00000
           0           3          13           5
   -11.50577    -2.02730    12.72489
     0.17701    -0.98421    -0.00000
     0.98421     0.17701    -0.00000
     0.00000     0.00000     1.00000
           0           3          14           1
   -11.54101    -5.64739   -12.80313
     0.44231    -0.89686    -0.00000
     0.89686     0.44231    -0.00000
     0.00000     0.00000     1.00000
           0           3          14           2
   -11.54101    -5.64739    -6.42773
     0.44231    -0.89686    -0.00000
     0.89686     0.44231    -0.00000
     0.00000     0.00000     1.00000
           0           3          14           3
   -11.54101    -5.64739    -0.05233
     0.44231    -0.89686    -0.00000
     0.89686     0.44231    -0.00000
     0.00000     0.00000     1.00000
           0           3          14           4
   -11.54101    -5.64739     6.32307
     0.44231    -0.89686    -0.00000
     0.89686     0.44231    -0.00000
     0.00000     0.00000     1.00000
           0           3          14           5
   -11.54101    -5.64739    12.69847
     0.44231    -0.89686    -0.00000
     0.89686     0.44231    -0.00000
     0.00000     0.00000     1.00000
           0           3          15           1
    -7.53046    -7.08296   -12.78242
     0.68736    -0.72631    -0.00000
     0.72631     0.68736    -0.00000
     0.00000     0.00000     1.00000
           0           3          15           2
    -7.53046    -7.08296    -6.40702
     0.68736    -0.72631    -0.00000
     0.72631     0.68736    -0.00000
     0.00000     0.00000     1.00000
           0           3          15           3
    -7.53046    -7.08296    -0.03162
     0.68736    -0.72631    -0.00000
     0.72631     0.68736    -0.00000
     0.00000     0.00000     1.00000
           0           3          15           4
    -7.53046    -7.08296     6.34378
     0.68736    -0.72631    -0.00000
     0.72631     0.68736    -0.00000
     0.00000     0.00000     1.00000
           0           3          15           5
    -7.53046    -7.08296    12.71918
     0.68736    -0.72631    -0.00000
     0.72631     0.68736    -0.00000
     0.00000     0.00000     1.00000
           0           3          16           1
    -5.72708   -10.37383   -12.77762
     0.87845    -0.47784    -0.00000
     0.47784     0.87845    -0.00000
     0.00000     0.00000     1.00000
           0           3          16           2
    -5.72708   -10.37383    -6.40222
     0.87845    -0.47784    -0.00000
     0.47784     0.87845    -0.00000
     0.00000     0.00000     1.00000
           0           3          16           3
