 SVX cage parameters:
     2.20000
     0.50000     0.20000
     0.00000
           6
   -40.00000   -26.50000   -26.50000    26.50000    26.50000    40.00000
    53.00000    53.00000    22.00000    22.00000    53.00000    53.00000
     0.00000     0.00000     0.00000
 SVX barrel parameters:
           4
     2.63000     5.13000    11.76500    16.68700     1.21400
     0.00000     0.00000     0.00000     0.00000
           4           4           5           6
     0.69600     0.69600     1.74500     1.74500
     0.01000     0.01000     0.03125     0.03125
     2.83600     2.83600     3.18770     3.18770
     0.01900     0.01900     0.00000     0.00000
     0.02000     0.02000     0.00000     0.00000
    26.70000    13.60000    17.00000    12.00000
   -13.00000   -13.02000     0.00000     0.00000
           2
           5           5
     0.00000   180.00000
           2
          10          10
     0.00000   180.00000
           2
           8           8
     0.00000   180.00000
           2
          12          12
     0.00000   180.00000
 SVX barrel sensor rotation matrices and translation vectors:
           0           1           1           1
     1.66128    -2.03887     8.53800
     0.61229     0.79063    -0.00000
    -0.79063     0.61229    -0.00000
    -0.00000     0.00000     1.00000
           0           1           1           2
     1.66128    -2.03887     2.84600
     0.61229     0.79063    -0.00000
    -0.79063     0.61229    -0.00000
    -0.00000     0.00000     1.00000
           0           1           1           3
     1.66128    -2.03887    -2.84600
     0.61229     0.79063    -0.00000
    -0.79063     0.61229    -0.00000
    -0.00000     0.00000     1.00000
           0           1           1           4
     1.66128    -2.03887    -8.53800
     0.61229     0.79063    -0.00000
    -0.79063     0.61229    -0.00000
    -0.00000     0.00000     1.00000
           0           1           2           1
     2.33735    -1.20568     8.53785
     0.24553     0.96939    -0.00000
    -0.96939     0.24553    -0.00000
     0.00000     0.00000     1.00000
           0           1           2           2
     2.33735    -1.20568     2.84585
     0.24553     0.96939    -0.00000
    -0.96939     0.24553    -0.00000
     0.00000     0.00000     1.00000
           0           1           2           3
     2.33735    -1.20568    -2.84615
     0.24553     0.96939    -0.00000
    -0.96939     0.24553    -0.00000
     0.00000     0.00000     1.00000
           0           1           2           4
     2.33735    -1.20568    -8.53815
     0.24553     0.96939    -0.00000
    -0.96939     0.24553    -0.00000
     0.00000     0.00000     1.00000
           0           1           3           1
     2.62998    -0.01402     8.53484
    -0.22099     0.97528     0.00000
    -0.97528    -0.22099     0.00000
     0.00000     0.00000     1.00000
           0           1           3           2
     2.62998    -0.01402     2.84285
    -0.22099     0.97528     0.00000
    -0.97528    -0.22099     0.00000
     0.00000     0.00000     1.00000
           0           1           3           3
     2.62998    -0.01402    -2.84916
    -0.22099     0.97528     0.00000
    -0.97528    -0.22099     0.00000
     0.00000     0.00000     1.00000
           0           1           3           4
     2.62998    -0.01402    -8.54116
    -0.22099     0.97528     0.00000
    -0.97528    -0.22099     0.00000
     0.00000     0.00000     1.00000
           0           1           4           1
     2.34839     1.18404     8.53813
    -0.64050     0.76796     0.00000
    -0.76796    -0.64050     0.00000
     0.00000     0.00000     1.00000
           0           1           4           2
     2.34839     1.18404     2.84613
    -0.64050     0.76796     0.00000
    -0.76796    -0.64050     0.00000
     0.00000     0.00000     1.00000
           0           1           4           3
     2.34839     1.18404    -2.84587
    -0.64050     0.76796     0.00000
    -0.76796    -0.64050     0.00000
     0.00000     0.00000     1.00000
           0           1           4           4
     2.34839     1.18404    -8.53787
    -0.64050     0.76796     0.00000
    -0.76796    -0.64050     0.00000
     0.00000     0.00000     1.00000
           0           1           5           1
     1.58121     2.10160     8.53778
    -0.91436     0.40491     0.00000
    -0.40491    -0.91436     0.00000
     0.00000     0.00000     1.00000
           0           1           5           2
     1.58121     2.10160     2.84576
    -0.91436     0.40491     0.00000
    -0.40491    -0.91436     0.00000
     0.00000     0.00000     1.00000
           0           1           5           3
     1.58121     2.10160    -2.84624
    -0.91436     0.40491     0.00000
    -0.40491    -0.91436     0.00000
     0.00000     0.00000     1.00000
           0           1           5           4
     1.58121     2.10160    -8.53823
    -0.91436     0.40491     0.00000
    -0.40491    -0.91436     0.00000
     0.00000     0.00000     1.00000
           0           1           6           1
    -1.56661     2.11250    -8.55110
     0.91714     0.39856     0.00000
     0.39856    -0.91714     0.00000
     0.00000    -0.00000    -1.00000
           0           1           6           2
    -1.56661     2.11250    -2.85910
     0.91714     0.39856     0.00000
     0.39856    -0.91714     0.00000
     0.00000    -0.00000    -1.00000
           0           1           6           3
    -1.56661     2.11250     2.83290
     0.91714     0.39856     0.00000
     0.39856    -0.91714     0.00000
     0.00000    -0.00000    -1.00000
           0           1           6           4
    -1.56661     2.11250     8.52490
     0.91714     0.39856     0.00000
     0.39856    -0.91714     0.00000
     0.00000    -0.00000    -1.00000
           0           1           7           1
    -2.34975     1.18136    -8.54221
     0.63961     0.76870    -0.00000
     0.76870    -0.63961    -0.00000
    -0.00000     0.00000    -1.00000
           0           1           7           2
    -2.34975     1.18136    -2.85021
     0.63961     0.76870    -0.00000
     0.76870    -0.63961    -0.00000
    -0.00000     0.00000    -1.00000
           0           1           7           3
    -2.34975     1.18136     2.84179
     0.63961     0.76870    -0.00000
     0.76870    -0.63961    -0.00000
    -0.00000     0.00000    -1.00000
           0           1           7           4
    -2.34975     1.18136     8.53379
     0.63961     0.76870    -0.00000
     0.76870    -0.63961    -0.00000
    -0.00000     0.00000    -1.00000
           0           1           8           1
    -2.63001     0.00567    -8.54235
     0.22827     0.97360    -0.00000
     0.97360    -0.22827    -0.00000
    -0.00000     0.00000    -1.00000
           0           1           8           2
    -2.63000     0.00567    -2.85035
     0.22827     0.97360    -0.00000
     0.97360    -0.22827    -0.00000
    -0.00000     0.00000    -1.00000
           0           1           8           3
    -2.63000     0.00567     2.84165
     0.22827     0.97360    -0.00000
     0.97360    -0.22827    -0.00000
    -0.00000     0.00000    -1.00000
           0           1           8           4
    -2.63000     0.00567     8.53365
     0.22827     0.97360    -0.00000
     0.97360    -0.22827    -0.00000
    -0.00000     0.00000    -1.00000
           0           1           9           1
    -2.34925    -1.18234    -8.53825
    -0.23587     0.97178    -0.00000
     0.97178     0.23587    -0.00000
    -0.00000    -0.00000    -1.00000
           0           1           9           2
    -2.34925    -1.18234    -2.84625
    -0.23587     0.97178    -0.00000
     0.97178     0.23587    -0.00000
    -0.00000    -0.00000    -1.00000
           0           1           9           3
    -2.34925    -1.18234     2.84575
    -0.23587     0.97178    -0.00000
     0.97178     0.23587    -0.00000
    -0.00000    -0.00000    -1.00000
           0           1           9           4
    -2.34925    -1.18234     8.53775
    -0.23587     0.97178    -0.00000
     0.97178     0.23587    -0.00000
    -0.00000    -0.00000    -1.00000
           0           1          10           1
    -1.56186    -2.11603    -8.54288
    -0.64939     0.76045    -0.00000
     0.76045     0.64939    -0.00000
    -0.00000    -0.00000    -1.00000
           0           1          10           2
    -1.56186    -2.11603    -2.85088
    -0.64939     0.76045    -0.00000
     0.76045     0.64939    -0.00000
    -0.00000    -0.00000    -1.00000
           0           1          10           3
    -1.56186    -2.11603     2.84112
    -0.64939     0.76045    -0.00000
     0.76045     0.64939    -0.00000
    -0.00000    -0.00000    -1.00000
           0           1          10           4
    -1.56186    -2.11603     8.53312
    -0.64939     0.76045    -0.00000
     0.76045     0.64939    -0.00000
    -0.00000    -0.00000    -1.00000
           0           2           1           1
     2.46930    -4.49661     8.53576
     0.74513     0.66692    -0.00000
    -0.66692     0.74513    -0.00000
     0.00000     0.00000     1.00000
           0           2           1           2
     2.46930    -4.49661     2.84375
     0.74513     0.66692    -0.00000
    -0.66692     0.74513    -0.00000
     0.00000     0.00000     1.00000
           0           2           1           3
     2.46930    -4.49661    -2.84825
     0.74513     0.66692    -0.00000
    -0.66692     0.74513    -0.00000
     0.00000     0.00000     1.00000
           0           2           1           4
     2.46930    -4.49661    -8.54025
     0.74513     0.66692    -0.00000
    -0.66692     0.74513    -0.00000
     0.00000     0.00000     1.00000
           0           2           2           1
     3.43253    -3.81245     8.53294
     0.57278     0.81971    -0.00000
    -0.81971     0.57278    -0.00000
     0.00000     0.00000     1.00000
           0           2           2           2
     3.43253    -3.81245     2.84095
     0.57278     0.81971    -0.00000
    -0.81971     0.57278    -0.00000
     0.00000     0.00000     1.00000
           0           2           2           3
     3.43253    -3.81245    -2.85105
     0.57278     0.81971    -0.00000
    -0.81971     0.57278    -0.00000
     0.00000     0.00000     1.00000
           0           2           2           4
     3.43253    -3.81245    -8.54306
     0.57278     0.81971    -0.00000
    -0.81971     0.57278    -0.00000
     0.00000     0.00000     1.00000
           0           2           3           1
     4.23971    -2.88822     8.53771
     0.36173     0.93228    -0.00000
    -0.93228     0.36173    -0.00000
     0.00000     0.00000     1.00000
           0           2           3           2
     4.23971    -2.88822     2.84571
     0.36173     0.93228    -0.00000
    -0.93228     0.36173    -0.00000
     0.00000     0.00000     1.00000
           0           2           3           3
     4.23971    -2.88822    -2.84629
     0.36173     0.93228    -0.00000
    -0.93228     0.36173    -0.00000
     0.00000     0.00000     1.00000
           0           2           3           4
     4.23971    -2.88822    -8.53829
     0.36173     0.93228    -0.00000
    -0.93228     0.36173    -0.00000
     0.00000     0.00000     1.00000
           0           2           4           1
     4.80140    -1.80654     8.54460
     0.13160     0.99130    -0.00000
    -0.99130     0.13160    -0.00000
     0.00000     0.00000     1.00000
           0           2           4           2
     4.80140    -1.80654     2.85260
     0.13160     0.99130    -0.00000
    -0.99130     0.13160    -0.00000
     0.00000     0.00000     1.00000
           0           2           4           3
     4.80140    -1.80654    -2.83940
     0.13160     0.99130    -0.00000
    -0.99130     0.13160    -0.00000
     0.00000     0.00000     1.00000
           0           2           4           4
     4.80140    -1.80654    -8.53140
     0.13160     0.99130    -0.00000
    -0.99130     0.13160    -0.00000
     0.00000     0.00000     1.00000
           0           2           5           1
     5.09253    -0.61885     8.54416
    -0.10675     0.99429     0.00000
    -0.99429    -0.10675     0.00000
     0.00000     0.00000     1.00000
           0           2           5           2
     5.09253    -0.61885     2.85216
    -0.10675     0.99429     0.00000
    -0.99429    -0.10675     0.00000
     0.00000     0.00000     1.00000
           0           2           5           3
     5.09253    -0.61885    -2.83984
    -0.10675     0.99429     0.00000
    -0.99429    -0.10675     0.00000
     0.00000     0.00000     1.00000
           0           2           5           4
     5.09253    -0.61885    -8.53184
    -0.10675     0.99429     0.00000
    -0.99429    -0.10675     0.00000
     0.00000     0.00000     1.00000
           0           2           6           1
     5.09655     0.58477     8.54279
    -0.33549     0.94204     0.00000
    -0.94204    -0.33549     0.00000
     0.00000     0.00000     1.00000
           0           2           6           2
     5.09655     0.58477     2.85079
    -0.33549     0.94204     0.00000
    -0.94204    -0.33549     0.00000
     0.00000     0.00000     1.00000
           0           2           6           3
     5.09655     0.58477    -2.84121
    -0.33549     0.94204     0.00000
    -0.94204    -0.33549     0.00000
     0.00000     0.00000     1.00000
           0           2           6           4
     5.09655     0.58477    -8.53321
    -0.33549     0.94204     0.00000
    -0.94204    -0.33549     0.00000
     0.00000     0.00000     1.00000
           0           2           7           1
     4.81170     1.77891     8.54665
    -0.54969     0.83537     0.00000
    -0.83537    -0.54969     0.00000
     0.00000     0.00000     1.00000
           0           2           7           2
     4.81170     1.77891     2.85465
    -0.54969     0.83537     0.00000
    -0.83537    -0.54969     0.00000
     0.00000     0.00000     1.00000
           0           2           7           3
     4.81170     1.77891    -2.83735
    -0.54969     0.83537     0.00000
    -0.83537    -0.54969     0.00000
     0.00000     0.00000     1.00000
           0           2           7           4
     4.81170     1.77891    -8.52935
    -0.54969     0.83537     0.00000
    -0.83537    -0.54969     0.00000
     0.00000     0.00000     1.00000
           0           2           8           1
     4.26053     2.85740     8.54399
    -0.73024     0.68319     0.00000
    -0.68319    -0.73024     0.00000
     0.00000     0.00000     1.00000
           0           2           8           2
     4.26053     2.85740     2.85199
    -0.73024     0.68319     0.00000
    -0.68319    -0.73024     0.00000
     0.00000     0.00000     1.00000
           0           2           8           3
     4.26053     2.85740    -2.84000
    -0.73024     0.68319     0.00000
    -0.68319    -0.73024     0.00000
     0.00000     0.00000     1.00000
           0           2           8           4
     4.26053     2.85740    -8.53201
    -0.73024     0.68319     0.00000
    -0.68319    -0.73024     0.00000
     0.00000     0.00000     1.00000
           0           2           9           1
     3.46329     3.78451     8.53924
    -0.87116     0.49099     0.00000
    -0.49099    -0.87116     0.00000
     0.00000     0.00000     1.00000
           0           2           9           2
     3.46329     3.78451     2.84724
    -0.87116     0.49099     0.00000
    -0.49099    -0.87116     0.00000
     0.00000     0.00000     1.00000
           0           2           9           3
     3.46329     3.78451    -2.84476
    -0.87116     0.49099     0.00000
    -0.49099    -0.87116     0.00000
     0.00000     0.00000     1.00000
           0           2           9           4
     3.46329     3.78451    -8.53676
    -0.87116     0.49099     0.00000
    -0.49099    -0.87116     0.00000
     0.00000     0.00000     1.00000
           0           2          10           1
     2.38488     4.54195     8.53392
    -0.96751     0.25283     0.00000
    -0.25283    -0.96751     0.00000
     0.00000     0.00000     1.00000
           0           2          10           2
     2.38488     4.54195     2.84192
    -0.96751     0.25283     0.00000
    -0.25283    -0.96751     0.00000
     0.00000     0.00000     1.00000
           0           2          10           3
     2.38488     4.54195    -2.85008
    -0.96751     0.25283     0.00000
    -0.25283    -0.96751     0.00000
     0.00000     0.00000     1.00000
           0           2          10           4
     2.38488     4.54195    -8.54208
    -0.96751     0.25283     0.00000
    -0.25283    -0.96751     0.00000
     0.00000     0.00000     1.00000
           0           2          11           1
    -2.46412     4.49945    -8.53802
     0.96293     0.26976     0.00000
     0.26976    -0.96293     0.00000
     0.00000    -0.00000    -1.00000
           0           2          11           2
    -2.46412     4.49945    -2.84602
     0.96293     0.26976     0.00000
     0.26976    -0.96293     0.00000
     0.00000    -0.00000    -1.00000
           0           2          11           3
    -2.46412     4.49945     2.84598
     0.96293     0.26976     0.00000
     0.26976    -0.96293     0.00000
     0.00000    -0.00000    -1.00000
           0           2          11           4
    -2.46412     4.49945     8.53798
     0.96293     0.26976     0.00000
     0.26976    -0.96293     0.00000
     0.00000    -0.00000    -1.00000
           0           2          12           1
    -3.45918     3.78827    -8.53800
     0.87170     0.49004     0.00000
     0.49004    -0.87170     0.00000
     0.00000    -0.00000    -1.00000
           0           2          12           2
    -3.45918     3.78827    -2.84600
     0.87170     0.49004     0.00000
     0.49004    -0.87170     0.00000
     0.00000    -0.00000    -1.00000
           0           2          12           3
    -3.45918     3.78827     2.84600
     0.87170     0.49004     0.00000
     0.49004    -0.87170     0.00000
     0.00000    -0.00000    -1.00000
           0           2          12           4
    -3.45918     3.78827     8.53800
     0.87170     0.49004     0.00000
     0.49004    -0.87170     0.00000
     0.00000    -0.00000    -1.00000
           0           2          13           1
    -4.25061     2.87214    -8.54215
     0.73260     0.68066     0.00000
     0.68066    -0.73260     0.00000
     0.00000    -0.00000    -1.00000
           0           2          13           2
    -4.25061     2.87214    -2.85015
     0.73260     0.68066     0.00000
     0.68066    -0.73260     0.00000
     0.00000    -0.00000    -1.00000
           0           2          13           3
    -4.25061     2.87214     2.84185
     0.73260     0.68066     0.00000
     0.68066    -0.73260     0.00000
     0.00000    -0.00000    -1.00000
           0           2          13           4
    -4.25061     2.87214     8.53385
     0.73260     0.68066     0.00000
     0.68066    -0.73260     0.00000
     0.00000    -0.00000    -1.00000
           0           2          14           1
    -4.80717     1.79113    -8.53677
     0.55182     0.83396    -0.00000
     0.83396    -0.55182    -0.00000
    -0.00000     0.00000    -1.00000
           0           2          14           2
    -4.80717     1.79113    -2.84477
     0.55182     0.83396    -0.00000
     0.83396    -0.55182    -0.00000
    -0.00000     0.00000    -1.00000
           0           2          14           3
    -4.80717     1.79113     2.84723
     0.55182     0.83396    -0.00000
     0.83396    -0.55182    -0.00000
    -0.00000     0.00000    -1.00000
           0           2          14           4
    -4.80717     1.79113     8.53923
     0.55182     0.83396    -0.00000
     0.83396    -0.55182    -0.00000
    -0.00000     0.00000    -1.00000
           0           2          15           1
    -5.09437     0.60347    -8.54205
     0.33894     0.94081    -0.00000
     0.94081    -0.33894    -0.00000
    -0.00000     0.00000    -1.00000
           0           2          15           2
    -5.09437     0.60347    -2.85005
     0.33894     0.94081    -0.00000
     0.94081    -0.33894    -0.00000
    -0.00000     0.00000    -1.00000
           0           2          15           3
    -5.09437     0.60347     2.84195
     0.33894     0.94081    -0.00000
     0.94081    -0.33894    -0.00000
    -0.00000     0.00000    -1.00000
           0           2          15           4
    -5.09437     0.60347     8.53395
     0.33894     0.94081    -0.00000
     0.94081    -0.33894    -0.00000
    -0.00000     0.00000    -1.00000
           0           2          16           1
    -5.09393    -0.60736    -8.53609
     0.10901     0.99404    -0.00000
     0.99404    -0.10901    -0.00000
    -0.00000     0.00000    -1.00000
           0           2          16           2
    -5.09393    -0.60736    -2.84409
     0.10901     0.99404    -0.00000
     0.99404    -0.10901    -0.00000
    -0.00000     0.00000    -1.00000
           0           2          16           3
    -5.09393    -0.60736     2.84791
     0.10901     0.99404    -0.00000
     0.99404    -0.10901    -0.00000
    -0.00000     0.00000    -1.00000
           0           2          16           4
    -5.09393    -0.60736     8.53991
     0.10901     0.99404    -0.00000
     0.99404    -0.10901    -0.00000
    -0.00000     0.00000    -1.00000
           0           2          17           1
    -4.80819    -1.78834    -8.53695
    -0.12784     0.99179    -0.00000
     0.99179     0.12784    -0.00000
    -0.00000    -0.00000    -1.00000
           0           2          17           2
    -4.80819    -1.78834    -2.84496
    -0.12784     0.99179    -0.00000
     0.99179     0.12784    -0.00000
    -0.00000    -0.00000    -1.00000
           0           2          17           3
    -4.80819    -1.78834     2.84704
    -0.12784     0.99179    -0.00000
     0.99179     0.12784    -0.00000
    -0.00000    -0.00000    -1.00000
           0           2          17           4
    -4.80819    -1.78834     8.53904
    -0.12784     0.99179    -0.00000
     0.99179     0.12784    -0.00000
    -0.00000    -0.00000    -1.00000
           0           2          18           1
    -4.25152    -2.87080    -8.54168
    -0.35791     0.93376    -0.00000
     0.93376     0.35791    -0.00000
    -0.00000    -0.00000    -1.00000
           0           2          18           2
    -4.25152    -2.87080    -2.84969
    -0.35791     0.93376    -0.00000
     0.93376     0.35791    -0.00000
    -0.00000    -0.00000    -1.00000
           0           2          18           3
    -4.25152    -2.87080     2.84231
    -0.35791     0.93376    -0.00000
     0.93376     0.35791    -0.00000
    -0.00000    -0.00000    -1.00000
           0           2          18           4
    -4.25152    -2.87080     8.53432
    -0.35791     0.93376    -0.00000
     0.93376     0.35791    -0.00000
    -0.00000    -0.00000    -1.00000
           0           2          19           1
    -3.45502    -3.79206    -8.54486
    -0.56793     0.82308    -0.00000
     0.82308     0.56793    -0.00000
    -0.00000    -0.00000    -1.00000
           0           2          19           2
    -3.45502    -3.79206    -2.85286
    -0.56793     0.82308    -0.00000
     0.82308     0.56793    -0.00000
    -0.00000    -0.00000    -1.00000
           0           2          19           3
    -3.45502    -3.79206     2.83914
    -0.56793     0.82308    -0.00000
     0.82308     0.56793    -0.00000
    -0.00000    -0.00000    -1.00000
           0           2          19           4
    -3.45502    -3.79206     8.53113
    -0.56793     0.82308    -0.00000
     0.82308     0.56793    -0.00000
    -0.00000    -0.00000    -1.00000
           0           2          20           1
    -2.46319    -4.49996    -8.54724
    -0.74603     0.66591    -0.00000
     0.66591     0.74603    -0.00000
    -0.00000    -0.00000    -1.00000
           0           2          20           2
    -2.46319    -4.49996    -2.85526
    -0.74603     0.66591    -0.00000
     0.66591     0.74603    -0.00000
    -0.00000    -0.00000    -1.00000
           0           2          20           3
    -2.46319    -4.49996     2.83675
    -0.74603     0.66591    -0.00000
     0.66591     0.74603    -0.00000
    -0.00000    -0.00000    -1.00000
           0           2          20           4
    -2.46319    -4.49996     8.52876
    -0.74603     0.66591    -0.00000
     0.66591     0.74603    -0.00000
    -0.00000    -0.00000    -1.00000
           0           3           1           1
     5.62717   -10.33199    12.74749
    -0.87820    -0.47830    -0.00000
    -0.47830     0.87820    -0.00000
     0.00000    -0.00000    -1.00000
           0           3           1           2
     5.62717   -10.33199     6.37209
    -0.87820    -0.47830    -0.00000
    -0.47830     0.87820    -0.00000
     0.00000    -0.00000    -1.00000
           0           3           1           3
     5.62717   -10.33199    -0.00331
    -0.87820    -0.47830    -0.00000
    -0.47830     0.87820    -0.00000
     0.00000    -0.00000    -1.00000
           0           3           1           4
     5.62717   -10.33199    -6.37871
    -0.87820    -0.47830    -0.00000
    -0.47830     0.87820    -0.00000
     0.00000    -0.00000    -1.00000
           0           3           1           5
     5.62717   -10.33199   -12.75412
    -0.87820    -0.47830    -0.00000
    -0.47830     0.87820    -0.00000
     0.00000    -0.00000    -1.00000
           0           3           2           1
     7.51353    -7.13278    12.73194
    -0.68850    -0.72524     0.00000
    -0.72524     0.68850     0.00000
    -0.00000     0.00000    -1.00000
           0           3           2           2
     7.51353    -7.13278     6.35654
    -0.68850    -0.72524     0.00000
    -0.72524     0.68850     0.00000
    -0.00000     0.00000    -1.00000
           0           3           2           3
     7.51353    -7.13278    -0.01886
    -0.68850    -0.72524     0.00000
    -0.72524     0.68850     0.00000
    -0.00000     0.00000    -1.00000
           0           3           2           4
     7.51353    -7.13278    -6.39425
    -0.68850    -0.72524     0.00000
    -0.72524     0.68850     0.00000
    -0.00000     0.00000    -1.00000
           0           3           2           5
     7.51353    -7.13278   -12.76966
    -0.68850    -0.72524     0.00000
    -0.72524     0.68850     0.00000
    -0.00000     0.00000    -1.00000
           0           3           3           1
    11.53598    -5.65617    12.76251
    -0.44023    -0.89789     0.00000
    -0.89789     0.44023     0.00000
    -0.00000     0.00000    -1.00000
           0           3           3           2
    11.53598    -5.65617     6.38711
    -0.44023    -0.89789     0.00000
    -0.89789     0.44023     0.00000
    -0.00000     0.00000    -1.00000
           0           3           3           3
    11.53598    -5.65617     0.01171
    -0.44023    -0.89789     0.00000
    -0.89789     0.44023     0.00000
    -0.00000     0.00000    -1.00000
           0           3           3           4
    11.53598    -5.65617    -6.36369
    -0.44023    -0.89789     0.00000
    -0.89789     0.44023     0.00000
    -0.00000     0.00000    -1.00000
           0           3           3           5
    11.53598    -5.65617   -12.73909
    -0.44023    -0.89789     0.00000
    -0.89789     0.44023     0.00000
    -0.00000     0.00000    -1.00000
           0           3           4           1
    11.58246    -2.06442    12.75420
    -0.17547    -0.98448     0.00000
    -0.98448     0.17547     0.00000
    -0.00000     0.00000    -1.00000
           0           3           4           2
    11.58246    -2.06442     6.37880
    -0.17547    -0.98448     0.00000
    -0.98448     0.17547     0.00000
    -0.00000     0.00000    -1.00000
           0           3           4           3
    11.58246    -2.06442     0.00340
    -0.17547    -0.98448     0.00000
    -0.98448     0.17547     0.00000
    -0.00000     0.00000    -1.00000
           0           3           4           4
    11.58246    -2.06442    -6.37200
    -0.17547    -0.98448     0.00000
    -0.98448     0.17547     0.00000
    -0.00000     0.00000    -1.00000
           0           3           4           5
    11.58246    -2.06442   -12.74740
    -0.17547    -0.98448     0.00000
    -0.98448     0.17547     0.00000
    -0.00000     0.00000    -1.00000
           0           3           5           1
    10.26322     1.41282    12.74128
     0.13637    -0.99066     0.00000
    -0.99066    -0.13637     0.00000
    -0.00000    -0.00000    -1.00000
           0           3           5           2
    10.26322     1.41282     6.36588
     0.13637    -0.99066     0.00000
    -0.99066    -0.13637     0.00000
    -0.00000    -0.00000    -1.00000
           0           3           5           3
    10.26322     1.41282    -0.00952
     0.13637    -0.99066     0.00000
    -0.99066    -0.13637     0.00000
    -0.00000    -0.00000    -1.00000
           0           3           5           4
    10.26322     1.41282    -6.38492
     0.13637    -0.99066     0.00000
    -0.99066    -0.13637     0.00000
    -0.00000    -0.00000    -1.00000
           0           3           5           5
    10.26322     1.41282   -12.76032
     0.13637    -0.99066     0.00000
    -0.99066    -0.13637     0.00000
    -0.00000    -0.00000    -1.00000
           0           3           6           1
    11.64321     5.43200    12.75043
     0.42280    -0.90622     0.00000
    -0.90622    -0.42280     0.00000
    -0.00000    -0.00000    -1.00000
           0           3           6           2
    11.64321     5.43200     6.37503
     0.42280    -0.90622     0.00000
    -0.90622    -0.42280     0.00000
    -0.00000    -0.00000    -1.00000
           0           3           6           3
    11.64321     5.43200    -0.00037
     0.42280    -0.90622     0.00000
    -0.90622    -0.42280     0.00000
    -0.00000    -0.00000    -1.00000
           0           3           6           4
    11.64321     5.43200    -6.37577
     0.42280    -0.90622     0.00000
    -0.90622    -0.42280     0.00000
    -0.00000    -0.00000    -1.00000
           0           3           6           5
    11.64321     5.43200   -12.75117
     0.42280    -0.90622     0.00000
    -0.90622    -0.42280     0.00000
    -0.00000    -0.00000    -1.00000
           0           3           7           1
     8.87475     7.72358    12.74453
     0.65649    -0.75433     0.00000
    -0.75433    -0.65649     0.00000
    -0.00000    -0.00000    -1.00000
           0           3           7           2
     8.87475     7.72358     6.36913
     0.65649    -0.75433     0.00000
    -0.75433    -0.65649     0.00000
    -0.00000    -0.00000    -1.00000
           0           3           7           3
     8.87475     7.72358    -0.00627
     0.65649    -0.75433     0.00000
    -0.75433    -0.65649     0.00000
    -0.00000    -0.00000    -1.00000
           0           3           7           4
     8.87475     7.72358    -6.38167
     0.65649    -0.75433     0.00000
    -0.75433    -0.65649     0.00000
    -0.00000    -0.00000    -1.00000
           0           3           7           5
     8.87475     7.72358   -12.75707
     0.65649    -0.75433     0.00000
    -0.75433    -0.65649     0.00000
    -0.00000    -0.00000    -1.00000
           0           3           8           1
     5.32680     8.88566    12.74158
     0.85770    -0.51416     0.00000
    -0.51416    -0.85770     0.00000
    -0.00000    -0.00000    -1.00000
           0           3           8           2
     5.32680     8.88566     6.36618
     0.85770    -0.51416     0.00000
    -0.51416    -0.85770     0.00000
    -0.00000    -0.00000    -1.00000
           0           3           8           3
     5.32680     8.88566    -0.00922
     0.85770    -0.51416     0.00000
    -0.51416    -0.85770     0.00000
    -0.00000    -0.00000    -1.00000
           0           3           8           4
     5.32680     8.88566    -6.38462
     0.85770    -0.51416     0.00000
    -0.51416    -0.85770     0.00000
    -0.00000    -0.00000    -1.00000
           0           3           8           5
     5.32680     8.88566   -12.76002
     0.85770    -0.51416     0.00000
    -0.51416    -0.85770     0.00000
    -0.00000    -0.00000    -1.00000
           0           3           9           1
    -5.30283     8.89997   -12.72029
    -0.85907    -0.51186    -0.00000
     0.51186    -0.85907    -0.00000
     0.00000    -0.00000     1.00000
           0           3           9           2
    -5.30283     8.89997    -6.34489
    -0.85907    -0.51186    -0.00000
     0.51186    -0.85907    -0.00000
     0.00000    -0.00000     1.00000
           0           3           9           3
    -5.30283     8.89997     0.03051
    -0.85907    -0.51186    -0.00000
     0.51186    -0.85907    -0.00000
     0.00000    -0.00000     1.00000
           0           3           9           4
    -5.30283     8.89997     6.40591
    -0.85907    -0.51186    -0.00000
     0.51186    -0.85907    -0.00000
     0.00000    -0.00000     1.00000
           0           3           9           5
    -5.30283     8.89997    12.78131
    -0.85907    -0.51186    -0.00000
     0.51186    -0.85907    -0.00000
     0.00000    -0.00000     1.00000
           0           3          10           1
    -8.85039     7.75150   -12.74107
    -0.65886    -0.75226    -0.00000
     0.75226    -0.65886    -0.00000
     0.00000     0.00000     1.00000
           0           3          10           2
    -8.85039     7.75150    -6.36566
    -0.65886    -0.75226    -0.00000
     0.75226    -0.65886    -0.00000
     0.00000     0.00000     1.00000
           0           3          10           3
    -8.85039     7.75150     0.00973
    -0.65886    -0.75226    -0.00000
     0.75226    -0.65886    -0.00000
     0.00000     0.00000     1.00000
           0           3          10           4
    -8.85039     7.75150     6.38514
    -0.65886    -0.75226    -0.00000
     0.75226    -0.65886    -0.00000
     0.00000     0.00000     1.00000
           0           3          10           5
    -8.85039     7.75150    12.76054
    -0.65886    -0.75226    -0.00000
     0.75226    -0.65886    -0.00000
     0.00000     0.00000     1.00000
           0           3          11           1
   -11.62737     5.46582   -12.73518
    -0.42542    -0.90500    -0.00000
     0.90500    -0.42542    -0.00000
     0.00000     0.00000     1.00000
           0           3          11           2
   -11.62737     5.46582    -6.35978
    -0.42542    -0.90500    -0.00000
     0.90500    -0.42542    -0.00000
     0.00000     0.00000     1.00000
           0           3          11           3
   -11.62737     5.46582     0.01562
    -0.42542    -0.90500    -0.00000
     0.90500    -0.42542    -0.00000
     0.00000     0.00000     1.00000
           0           3          11           4
   -11.62737     5.46582     6.39102
    -0.42542    -0.90500    -0.00000
     0.90500    -0.42542    -0.00000
     0.00000     0.00000     1.00000
           0           3          11           5
   -11.62737     5.46582    12.76641
    -0.42542    -0.90500    -0.00000
     0.90500    -0.42542    -0.00000
     0.00000     0.00000     1.00000
           0           3          12           1
   -10.26500     1.39986   -12.73773
    -0.13511    -0.99083    -0.00000
     0.99083    -0.13511    -0.00000
     0.00000    -0.00000     1.00000
           0           3          12           2
   -10.26500     1.39986    -6.36232
    -0.13511    -0.99083    -0.00000
     0.99083    -0.13511    -0.00000
     0.00000    -0.00000     1.00000
           0           3          12           3
   -10.26500     1.39986     0.01308
    -0.13511    -0.99083    -0.00000
     0.99083    -0.13511    -0.00000
     0.00000    -0.00000     1.00000
           0           3          12           4
   -10.26500     1.39986     6.38847
    -0.13511    -0.99083    -0.00000
     0.99083    -0.13511    -0.00000
     0.00000    -0.00000     1.00000
           0           3          12           5
   -10.26500     1.39986    12.76388
    -0.13511    -0.99083    -0.00000
     0.99083    -0.13511    -0.00000
     0.00000    -0.00000     1.00000
           0           3          13           1
   -11.58114    -2.07191   -12.72630
     0.17611    -0.98437    -0.00000
     0.98437     0.17611    -0.00000
     0.00000     0.00000     1.00000
           0           3          13           2
   -11.58114    -2.07191    -6.35090
     0.17611    -0.98437    -0.00000
     0.98437     0.17611    -0.00000
     0.00000     0.00000     1.00000
           0           3          13           3
   -11.58114    -2.07191     0.02450
     0.17611    -0.98437    -0.00000
     0.98437     0.17611    -0.00000
     0.00000     0.00000     1.00000
           0           3          13           4
   -11.58114    -2.07191     6.39990
     0.17611    -0.98437    -0.00000
     0.98437     0.17611    -0.00000
     0.00000     0.00000     1.00000
           0           3          13           5
   -11.58114    -2.07191    12.77530
     0.17611    -0.98437    -0.00000
     0.98437     0.17611    -0.00000
     0.00000     0.00000     1.00000
           0           3          14           1
   -11.53017    -5.66799   -12.74117
     0.44116    -0.89743    -0.00000
     0.89743     0.44116    -0.00000
     0.00000     0.00000     1.00000
           0           3          14           2
   -11.53017    -5.66799    -6.36577
     0.44116    -0.89743    -0.00000
     0.89743     0.44116    -0.00000
     0.00000     0.00000     1.00000
           0           3          14           3
   -11.53017    -5.66799     0.00963
     0.44116    -0.89743    -0.00000
     0.89743     0.44116    -0.00000
     0.00000     0.00000     1.00000
           0           3          14           4
   -11.53017    -5.66799     6.38503
     0.44116    -0.89743    -0.00000
     0.89743     0.44116    -0.00000
     0.00000     0.00000     1.00000
           0           3          14           5
   -11.53017    -5.66799    12.76043
     0.44116    -0.89743    -0.00000
     0.89743     0.44116    -0.00000
     0.00000     0.00000     1.00000
           0           3          15           1
    -7.52635    -7.11924   -12.74153
     0.68719    -0.72648    -0.00000
     0.72648     0.68719    -0.00000
     0.00000     0.00000     1.00000
           0           3          15           2
    -7.52635    -7.11924    -6.36613
     0.68719    -0.72648    -0.00000
     0.72648     0.68719    -0.00000
     0.00000     0.00000     1.00000
           0           3          15           3
    -7.52635    -7.11924     0.00927
     0.68719    -0.72648    -0.00000
     0.72648     0.68719    -0.00000
     0.00000     0.00000     1.00000
           0           3          15           4
    -7.52635    -7.11924     6.38467
     0.68719    -0.72648    -0.00000
     0.72648     0.68719    -0.00000
     0.00000     0.00000     1.00000
           0           3          15           5
    -7.52635    -7.11924    12.76007
     0.68719    -0.72648    -0.00000
     0.72648     0.68719    -0.00000
     0.00000     0.00000     1.00000
           0           3          16           1
    -5.63512   -10.32768   -12.74569
     0.87783    -0.47897    -0.00000
     0.47897     0.87783    -0.00000
     0.00000     0.00000     1.00000
           0           3          16           2
    -5.63512   -10.32768    -6.37029
     0.87783    -0.47897    -0.00000
     0.47897     0.87783    -0.00000
     0.00000     0.00000     1.00000
           0           3          16           3
