 SVX cage parameters:
     2.20000
     0.50000     0.20000
     0.00000
           6
   -40.00000   -26.50000   -26.50000    26.50000    26.50000    40.00000
    53.00000    53.00000    22.00000    22.00000    53.00000    53.00000
     0.00000     0.00000     0.00000
 SVX barrel parameters:
           4
     2.63000     5.13000    11.76500    16.68700     1.21400
     0.00000     0.00000     0.00000     0.00000
           4           4           5           6
     0.69600     0.69600     1.74500     1.74500
     0.01000     0.01000     0.03125     0.03125
     2.83600     2.83600     3.18770     3.18770
     0.01900     0.01900     0.00000     0.00000
     0.02000     0.02000     0.00000     0.00000
    26.70000    13.60000    17.00000    12.00000
   -13.00000   -13.02000     0.00000     0.00000
           2
           5           5
     0.00000   180.00000
           2
          10          10
     0.00000   180.00000
           2
           8           8
     0.00000   180.00000
           2
          12          12
     0.00000   180.00000
 SVX barrel sensor rotation matrices and translation vectors:
           0           1           1           1
     1.58719    -2.11713     8.59921
     0.63907     0.76915    -0.00000
    -0.76915     0.63907    -0.00000
    -0.00000     0.00000     1.00000
           0           1           1           2
     1.58719    -2.11713     2.90721
     0.63907     0.76915    -0.00000
    -0.76915     0.63907    -0.00000
    -0.00000     0.00000     1.00000
           0           1           1           3
     1.58719    -2.11713    -2.78479
     0.63907     0.76915    -0.00000
    -0.76915     0.63907    -0.00000
    -0.00000     0.00000     1.00000
           0           1           1           4
     1.58719    -2.11713    -8.47679
     0.63907     0.76915    -0.00000
    -0.76915     0.63907    -0.00000
    -0.00000     0.00000     1.00000
           0           1           2           1
     2.34221    -1.17420     8.59226
     0.22530     0.97429    -0.00000
    -0.97429     0.22530    -0.00000
    -0.00000     0.00000     1.00000
           0           1           2           2
     2.34221    -1.17420     2.90026
     0.22530     0.97429    -0.00000
    -0.97429     0.22530    -0.00000
    -0.00000     0.00000     1.00000
           0           1           2           3
     2.34221    -1.17420    -2.79174
     0.22530     0.97429    -0.00000
    -0.97429     0.22530    -0.00000
    -0.00000     0.00000     1.00000
           0           1           2           4
     2.34221    -1.17420    -8.48374
     0.22530     0.97429    -0.00000
    -0.97429     0.22530    -0.00000
    -0.00000     0.00000     1.00000
           0           1           3           1
     2.61605    -0.00217     8.58775
    -0.23654     0.97162     0.00000
    -0.97162    -0.23654     0.00000
     0.00000     0.00000     1.00000
           0           1           3           2
     2.61605    -0.00217     2.89575
    -0.23654     0.97162     0.00000
    -0.97162    -0.23654     0.00000
     0.00000     0.00000     1.00000
           0           1           3           3
     2.61605    -0.00217    -2.79625
    -0.23654     0.97162     0.00000
    -0.97162    -0.23654     0.00000
     0.00000     0.00000     1.00000
           0           1           3           4
     2.61605    -0.00217    -8.48825
    -0.23654     0.97162     0.00000
    -0.97162    -0.23654     0.00000
     0.00000     0.00000     1.00000
           0           1           4           1
     2.33943     1.17643     8.59849
    -0.64793     0.76170     0.00000
    -0.76170    -0.64793     0.00000
     0.00000     0.00000     1.00000
           0           1           4           2
     2.33943     1.17643     2.90649
    -0.64793     0.76170     0.00000
    -0.76170    -0.64793     0.00000
     0.00000     0.00000     1.00000
           0           1           4           3
     2.33943     1.17643    -2.78551
    -0.64793     0.76170     0.00000
    -0.76170    -0.64793     0.00000
     0.00000     0.00000     1.00000
           0           1           4           4
     2.33943     1.17643    -8.47751
    -0.64793     0.76170     0.00000
    -0.76170    -0.64793     0.00000
     0.00000     0.00000     1.00000
           0           1           5           1
     1.53240     2.07804     8.58059
    -0.92110     0.38932     0.00000
    -0.38932    -0.92110     0.00000
     0.00000     0.00000     1.00000
           0           1           5           2
     1.53240     2.07804     2.88859
    -0.92110     0.38932     0.00000
    -0.38932    -0.92110     0.00000
     0.00000     0.00000     1.00000
           0           1           5           3
     1.53240     2.07804    -2.80341
    -0.92110     0.38932     0.00000
    -0.38932    -0.92110     0.00000
     0.00000     0.00000     1.00000
           0           1           5           4
     1.53240     2.07804    -8.49541
    -0.92110     0.38932     0.00000
    -0.38932    -0.92110     0.00000
     0.00000     0.00000     1.00000
           0           1           6           1
    -1.54414     2.08344    -8.54977
     0.92073     0.39019     0.00000
     0.39019    -0.92073     0.00000
     0.00000    -0.00000    -1.00000
           0           1           6           2
    -1.54414     2.08344    -2.85777
     0.92073     0.39019     0.00000
     0.39019    -0.92073     0.00000
     0.00000    -0.00000    -1.00000
           0           1           6           3
    -1.54414     2.08344     2.83423
     0.92073     0.39019     0.00000
     0.39019    -0.92073     0.00000
     0.00000    -0.00000    -1.00000
           0           1           6           4
    -1.54414     2.08344     8.52623
     0.92073     0.39019     0.00000
     0.39019    -0.92073     0.00000
     0.00000    -0.00000    -1.00000
           0           1           7           1
    -2.32510     1.16692    -8.55530
     0.64720     0.76232    -0.00000
     0.76232    -0.64720    -0.00000
    -0.00000     0.00000    -1.00000
           0           1           7           2
    -2.32510     1.16692    -2.86330
     0.64720     0.76232    -0.00000
     0.76232    -0.64720    -0.00000
    -0.00000     0.00000    -1.00000
           0           1           7           3
    -2.32510     1.16692     2.82870
     0.64720     0.76232    -0.00000
     0.76232    -0.64720    -0.00000
    -0.00000     0.00000    -1.00000
           0           1           7           4
    -2.32510     1.16692     8.52070
     0.64720     0.76232    -0.00000
     0.76232    -0.64720    -0.00000
    -0.00000     0.00000    -1.00000
           0           1           8           1
    -2.63097     0.00260    -8.55834
     0.23562     0.97185    -0.00000
     0.97185    -0.23562    -0.00000
    -0.00000     0.00000    -1.00000
           0           1           8           2
    -2.63096     0.00260    -2.86634
     0.23562     0.97185    -0.00000
     0.97185    -0.23562    -0.00000
    -0.00000     0.00000    -1.00000
           0           1           8           3
    -2.63096     0.00260     2.82566
     0.23562     0.97185    -0.00000
     0.97185    -0.23562    -0.00000
    -0.00000     0.00000    -1.00000
           0           1           8           4
    -2.63096     0.00260     8.51766
     0.23562     0.97185    -0.00000
     0.97185    -0.23562    -0.00000
    -0.00000     0.00000    -1.00000
           0           1           9           1
    -2.36082    -1.17723    -8.54724
    -0.22621     0.97408    -0.00000
     0.97408     0.22621    -0.00000
    -0.00000    -0.00000    -1.00000
           0           1           9           2
    -2.36082    -1.17723    -2.85524
    -0.22621     0.97408    -0.00000
     0.97408     0.22621    -0.00000
    -0.00000    -0.00000    -1.00000
           0           1           9           3
    -2.36082    -1.17723     2.83676
    -0.22621     0.97408    -0.00000
     0.97408     0.22621    -0.00000
    -0.00000    -0.00000    -1.00000
           0           1           9           4
    -2.36082    -1.17723     8.52876
    -0.22621     0.97408    -0.00000
     0.97408     0.22621    -0.00000
    -0.00000    -0.00000    -1.00000
           0           1          10           1
    -1.60798    -2.12243    -8.55462
    -0.63977     0.76856    -0.00000
     0.76856     0.63977    -0.00000
    -0.00000    -0.00000    -1.00000
           0           1          10           2
    -1.60798    -2.12243    -2.86262
    -0.63977     0.76856    -0.00000
     0.76856     0.63977    -0.00000
    -0.00000    -0.00000    -1.00000
           0           1          10           3
    -1.60798    -2.12243     2.82938
    -0.63977     0.76856    -0.00000
     0.76856     0.63977    -0.00000
    -0.00000    -0.00000    -1.00000
           0           1          10           4
    -1.60798    -2.12243     8.52138
    -0.63977     0.76856    -0.00000
     0.76856     0.63977    -0.00000
    -0.00000    -0.00000    -1.00000
           0           2           1           1
     2.50760    -4.53583     8.58433
     0.74348     0.66876    -0.00000
    -0.66876     0.74348    -0.00000
    -0.00000     0.00000     1.00000
           0           2           1           2
     2.50760    -4.53583     2.89233
     0.74348     0.66876    -0.00000
    -0.66876     0.74348    -0.00000
    -0.00000     0.00000     1.00000
           0           2           1           3
     2.50760    -4.53583    -2.79967
     0.74348     0.66876    -0.00000
    -0.66876     0.74348    -0.00000
    -0.00000     0.00000     1.00000
           0           2           1           4
     2.50760    -4.53583    -8.49167
     0.74348     0.66876    -0.00000
    -0.66876     0.74348    -0.00000
    -0.00000     0.00000     1.00000
           0           2           2           1
     3.50160    -3.83025     8.58327
     0.56538     0.82483    -0.00000
    -0.82483     0.56538    -0.00000
    -0.00000     0.00000     1.00000
           0           2           2           2
     3.50160    -3.83025     2.89127
     0.56538     0.82483    -0.00000
    -0.82483     0.56538    -0.00000
    -0.00000     0.00000     1.00000
           0           2           2           3
     3.50160    -3.83025    -2.80073
     0.56538     0.82483    -0.00000
    -0.82483     0.56538    -0.00000
    -0.00000     0.00000     1.00000
           0           2           2           4
     3.50160    -3.83025    -8.49273
     0.56538     0.82483    -0.00000
    -0.82483     0.56538    -0.00000
    -0.00000     0.00000     1.00000
           0           2           3           1
     4.27944    -2.88886     8.57864
     0.35557     0.93465    -0.00000
    -0.93465     0.35557    -0.00000
    -0.00000     0.00000     1.00000
           0           2           3           2
     4.27944    -2.88886     2.88664
     0.35557     0.93465    -0.00000
    -0.93465     0.35557    -0.00000
    -0.00000     0.00000     1.00000
           0           2           3           3
     4.27944    -2.88886    -2.80536
     0.35557     0.93465    -0.00000
    -0.93465     0.35557    -0.00000
    -0.00000     0.00000     1.00000
           0           2           3           4
     4.27944    -2.88886    -8.49736
     0.35557     0.93465    -0.00000
    -0.93465     0.35557    -0.00000
    -0.00000     0.00000     1.00000
           0           2           4           1
     4.83213    -1.79803     8.58134
     0.12583     0.99205    -0.00000
    -0.99205     0.12583    -0.00000
    -0.00000     0.00000     1.00000
           0           2           4           2
     4.83213    -1.79803     2.88934
     0.12583     0.99205    -0.00000
    -0.99205     0.12583    -0.00000
    -0.00000     0.00000     1.00000
           0           2           4           3
     4.83213    -1.79803    -2.80266
     0.12583     0.99205    -0.00000
    -0.99205     0.12583    -0.00000
    -0.00000     0.00000     1.00000
           0           2           4           4
     4.83213    -1.79803    -8.49466
     0.12583     0.99205    -0.00000
    -0.99205     0.12583    -0.00000
    -0.00000     0.00000     1.00000
           0           2           5           1
     5.14720    -0.61792     8.58235
    -0.11098     0.99382     0.00000
    -0.99382    -0.11098     0.00000
     0.00000     0.00000     1.00000
           0           2           5           2
     5.14720    -0.61792     2.89035
    -0.11098     0.99382     0.00000
    -0.99382    -0.11098     0.00000
     0.00000     0.00000     1.00000
           0           2           5           3
     5.14720    -0.61792    -2.80165
    -0.11098     0.99382     0.00000
    -0.99382    -0.11098     0.00000
     0.00000     0.00000     1.00000
           0           2           5           4
     5.14720    -0.61792    -8.49365
    -0.11098     0.99382     0.00000
    -0.99382    -0.11098     0.00000
     0.00000     0.00000     1.00000
           0           2           6           1
     5.09585     0.59384     8.56366
    -0.34155     0.93986     0.00000
    -0.93986    -0.34155     0.00000
     0.00000     0.00000     1.00000
           0           2           6           2
     5.09585     0.59384     2.87166
    -0.34155     0.93986     0.00000
    -0.93986    -0.34155     0.00000
     0.00000     0.00000     1.00000
           0           2           6           3
     5.09585     0.59384    -2.82034
    -0.34155     0.93986     0.00000
    -0.93986    -0.34155     0.00000
     0.00000     0.00000     1.00000
           0           2           6           4
     5.09585     0.59384    -8.51234
    -0.34155     0.93986     0.00000
    -0.93986    -0.34155     0.00000
     0.00000     0.00000     1.00000
           0           2           7           1
     4.88117     1.80661     8.58937
    -0.55298     0.83320     0.00000
    -0.83320    -0.55298     0.00000
     0.00000     0.00000     1.00000
           0           2           7           2
     4.88117     1.80661     2.89737
    -0.55298     0.83320     0.00000
    -0.83320    -0.55298     0.00000
     0.00000     0.00000     1.00000
           0           2           7           3
     4.88117     1.80661    -2.79463
    -0.55298     0.83320     0.00000
    -0.83320    -0.55298     0.00000
     0.00000     0.00000     1.00000
           0           2           7           4
     4.88117     1.80661    -8.48663
    -0.55298     0.83320     0.00000
    -0.83320    -0.55298     0.00000
     0.00000     0.00000     1.00000
           0           2           8           1
     4.30132     2.88132     8.59171
    -0.73339     0.67980     0.00000
    -0.67980    -0.73339     0.00000
     0.00000     0.00000     1.00000
           0           2           8           2
     4.30132     2.88132     2.89971
    -0.73339     0.67980     0.00000
    -0.67980    -0.73339     0.00000
     0.00000     0.00000     1.00000
           0           2           8           3
     4.30132     2.88132    -2.79229
    -0.73339     0.67980     0.00000
    -0.67980    -0.73339     0.00000
     0.00000     0.00000     1.00000
           0           2           8           4
     4.30132     2.88132    -8.48429
    -0.73339     0.67980     0.00000
    -0.67980    -0.73339     0.00000
     0.00000     0.00000     1.00000
           0           2           9           1
     3.47330     3.78552     8.57214
    -0.87268     0.48829     0.00000
    -0.48829    -0.87268     0.00000
     0.00000     0.00000     1.00000
           0           2           9           2
     3.47330     3.78552     2.88014
    -0.87268     0.48829     0.00000
    -0.48829    -0.87268     0.00000
     0.00000     0.00000     1.00000
           0           2           9           3
     3.47330     3.78552    -2.81186
    -0.87268     0.48829     0.00000
    -0.48829    -0.87268     0.00000
     0.00000     0.00000     1.00000
           0           2           9           4
     3.47330     3.78552    -8.50386
    -0.87268     0.48829     0.00000
    -0.48829    -0.87268     0.00000
     0.00000     0.00000     1.00000
           0           2          10           1
     2.47475     4.48366     8.57072
    -0.96303     0.26939     0.00000
    -0.26939    -0.96303     0.00000
     0.00000     0.00000     1.00000
           0           2          10           2
     2.47475     4.48366     2.87872
    -0.96303     0.26939     0.00000
    -0.26939    -0.96303     0.00000
     0.00000     0.00000     1.00000
           0           2          10           3
     2.47475     4.48366    -2.81328
    -0.96303     0.26939     0.00000
    -0.26939    -0.96303     0.00000
     0.00000     0.00000     1.00000
           0           2          10           4
     2.47475     4.48366    -8.50528
    -0.96303     0.26939     0.00000
    -0.26939    -0.96303     0.00000
     0.00000     0.00000     1.00000
           0           2          11           1
    -2.46060     4.49380    -8.53615
     0.96336     0.26820     0.00000
     0.26820    -0.96336     0.00000
     0.00000    -0.00000    -1.00000
           0           2          11           2
    -2.46060     4.49380    -2.84414
     0.96336     0.26820     0.00000
     0.26820    -0.96336     0.00000
     0.00000    -0.00000    -1.00000
           0           2          11           3
    -2.46060     4.49380     2.84786
     0.96336     0.26820     0.00000
     0.26820    -0.96336     0.00000
     0.00000    -0.00000    -1.00000
           0           2          11           4
    -2.46060     4.49380     8.53986
     0.96336     0.26820     0.00000
     0.26820    -0.96336     0.00000
     0.00000    -0.00000    -1.00000
           0           2          12           1
    -3.45227     3.78385    -8.54725
     0.87328     0.48722     0.00000
     0.48722    -0.87328     0.00000
     0.00000    -0.00000    -1.00000
           0           2          12           2
    -3.45227     3.78385    -2.85524
     0.87328     0.48722     0.00000
     0.48722    -0.87328     0.00000
     0.00000    -0.00000    -1.00000
           0           2          12           3
    -3.45227     3.78385     2.83676
     0.87328     0.48722     0.00000
     0.48722    -0.87328     0.00000
     0.00000    -0.00000    -1.00000
           0           2          12           4
    -3.45227     3.78385     8.52876
     0.87328     0.48722     0.00000
     0.48722    -0.87328     0.00000
     0.00000    -0.00000    -1.00000
           0           2          13           1
    -4.27594     2.88709    -8.55153
     0.73423     0.67890     0.00000
     0.67890    -0.73423     0.00000
     0.00000    -0.00000    -1.00000
           0           2          13           2
    -4.27594     2.88709    -2.85952
     0.73423     0.67890     0.00000
     0.67890    -0.73423     0.00000
     0.00000    -0.00000    -1.00000
           0           2          13           3
    -4.27594     2.88709     2.83248
     0.73423     0.67890     0.00000
     0.67890    -0.73423     0.00000
     0.00000    -0.00000    -1.00000
           0           2          13           4
    -4.27594     2.88709     8.52448
     0.73423     0.67890     0.00000
     0.67890    -0.73423     0.00000
     0.00000    -0.00000    -1.00000
           0           2          14           1
    -4.82717     1.79637    -8.54788
     0.55400     0.83252    -0.00000
     0.83252    -0.55400    -0.00000
    -0.00000     0.00000    -1.00000
           0           2          14           2
    -4.82717     1.79637    -2.85587
     0.55400     0.83252    -0.00000
     0.83252    -0.55400    -0.00000
    -0.00000     0.00000    -1.00000
           0           2          14           3
    -4.82717     1.79637     2.83613
     0.55400     0.83252    -0.00000
     0.83252    -0.55400    -0.00000
    -0.00000     0.00000    -1.00000
           0           2          14           4
    -4.82717     1.79637     8.52813
     0.55400     0.83252    -0.00000
     0.83252    -0.55400    -0.00000
    -0.00000     0.00000    -1.00000
           0           2          15           1
    -5.14729     0.61636    -8.55229
     0.34271     0.93944    -0.00000
     0.93944    -0.34271    -0.00000
    -0.00000     0.00000    -1.00000
           0           2          15           2
    -5.14729     0.61636    -2.86028
     0.34271     0.93944    -0.00000
     0.93944    -0.34271    -0.00000
    -0.00000     0.00000    -1.00000
           0           2          15           3
    -5.14729     0.61636     2.83172
     0.34271     0.93944    -0.00000
     0.93944    -0.34271    -0.00000
    -0.00000     0.00000    -1.00000
           0           2          15           4
    -5.14729     0.61636     8.52372
     0.34271     0.93944    -0.00000
     0.93944    -0.34271    -0.00000
    -0.00000     0.00000    -1.00000
           0           2          16           1
    -5.14292    -0.60701    -8.55157
     0.11220     0.99369    -0.00000
     0.99369    -0.11220    -0.00000
    -0.00000     0.00000    -1.00000
           0           2          16           2
    -5.14292    -0.60701    -2.85956
     0.11220     0.99369    -0.00000
     0.99369    -0.11220    -0.00000
    -0.00000     0.00000    -1.00000
           0           2          16           3
    -5.14292    -0.60701     2.83244
     0.11220     0.99369    -0.00000
     0.99369    -0.11220    -0.00000
    -0.00000     0.00000    -1.00000
           0           2          16           4
    -5.14292    -0.60701     8.52444
     0.11220     0.99369    -0.00000
     0.99369    -0.11220    -0.00000
    -0.00000     0.00000    -1.00000
           0           2          17           1
    -4.84205    -1.79131    -8.54621
    -0.12461     0.99221    -0.00000
     0.99221     0.12461    -0.00000
    -0.00000    -0.00000    -1.00000
           0           2          17           2
    -4.84205    -1.79131    -2.85420
    -0.12461     0.99221    -0.00000
     0.99221     0.12461    -0.00000
    -0.00000    -0.00000    -1.00000
           0           2          17           3
    -4.84205    -1.79131     2.83780
    -0.12461     0.99221    -0.00000
     0.99221     0.12461    -0.00000
    -0.00000    -0.00000    -1.00000
           0           2          17           4
    -4.84205    -1.79131     8.52980
    -0.12461     0.99221    -0.00000
     0.99221     0.12461    -0.00000
    -0.00000    -0.00000    -1.00000
           0           2          18           1
    -4.30300    -2.88918    -8.54943
    -0.35443     0.93508    -0.00000
     0.93508     0.35443    -0.00000
    -0.00000    -0.00000    -1.00000
           0           2          18           2
    -4.30300    -2.88918    -2.85742
    -0.35443     0.93508    -0.00000
     0.93508     0.35443    -0.00000
    -0.00000    -0.00000    -1.00000
           0           2          18           3
    -4.30300    -2.88918     2.83458
    -0.35443     0.93508    -0.00000
     0.93508     0.35443    -0.00000
    -0.00000    -0.00000    -1.00000
           0           2          18           4
    -4.30300    -2.88918     8.52658
    -0.35443     0.93508    -0.00000
     0.93508     0.35443    -0.00000
    -0.00000    -0.00000    -1.00000
           0           2          19           1
    -3.50657    -3.81791    -8.55654
    -0.56437     0.82552    -0.00000
     0.82552     0.56437    -0.00000
    -0.00000    -0.00000    -1.00000
           0           2          19           2
    -3.50657    -3.81791    -2.86453
    -0.56437     0.82552    -0.00000
     0.82552     0.56437    -0.00000
    -0.00000    -0.00000    -1.00000
           0           2          19           3
    -3.50657    -3.81791     2.82747
    -0.56437     0.82552    -0.00000
     0.82552     0.56437    -0.00000
    -0.00000    -0.00000    -1.00000
           0           2          19           4
    -3.50657    -3.81791     8.51947
    -0.56437     0.82552    -0.00000
     0.82552     0.56437    -0.00000
    -0.00000    -0.00000    -1.00000
           0           2          20           1
    -2.52593    -4.54153    -8.55574
    -0.74266     0.66967    -0.00000
     0.66967     0.74266    -0.00000
    -0.00000    -0.00000    -1.00000
           0           2          20           2
    -2.52593    -4.54153    -2.86373
    -0.74266     0.66967    -0.00000
     0.66967     0.74266    -0.00000
    -0.00000    -0.00000    -1.00000
           0           2          20           3
    -2.52593    -4.54153     2.82827
    -0.74266     0.66967    -0.00000
     0.66967     0.74266    -0.00000
    -0.00000    -0.00000    -1.00000
           0           2          20           4
    -2.52593    -4.54153     8.52027
    -0.74266     0.66967    -0.00000
     0.66967     0.74266    -0.00000
    -0.00000    -0.00000    -1.00000
           0           3           1           1
     5.63744   -10.31843    12.75004
    -0.87817    -0.47836    -0.00000
    -0.47836     0.87817    -0.00000
     0.00000    -0.00000    -1.00000
           0           3           1           2
     5.63744   -10.31843     6.37464
    -0.87817    -0.47836    -0.00000
    -0.47836     0.87817    -0.00000
     0.00000    -0.00000    -1.00000
           0           3           1           3
     5.63744   -10.31843    -0.00076
    -0.87817    -0.47836    -0.00000
    -0.47836     0.87817    -0.00000
     0.00000    -0.00000    -1.00000
           0           3           1           4
     5.63744   -10.31843    -6.37616
    -0.87817    -0.47836    -0.00000
    -0.47836     0.87817    -0.00000
     0.00000    -0.00000    -1.00000
           0           3           1           5
     5.63744   -10.31843   -12.75156
    -0.87817    -0.47836    -0.00000
    -0.47836     0.87817    -0.00000
     0.00000    -0.00000    -1.00000
           0           3           2           1
     7.54551    -7.13382    12.73298
    -0.68688    -0.72677     0.00000
    -0.72677     0.68688     0.00000
    -0.00000     0.00000    -1.00000
           0           3           2           2
     7.54551    -7.13382     6.35758
    -0.68688    -0.72677     0.00000
    -0.72677     0.68688     0.00000
    -0.00000     0.00000    -1.00000
           0           3           2           3
     7.54551    -7.13382    -0.01782
    -0.68688    -0.72677     0.00000
    -0.72677     0.68688     0.00000
    -0.00000     0.00000    -1.00000
           0           3           2           4
     7.54551    -7.13382    -6.39322
    -0.68688    -0.72677     0.00000
    -0.72677     0.68688     0.00000
    -0.00000     0.00000    -1.00000
           0           3           2           5
     7.54551    -7.13382   -12.76862
    -0.68688    -0.72677     0.00000
    -0.72677     0.68688     0.00000
    -0.00000     0.00000    -1.00000
           0           3           3           1
    11.46098    -5.63446    12.73549
    -0.44183    -0.89710     0.00000
    -0.89710     0.44183     0.00000
    -0.00000     0.00000    -1.00000
           0           3           3           2
    11.46098    -5.63446     6.36009
    -0.44183    -0.89710     0.00000
    -0.89710     0.44183     0.00000
    -0.00000     0.00000    -1.00000
           0           3           3           3
    11.46098    -5.63446    -0.01531
    -0.44183    -0.89710     0.00000
    -0.89710     0.44183     0.00000
    -0.00000     0.00000    -1.00000
           0           3           3           4
    11.46098    -5.63446    -6.39071
    -0.44183    -0.89710     0.00000
    -0.89710     0.44183     0.00000
    -0.00000     0.00000    -1.00000
           0           3           3           5
    11.46098    -5.63446   -12.76611
    -0.44183    -0.89710     0.00000
    -0.89710     0.44183     0.00000
    -0.00000     0.00000    -1.00000
           0           3           4           1
    11.55770    -2.06324    12.75244
    -0.17643    -0.98431     0.00000
    -0.98431     0.17643     0.00000
    -0.00000     0.00000    -1.00000
           0           3           4           2
    11.55770    -2.06324     6.37704
    -0.17643    -0.98431     0.00000
    -0.98431     0.17643     0.00000
    -0.00000     0.00000    -1.00000
           0           3           4           3
    11.55770    -2.06324     0.00164
    -0.17643    -0.98431     0.00000
    -0.98431     0.17643     0.00000
    -0.00000     0.00000    -1.00000
           0           3           4           4
    11.55770    -2.06324    -6.37376
    -0.17643    -0.98431     0.00000
    -0.98431     0.17643     0.00000
    -0.00000     0.00000    -1.00000
           0           3           4           5
    11.55770    -2.06324   -12.74916
    -0.17643    -0.98431     0.00000
    -0.98431     0.17643     0.00000
    -0.00000     0.00000    -1.00000
           0           3           5           1
    10.14838     1.39916    12.70275
     0.13704    -0.99057     0.00000
    -0.99057    -0.13704     0.00000
    -0.00000    -0.00000    -1.00000
           0           3           5           2
    10.14838     1.39916     6.32735
     0.13704    -0.99057     0.00000
    -0.99057    -0.13704     0.00000
    -0.00000    -0.00000    -1.00000
           0           3           5           3
    10.14838     1.39916    -0.04805
     0.13704    -0.99057     0.00000
    -0.99057    -0.13704     0.00000
    -0.00000    -0.00000    -1.00000
           0           3           5           4
    10.14838     1.39916    -6.42345
     0.13704    -0.99057     0.00000
    -0.99057    -0.13704     0.00000
    -0.00000    -0.00000    -1.00000
           0           3           5           5
    10.14838     1.39916   -12.79885
     0.13704    -0.99057     0.00000
    -0.99057    -0.13704     0.00000
    -0.00000    -0.00000    -1.00000
           0           3           6           1
    11.70085     5.46204    12.76679
     0.42324    -0.90602     0.00000
    -0.90602    -0.42324     0.00000
    -0.00000    -0.00000    -1.00000
           0           3           6           2
    11.70085     5.46204     6.39139
     0.42324    -0.90602     0.00000
    -0.90602    -0.42324     0.00000
    -0.00000    -0.00000    -1.00000
           0           3           6           3
    11.70085     5.46204     0.01599
     0.42324    -0.90602     0.00000
    -0.90602    -0.42324     0.00000
    -0.00000    -0.00000    -1.00000
           0           3           6           4
    11.70085     5.46204    -6.35941
     0.42324    -0.90602     0.00000
    -0.90602    -0.42324     0.00000
    -0.00000    -0.00000    -1.00000
           0           3           6           5
    11.70085     5.46204   -12.73481
     0.42324    -0.90602     0.00000
    -0.90602    -0.42324     0.00000
    -0.00000    -0.00000    -1.00000
           0           3           7           1
     8.82891     7.67625    12.75461
     0.65735    -0.75358     0.00000
    -0.75358    -0.65735     0.00000
    -0.00000    -0.00000    -1.00000
           0           3           7           2
     8.82891     7.67625     6.37921
     0.65735    -0.75358     0.00000
    -0.75358    -0.65735     0.00000
    -0.00000    -0.00000    -1.00000
           0           3           7           3
     8.82891     7.67625     0.00381
     0.65735    -0.75358     0.00000
    -0.75358    -0.65735     0.00000
    -0.00000    -0.00000    -1.00000
           0           3           7           4
     8.82891     7.67625    -6.37159
     0.65735    -0.75358     0.00000
    -0.75358    -0.65735     0.00000
    -0.00000    -0.00000    -1.00000
           0           3           7           5
     8.82891     7.67625   -12.74699
     0.65735    -0.75358     0.00000
    -0.75358    -0.65735     0.00000
    -0.00000    -0.00000    -1.00000
           0           3           8           1
     5.30092     8.85830    12.73998
     0.85839    -0.51299     0.00000
    -0.51299    -0.85839     0.00000
    -0.00000    -0.00000    -1.00000
           0           3           8           2
     5.30092     8.85830     6.36458
     0.85839    -0.51299     0.00000
    -0.51299    -0.85839     0.00000
    -0.00000    -0.00000    -1.00000
           0           3           8           3
     5.30092     8.85830    -0.01082
     0.85839    -0.51299     0.00000
    -0.51299    -0.85839     0.00000
    -0.00000    -0.00000    -1.00000
           0           3           8           4
     5.30092     8.85830    -6.38622
     0.85839    -0.51299     0.00000
    -0.51299    -0.85839     0.00000
    -0.00000    -0.00000    -1.00000
           0           3           8           5
     5.30092     8.85830   -12.76162
     0.85839    -0.51299     0.00000
    -0.51299    -0.85839     0.00000
    -0.00000    -0.00000    -1.00000
           0           3           9           1
    -5.30877     8.89862   -12.69765
    -0.85815    -0.51340    -0.00000
     0.51340    -0.85815    -0.00000
     0.00000    -0.00000     1.00000
           0           3           9           2
    -5.30877     8.89862    -6.32225
    -0.85815    -0.51340    -0.00000
     0.51340    -0.85815    -0.00000
     0.00000    -0.00000     1.00000
           0           3           9           3
    -5.30877     8.89862     0.05315
    -0.85815    -0.51340    -0.00000
     0.51340    -0.85815    -0.00000
     0.00000    -0.00000     1.00000
           0           3           9           4
    -5.30877     8.89862     6.42855
    -0.85815    -0.51340    -0.00000
     0.51340    -0.85815    -0.00000
     0.00000    -0.00000     1.00000
           0           3           9           5
    -5.30877     8.89862    12.80396
    -0.85815    -0.51340    -0.00000
     0.51340    -0.85815    -0.00000
     0.00000    -0.00000     1.00000
           0           3          10           1
    -8.82272     7.72492   -12.75136
    -0.65704    -0.75386    -0.00000
     0.75386    -0.65704    -0.00000
     0.00000    -0.00000     1.00000
           0           3          10           2
    -8.82272     7.72492    -6.37596
    -0.65704    -0.75386    -0.00000
     0.75386    -0.65704    -0.00000
     0.00000    -0.00000     1.00000
           0           3          10           3
    -8.82272     7.72492    -0.00056
    -0.65704    -0.75386    -0.00000
     0.75386    -0.65704    -0.00000
     0.00000    -0.00000     1.00000
           0           3          10           4
    -8.82272     7.72492     6.37484
    -0.65704    -0.75386    -0.00000
     0.75386    -0.65704    -0.00000
     0.00000    -0.00000     1.00000
           0           3          10           5
    -8.82272     7.72492    12.75025
    -0.65704    -0.75386    -0.00000
     0.75386    -0.65704    -0.00000
     0.00000    -0.00000     1.00000
           0           3          11           1
   -11.58276     5.43592   -12.73381
    -0.42289    -0.90618    -0.00000
     0.90618    -0.42289    -0.00000
     0.00000    -0.00000     1.00000
           0           3          11           2
   -11.58276     5.43592    -6.35841
    -0.42289    -0.90618    -0.00000
     0.90618    -0.42289    -0.00000
     0.00000    -0.00000     1.00000
           0           3          11           3
   -11.58276     5.43592     0.01699
    -0.42289    -0.90618    -0.00000
     0.90618    -0.42289    -0.00000
     0.00000    -0.00000     1.00000
           0           3          11           4
   -11.58276     5.43592     6.39239
    -0.42289    -0.90618    -0.00000
     0.90618    -0.42289    -0.00000
     0.00000    -0.00000     1.00000
           0           3          11           5
   -11.58276     5.43592    12.76780
    -0.42289    -0.90618    -0.00000
     0.90618    -0.42289    -0.00000
     0.00000    -0.00000     1.00000
           0           3          12           1
   -10.22732     1.42357   -12.72839
    -0.13657    -0.99063    -0.00000
     0.99063    -0.13657    -0.00000
     0.00000    -0.00000     1.00000
           0           3          12           2
   -10.22732     1.42357    -6.35299
    -0.13657    -0.99063    -0.00000
     0.99063    -0.13657    -0.00000
     0.00000    -0.00000     1.00000
           0           3          12           3
   -10.22732     1.42357     0.02241
    -0.13657    -0.99063    -0.00000
     0.99063    -0.13657    -0.00000
     0.00000    -0.00000     1.00000
           0           3          12           4
   -10.22732     1.42357     6.39781
    -0.13657    -0.99063    -0.00000
     0.99063    -0.13657    -0.00000
     0.00000    -0.00000     1.00000
           0           3          12           5
   -10.22732     1.42357    12.77322
    -0.13657    -0.99063    -0.00000
     0.99063    -0.13657    -0.00000
     0.00000    -0.00000     1.00000
           0           3          13           1
   -11.50452    -2.03766   -12.72150
     0.17684    -0.98424    -0.00000
     0.98424     0.17684    -0.00000
     0.00000     0.00000     1.00000
           0           3          13           2
   -11.50452    -2.03766    -6.34610
     0.17684    -0.98424    -0.00000
     0.98424     0.17684    -0.00000
     0.00000     0.00000     1.00000
           0           3          13           3
   -11.50452    -2.03766     0.02930
     0.17684    -0.98424    -0.00000
     0.98424     0.17684    -0.00000
     0.00000     0.00000     1.00000
           0           3          13           4
   -11.50452    -2.03766     6.40470
     0.17684    -0.98424    -0.00000
     0.98424     0.17684    -0.00000
     0.00000     0.00000     1.00000
           0           3          13           5
   -11.50452    -2.03766    12.78011
     0.17684    -0.98424    -0.00000
     0.98424     0.17684    -0.00000
     0.00000     0.00000     1.00000
           0           3          14           1
   -11.48987    -5.63888   -12.74271
     0.44217    -0.89693    -0.00000
     0.89693     0.44217    -0.00000
     0.00000     0.00000     1.00000
           0           3          14           2
   -11.48987    -5.63888    -6.36730
     0.44217    -0.89693    -0.00000
     0.89693     0.44217    -0.00000
     0.00000     0.00000     1.00000
           0           3          14           3
   -11.48987    -5.63888     0.00809
     0.44217    -0.89693    -0.00000
     0.89693     0.44217    -0.00000
     0.00000     0.00000     1.00000
           0           3          14           4
   -11.48987    -5.63888     6.38349
     0.44217    -0.89693    -0.00000
     0.89693     0.44217    -0.00000
     0.00000     0.00000     1.00000
           0           3          14           5
   -11.48987    -5.63888    12.75890
     0.44217    -0.89693    -0.00000
     0.89693     0.44217    -0.00000
     0.00000     0.00000     1.00000
           0           3          15           1
    -7.47624    -7.05969   -12.74060
     0.68723    -0.72644    -0.00000
     0.72644     0.68723    -0.00000
     0.00000     0.00000     1.00000
           0           3          15           2
    -7.47624    -7.05969    -6.36520
     0.68723    -0.72644    -0.00000
     0.72644     0.68723    -0.00000
     0.00000     0.00000     1.00000
           0           3          15           3
    -7.47624    -7.05969     0.01020
     0.68723    -0.72644    -0.00000
     0.72644     0.68723    -0.00000
     0.00000     0.00000     1.00000
           0           3          15           4
    -7.47624    -7.05969     6.38560
     0.68723    -0.72644    -0.00000
     0.72644     0.68723    -0.00000
     0.00000     0.00000     1.00000
           0           3          15           5
    -7.47624    -7.05969    12.76101
     0.68723    -0.72644    -0.00000
     0.72644     0.68723    -0.00000
     0.00000     0.00000     1.00000
           0           3          16           1
    -5.68424   -10.37464   -12.73818
     0.87837    -0.47799    -0.00000
     0.47799     0.87837    -0.00000
     0.00000     0.00000     1.00000
           0           3          16           2
    -5.68424   -10.37464    -6.36278
     0.87837    -0.47799    -0.00000
     0.47799     0.87837    -0.00000
     0.00000     0.00000     1.00000
           0           3          16           3
