 SVX cage parameters:
     2.20000
     0.50000     0.20000
     0.00000
           6
   -40.00000   -26.50000   -26.50000    26.50000    26.50000    40.00000
    53.00000    53.00000    22.00000    22.00000    53.00000    53.00000
     0.00000     0.00000     0.00000
 SVX barrel parameters:
           4
     2.63000     5.13000    11.76500    16.68700     1.21400
     0.00000     0.00000     0.00000     0.00000
           4           4           5           6
     0.69600     0.69600     1.74500     1.74500
     0.01000     0.01000     0.03125     0.03125
     2.83600     2.83600     3.18770     3.18770
     0.01900     0.01900     0.00000     0.00000
     0.02000     0.02000     0.00000     0.00000
    26.70000    13.60000    17.00000    12.00000
   -13.00000   -13.02000     0.00000     0.00000
           2
           5           5
     0.00000   180.00000
           2
          10          10
     0.00000   180.00000
           2
           8           8
     0.00000   180.00000
           2
          12          12
     0.00000   180.00000
 SVX barrel sensor rotation matrices and translation vectors:
           0           1           1           1
     1.62465    -2.06819     8.53800
     0.62629     0.77959    -0.00000
    -0.77959     0.62629    -0.00000
    -0.00000     0.00000     1.00000
           0           1           1           2
     1.62465    -2.06819     2.84600
     0.62629     0.77959    -0.00000
    -0.77959     0.62629    -0.00000
    -0.00000     0.00000     1.00000
           0           1           1           3
     1.62465    -2.06819    -2.84600
     0.62629     0.77959    -0.00000
    -0.77959     0.62629    -0.00000
    -0.00000     0.00000     1.00000
           0           1           1           4
     1.62465    -2.06819    -8.53800
     0.62629     0.77959    -0.00000
    -0.77959     0.62629    -0.00000
    -0.00000     0.00000     1.00000
           0           1           2           1
     2.35408    -1.17270     8.53786
     0.23189     0.97274    -0.00000
    -0.97274     0.23189    -0.00000
    -0.00000     0.00000     1.00000
           0           1           2           2
     2.35408    -1.17270     2.84586
     0.23189     0.97274    -0.00000
    -0.97274     0.23189    -0.00000
    -0.00000     0.00000     1.00000
           0           1           2           3
     2.35408    -1.17270    -2.84614
     0.23189     0.97274    -0.00000
    -0.97274     0.23189    -0.00000
    -0.00000     0.00000     1.00000
           0           1           2           4
     2.35408    -1.17270    -8.53814
     0.23189     0.97274    -0.00000
    -0.97274     0.23189    -0.00000
    -0.00000     0.00000     1.00000
           0           1           3           1
     2.62999    -0.00764     8.53969
    -0.22335     0.97474     0.00000
    -0.97474    -0.22335     0.00000
     0.00000     0.00000     1.00000
           0           1           3           2
     2.62999    -0.00764     2.84769
    -0.22335     0.97474     0.00000
    -0.97474    -0.22335     0.00000
     0.00000     0.00000     1.00000
           0           1           3           3
     2.62999    -0.00764    -2.84431
    -0.22335     0.97474     0.00000
    -0.97474    -0.22335     0.00000
     0.00000     0.00000     1.00000
           0           1           3           4
     2.62999    -0.00764    -8.53631
    -0.22335     0.97474     0.00000
    -0.97474    -0.22335     0.00000
     0.00000     0.00000     1.00000
           0           1           4           1
     2.35648     1.16786     8.53983
    -0.63520     0.77235     0.00000
    -0.77235    -0.63520     0.00000
     0.00000     0.00000     1.00000
           0           1           4           2
     2.35648     1.16786     2.84783
    -0.63520     0.77235     0.00000
    -0.77235    -0.63520     0.00000
     0.00000     0.00000     1.00000
           0           1           4           3
     2.35648     1.16786    -2.84417
    -0.63520     0.77235     0.00000
    -0.77235    -0.63520     0.00000
     0.00000     0.00000     1.00000
           0           1           4           4
     2.35648     1.16786    -8.53617
    -0.63520     0.77235     0.00000
    -0.77235    -0.63520     0.00000
     0.00000     0.00000     1.00000
           0           1           5           1
     1.58926     2.09552     8.53636
    -0.91280     0.40841     0.00000
    -0.40841    -0.91280     0.00000
     0.00000     0.00000     1.00000
           0           1           5           2
     1.58926     2.09552     2.84435
    -0.91280     0.40841     0.00000
    -0.40841    -0.91280     0.00000
     0.00000     0.00000     1.00000
           0           1           5           3
     1.58926     2.09552    -2.84765
    -0.91280     0.40841     0.00000
    -0.40841    -0.91280     0.00000
     0.00000     0.00000     1.00000
           0           1           5           4
     1.58926     2.09552    -8.53965
    -0.91280     0.40841     0.00000
    -0.40841    -0.91280     0.00000
     0.00000     0.00000     1.00000
           0           1           6           1
    -1.55185     2.12337    -8.54190
     0.91990     0.39216     0.00000
     0.39216    -0.91990     0.00000
     0.00000    -0.00000    -1.00000
           0           1           6           2
    -1.55185     2.12337    -2.84990
     0.91990     0.39216     0.00000
     0.39216    -0.91990     0.00000
     0.00000    -0.00000    -1.00000
           0           1           6           3
    -1.55185     2.12337     2.84210
     0.91990     0.39216     0.00000
     0.39216    -0.91990     0.00000
     0.00000    -0.00000    -1.00000
           0           1           6           4
    -1.55185     2.12337     8.53410
     0.91990     0.39216     0.00000
     0.39216    -0.91990     0.00000
     0.00000    -0.00000    -1.00000
           0           1           7           1
    -2.33737     1.20566    -8.53853
     0.64756     0.76202    -0.00000
     0.76202    -0.64756    -0.00000
    -0.00000     0.00000    -1.00000
           0           1           7           2
    -2.33737     1.20566    -2.84653
     0.64756     0.76202    -0.00000
     0.76202    -0.64756    -0.00000
    -0.00000     0.00000    -1.00000
           0           1           7           3
    -2.33737     1.20566     2.84547
     0.64756     0.76202    -0.00000
     0.76202    -0.64756    -0.00000
    -0.00000     0.00000    -1.00000
           0           1           7           4
    -2.33737     1.20566     8.53747
     0.64756     0.76202    -0.00000
     0.76202    -0.64756    -0.00000
    -0.00000     0.00000    -1.00000
           0           1           8           1
    -2.62997     0.01470    -8.54115
     0.23162     0.97281    -0.00000
     0.97281    -0.23162    -0.00000
    -0.00000     0.00000    -1.00000
           0           1           8           2
    -2.62996     0.01470    -2.84915
     0.23162     0.97281    -0.00000
     0.97281    -0.23162    -0.00000
    -0.00000     0.00000    -1.00000
           0           1           8           3
    -2.62996     0.01470     2.84285
     0.23162     0.97281    -0.00000
     0.97281    -0.23162    -0.00000
    -0.00000     0.00000    -1.00000
           0           1           8           4
    -2.62996     0.01470     8.53485
     0.23162     0.97281    -0.00000
     0.97281    -0.23162    -0.00000
    -0.00000     0.00000    -1.00000
           0           1           9           1
    -2.34976    -1.18133    -8.53933
    -0.23546     0.97189    -0.00000
     0.97189     0.23546    -0.00000
    -0.00000    -0.00000    -1.00000
           0           1           9           2
    -2.34976    -1.18133    -2.84733
    -0.23546     0.97189    -0.00000
     0.97189     0.23546    -0.00000
    -0.00000    -0.00000    -1.00000
           0           1           9           3
    -2.34976    -1.18133     2.84467
    -0.23546     0.97189    -0.00000
     0.97189     0.23546    -0.00000
    -0.00000    -0.00000    -1.00000
           0           1           9           4
    -2.34976    -1.18133     8.53667
    -0.23546     0.97189    -0.00000
     0.97189     0.23546    -0.00000
    -0.00000    -0.00000    -1.00000
           0           1          10           1
    -1.54727    -2.12670    -8.54084
    -0.65461     0.75596    -0.00000
     0.75596     0.65461    -0.00000
    -0.00000    -0.00000    -1.00000
           0           1          10           2
    -1.54727    -2.12670    -2.84884
    -0.65461     0.75596    -0.00000
     0.75596     0.65461    -0.00000
    -0.00000    -0.00000    -1.00000
           0           1          10           3
    -1.54727    -2.12670     2.84316
    -0.65461     0.75596    -0.00000
     0.75596     0.65461    -0.00000
    -0.00000    -0.00000    -1.00000
           0           1          10           4
    -1.54727    -2.12670     8.53516
    -0.65461     0.75596    -0.00000
     0.75596     0.65461    -0.00000
    -0.00000    -0.00000    -1.00000
           0           2           1           1
     2.46651    -4.49814     8.53711
     0.74554     0.66646    -0.00000
    -0.66646     0.74554    -0.00000
     0.00000     0.00000     1.00000
           0           2           1           2
     2.46651    -4.49814     2.84511
     0.74554     0.66646    -0.00000
    -0.66646     0.74554    -0.00000
     0.00000     0.00000     1.00000
           0           2           1           3
     2.46651    -4.49814    -2.84689
     0.74554     0.66646    -0.00000
    -0.66646     0.74554    -0.00000
     0.00000     0.00000     1.00000
           0           2           1           4
     2.46651    -4.49814    -8.53889
     0.74554     0.66646    -0.00000
    -0.66646     0.74554    -0.00000
     0.00000     0.00000     1.00000
           0           2           2           1
     3.45014    -3.79650     8.53539
     0.56899     0.82235    -0.00000
    -0.82235     0.56899    -0.00000
     0.00000     0.00000     1.00000
           0           2           2           2
     3.45014    -3.79650     2.84339
     0.56899     0.82235    -0.00000
    -0.82235     0.56899    -0.00000
     0.00000     0.00000     1.00000
           0           2           2           3
     3.45014    -3.79650    -2.84861
     0.56899     0.82235    -0.00000
    -0.82235     0.56899    -0.00000
     0.00000     0.00000     1.00000
           0           2           2           4
     3.45014    -3.79650    -8.54061
     0.56899     0.82235    -0.00000
    -0.82235     0.56899    -0.00000
     0.00000     0.00000     1.00000
           0           2           3           1
     4.23566    -2.89416     8.53689
     0.36304     0.93177    -0.00000
    -0.93177     0.36304    -0.00000
     0.00000     0.00000     1.00000
           0           2           3           2
     4.23566    -2.89416     2.84489
     0.36304     0.93177    -0.00000
    -0.93177     0.36304    -0.00000
     0.00000     0.00000     1.00000
           0           2           3           3
     4.23566    -2.89416    -2.84711
     0.36304     0.93177    -0.00000
    -0.93177     0.36304    -0.00000
     0.00000     0.00000     1.00000
           0           2           3           4
     4.23566    -2.89416    -8.53911
     0.36304     0.93177    -0.00000
    -0.93177     0.36304    -0.00000
     0.00000     0.00000     1.00000
           0           2           4           1
     4.80452    -1.79820     8.54126
     0.12988     0.99153    -0.00000
    -0.99153     0.12988    -0.00000
     0.00000     0.00000     1.00000
           0           2           4           2
     4.80452    -1.79820     2.84926
     0.12988     0.99153    -0.00000
    -0.99153     0.12988    -0.00000
     0.00000     0.00000     1.00000
           0           2           4           3
     4.80452    -1.79820    -2.84274
     0.12988     0.99153    -0.00000
    -0.99153     0.12988    -0.00000
     0.00000     0.00000     1.00000
           0           2           4           4
     4.80452    -1.79820    -8.53474
     0.12988     0.99153    -0.00000
    -0.99153     0.12988    -0.00000
     0.00000     0.00000     1.00000
           0           2           5           1
     5.09221    -0.62149     8.54304
    -0.10624     0.99434     0.00000
    -0.99434    -0.10624     0.00000
     0.00000     0.00000     1.00000
           0           2           5           2
     5.09221    -0.62149     2.85104
    -0.10624     0.99434     0.00000
    -0.99434    -0.10624     0.00000
     0.00000     0.00000     1.00000
           0           2           5           3
     5.09221    -0.62149    -2.84096
    -0.10624     0.99434     0.00000
    -0.99434    -0.10624     0.00000
     0.00000     0.00000     1.00000
           0           2           5           4
     5.09221    -0.62149    -8.53296
    -0.10624     0.99434     0.00000
    -0.99434    -0.10624     0.00000
     0.00000     0.00000     1.00000
           0           2           6           1
     5.09593     0.59028     8.54244
    -0.33651     0.94168     0.00000
    -0.94168    -0.33651     0.00000
     0.00000     0.00000     1.00000
           0           2           6           2
     5.09593     0.59028     2.85044
    -0.33651     0.94168     0.00000
    -0.94168    -0.33651     0.00000
     0.00000     0.00000     1.00000
           0           2           6           3
     5.09593     0.59028    -2.84156
    -0.33651     0.94168     0.00000
    -0.94168    -0.33651     0.00000
     0.00000     0.00000     1.00000
           0           2           6           4
     5.09593     0.59028    -8.53356
    -0.33651     0.94168     0.00000
    -0.94168    -0.33651     0.00000
     0.00000     0.00000     1.00000
           0           2           7           1
     4.81359     1.77377     8.54321
    -0.54881     0.83595     0.00000
    -0.83595    -0.54881     0.00000
     0.00000     0.00000     1.00000
           0           2           7           2
     4.81359     1.77377     2.85121
    -0.54881     0.83595     0.00000
    -0.83595    -0.54881     0.00000
     0.00000     0.00000     1.00000
           0           2           7           3
     4.81359     1.77377    -2.84079
    -0.54881     0.83595     0.00000
    -0.83595    -0.54881     0.00000
     0.00000     0.00000     1.00000
           0           2           7           4
     4.81359     1.77377    -8.53279
    -0.54881     0.83595     0.00000
    -0.83595    -0.54881     0.00000
     0.00000     0.00000     1.00000
           0           2           8           1
     4.24839     2.87542     8.54068
    -0.73312     0.68010     0.00000
    -0.68010    -0.73312     0.00000
     0.00000     0.00000     1.00000
           0           2           8           2
     4.24839     2.87542     2.84868
    -0.73312     0.68010     0.00000
    -0.68010    -0.73312     0.00000
     0.00000     0.00000     1.00000
           0           2           8           3
     4.24839     2.87542    -2.84332
    -0.73312     0.68010     0.00000
    -0.68010    -0.73312     0.00000
     0.00000     0.00000     1.00000
           0           2           8           4
     4.24839     2.87542    -8.53532
    -0.73312     0.68010     0.00000
    -0.68010    -0.73312     0.00000
     0.00000     0.00000     1.00000
           0           2           9           1
     3.44696     3.79939     8.53729
    -0.87327     0.48723     0.00000
    -0.48723    -0.87327     0.00000
     0.00000     0.00000     1.00000
           0           2           9           2
     3.44696     3.79939     2.84529
    -0.87327     0.48723     0.00000
    -0.48723    -0.87327     0.00000
     0.00000     0.00000     1.00000
           0           2           9           3
     3.44696     3.79939    -2.84671
    -0.87327     0.48723     0.00000
    -0.48723    -0.87327     0.00000
     0.00000     0.00000     1.00000
           0           2           9           4
     3.44696     3.79939    -8.53871
    -0.87327     0.48723     0.00000
    -0.48723    -0.87327     0.00000
     0.00000     0.00000     1.00000
           0           2          10           1
     2.42334     4.52154     8.53316
    -0.96533     0.26104     0.00000
    -0.26104    -0.96533     0.00000
     0.00000     0.00000     1.00000
           0           2          10           2
     2.42334     4.52154     2.84116
    -0.96533     0.26104     0.00000
    -0.26104    -0.96533     0.00000
     0.00000     0.00000     1.00000
           0           2          10           3
     2.42334     4.52154    -2.85084
    -0.96533     0.26104     0.00000
    -0.26104    -0.96533     0.00000
     0.00000     0.00000     1.00000
           0           2          10           4
     2.42334     4.52154    -8.54284
    -0.96533     0.26104     0.00000
    -0.26104    -0.96533     0.00000
     0.00000     0.00000     1.00000
           0           2          11           1
    -2.48566     4.48759    -8.54239
     0.96162     0.27437     0.00000
     0.27437    -0.96162     0.00000
     0.00000    -0.00000    -1.00000
           0           2          11           2
    -2.48566     4.48759    -2.85039
     0.96162     0.27437     0.00000
     0.27437    -0.96162     0.00000
     0.00000    -0.00000    -1.00000
           0           2          11           3
    -2.48566     4.48759     2.84161
     0.96162     0.27437     0.00000
     0.27437    -0.96162     0.00000
     0.00000    -0.00000    -1.00000
           0           2          11           4
    -2.48566     4.48759     8.53361
     0.96162     0.27437     0.00000
     0.27437    -0.96162     0.00000
     0.00000    -0.00000    -1.00000
           0           2          12           1
    -3.45918     3.78827    -8.53800
     0.87170     0.49004     0.00000
     0.49004    -0.87170     0.00000
     0.00000    -0.00000    -1.00000
           0           2          12           2
    -3.45918     3.78827    -2.84600
     0.87170     0.49004     0.00000
     0.49004    -0.87170     0.00000
     0.00000    -0.00000    -1.00000
           0           2          12           3
    -3.45918     3.78827     2.84600
     0.87170     0.49004     0.00000
     0.49004    -0.87170     0.00000
     0.00000    -0.00000    -1.00000
           0           2          12           4
    -3.45918     3.78827     8.53800
     0.87170     0.49004     0.00000
     0.49004    -0.87170     0.00000
     0.00000    -0.00000    -1.00000
           0           2          13           1
    -4.26204     2.85516    -8.54021
     0.72987     0.68359     0.00000
     0.68359    -0.72987     0.00000
     0.00000    -0.00000    -1.00000
           0           2          13           2
    -4.26204     2.85516    -2.84821
     0.72987     0.68359     0.00000
     0.68359    -0.72987     0.00000
     0.00000    -0.00000    -1.00000
           0           2          13           3
    -4.26204     2.85516     2.84379
     0.72987     0.68359     0.00000
     0.68359    -0.72987     0.00000
     0.00000    -0.00000    -1.00000
           0           2          13           4
    -4.26204     2.85516     8.53579
     0.72987     0.68359     0.00000
     0.68359    -0.72987     0.00000
     0.00000    -0.00000    -1.00000
           0           2          14           1
    -4.80508     1.79670    -8.53560
     0.55279     0.83332    -0.00000
     0.83332    -0.55279    -0.00000
    -0.00000     0.00000    -1.00000
           0           2          14           2
    -4.80508     1.79670    -2.84360
     0.55279     0.83332    -0.00000
     0.83332    -0.55279    -0.00000
    -0.00000     0.00000    -1.00000
           0           2          14           3
    -4.80508     1.79670     2.84840
     0.55279     0.83332    -0.00000
     0.83332    -0.55279    -0.00000
    -0.00000     0.00000    -1.00000
           0           2          14           4
    -4.80508     1.79670     8.54040
     0.55279     0.83332    -0.00000
     0.83332    -0.55279    -0.00000
    -0.00000     0.00000    -1.00000
           0           2          15           1
    -5.09346     0.61125    -8.53705
     0.34038     0.94029    -0.00000
     0.94029    -0.34038    -0.00000
    -0.00000     0.00000    -1.00000
           0           2          15           2
    -5.09346     0.61125    -2.84505
     0.34038     0.94029    -0.00000
     0.94029    -0.34038    -0.00000
    -0.00000     0.00000    -1.00000
           0           2          15           3
    -5.09346     0.61125     2.84695
     0.34038     0.94029    -0.00000
     0.94029    -0.34038    -0.00000
    -0.00000     0.00000    -1.00000
           0           2          15           4
    -5.09346     0.61125     8.53895
     0.34038     0.94029    -0.00000
     0.94029    -0.34038    -0.00000
    -0.00000     0.00000    -1.00000
           0           2          16           1
    -5.09485    -0.59949    -8.53617
     0.11054     0.99387    -0.00000
     0.99387    -0.11054    -0.00000
    -0.00000     0.00000    -1.00000
           0           2          16           2
    -5.09485    -0.59949    -2.84417
     0.11054     0.99387    -0.00000
     0.99387    -0.11054    -0.00000
    -0.00000     0.00000    -1.00000
           0           2          16           3
    -5.09485    -0.59949     2.84783
     0.11054     0.99387    -0.00000
     0.99387    -0.11054    -0.00000
    -0.00000     0.00000    -1.00000
           0           2          16           4
    -5.09485    -0.59949     8.53983
     0.11054     0.99387    -0.00000
     0.99387    -0.11054    -0.00000
    -0.00000     0.00000    -1.00000
           0           2          17           1
    -4.80903    -1.78609    -8.53681
    -0.12738     0.99185    -0.00000
     0.99185     0.12738    -0.00000
    -0.00000    -0.00000    -1.00000
           0           2          17           2
    -4.80903    -1.78609    -2.84481
    -0.12738     0.99185    -0.00000
     0.99185     0.12738    -0.00000
    -0.00000    -0.00000    -1.00000
           0           2          17           3
    -4.80903    -1.78609     2.84719
    -0.12738     0.99185    -0.00000
     0.99185     0.12738    -0.00000
    -0.00000    -0.00000    -1.00000
           0           2          17           4
    -4.80903    -1.78609     8.53919
    -0.12738     0.99185    -0.00000
     0.99185     0.12738    -0.00000
    -0.00000    -0.00000    -1.00000
           0           2          18           1
    -4.25527    -2.86525    -8.53857
    -0.35669     0.93422    -0.00000
     0.93422     0.35669    -0.00000
    -0.00000    -0.00000    -1.00000
           0           2          18           2
    -4.25527    -2.86525    -2.84657
    -0.35669     0.93422    -0.00000
     0.93422     0.35669    -0.00000
    -0.00000    -0.00000    -1.00000
           0           2          18           3
    -4.25527    -2.86525     2.84543
    -0.35669     0.93422    -0.00000
     0.93422     0.35669    -0.00000
    -0.00000    -0.00000    -1.00000
           0           2          18           4
    -4.25527    -2.86525     8.53743
    -0.35669     0.93422    -0.00000
     0.93422     0.35669    -0.00000
    -0.00000    -0.00000    -1.00000
           0           2          19           1
    -3.46069    -3.78689    -8.53940
    -0.56670     0.82393    -0.00000
     0.82393     0.56670    -0.00000
    -0.00000    -0.00000    -1.00000
           0           2          19           2
    -3.46069    -3.78689    -2.84740
    -0.56670     0.82393    -0.00000
     0.82393     0.56670    -0.00000
    -0.00000    -0.00000    -1.00000
           0           2          19           3
    -3.46069    -3.78689     2.84460
    -0.56670     0.82393    -0.00000
     0.82393     0.56670    -0.00000
    -0.00000    -0.00000    -1.00000
           0           2          19           4
    -3.46069    -3.78689     8.53660
    -0.56670     0.82393    -0.00000
     0.82393     0.56670    -0.00000
    -0.00000    -0.00000    -1.00000
           0           2          20           1
    -2.46358    -4.49974    -8.54097
    -0.74597     0.66598    -0.00000
     0.66598     0.74597    -0.00000
    -0.00000    -0.00000    -1.00000
           0           2          20           2
    -2.46358    -4.49974    -2.84897
    -0.74597     0.66598    -0.00000
     0.66598     0.74597    -0.00000
    -0.00000    -0.00000    -1.00000
           0           2          20           3
    -2.46358    -4.49974     2.84303
    -0.74597     0.66598    -0.00000
     0.66598     0.74597    -0.00000
    -0.00000    -0.00000    -1.00000
           0           2          20           4
    -2.46358    -4.49974     8.53503
    -0.74597     0.66598    -0.00000
     0.66598     0.74597    -0.00000
    -0.00000    -0.00000    -1.00000
           0           3           1           1
     5.61817   -10.33689    12.74962
    -0.87861    -0.47753    -0.00000
    -0.47753     0.87861    -0.00000
     0.00000    -0.00000    -1.00000
           0           3           1           2
     5.61817   -10.33689     6.37422
    -0.87861    -0.47753    -0.00000
    -0.47753     0.87861    -0.00000
     0.00000    -0.00000    -1.00000
           0           3           1           3
     5.61817   -10.33689    -0.00118
    -0.87861    -0.47753    -0.00000
    -0.47753     0.87861    -0.00000
     0.00000    -0.00000    -1.00000
           0           3           1           4
     5.61817   -10.33689    -6.37658
    -0.87861    -0.47753    -0.00000
    -0.47753     0.87861    -0.00000
     0.00000    -0.00000    -1.00000
           0           3           1           5
     5.61817   -10.33689   -12.75198
    -0.87861    -0.47753    -0.00000
    -0.47753     0.87861    -0.00000
     0.00000    -0.00000    -1.00000
           0           3           2           1
     7.51022    -7.13626    12.74579
    -0.68883    -0.72492     0.00000
    -0.72492     0.68883     0.00000
    -0.00000     0.00000    -1.00000
           0           3           2           2
     7.51022    -7.13626     6.37039
    -0.68883    -0.72492     0.00000
    -0.72492     0.68883     0.00000
    -0.00000     0.00000    -1.00000
           0           3           2           3
     7.51022    -7.13626    -0.00501
    -0.68883    -0.72492     0.00000
    -0.72492     0.68883     0.00000
    -0.00000     0.00000    -1.00000
           0           3           2           4
     7.51022    -7.13626    -6.38041
    -0.68883    -0.72492     0.00000
    -0.72492     0.68883     0.00000
    -0.00000     0.00000    -1.00000
           0           3           2           5
     7.51022    -7.13626   -12.75581
    -0.68883    -0.72492     0.00000
    -0.72492     0.68883     0.00000
    -0.00000     0.00000    -1.00000
           0           3           3           1
    11.53693    -5.65425    12.74802
    -0.44009    -0.89796     0.00000
    -0.89796     0.44009     0.00000
    -0.00000     0.00000    -1.00000
           0           3           3           2
    11.53693    -5.65425     6.37263
    -0.44009    -0.89796     0.00000
    -0.89796     0.44009     0.00000
    -0.00000     0.00000    -1.00000
           0           3           3           3
    11.53693    -5.65425    -0.00277
    -0.44009    -0.89796     0.00000
    -0.89796     0.44009     0.00000
    -0.00000     0.00000    -1.00000
           0           3           3           4
    11.53693    -5.65425    -6.37817
    -0.44009    -0.89796     0.00000
    -0.89796     0.44009     0.00000
    -0.00000     0.00000    -1.00000
           0           3           3           5
    11.53693    -5.65425   -12.75358
    -0.44009    -0.89796     0.00000
    -0.89796     0.44009     0.00000
    -0.00000     0.00000    -1.00000
           0           3           4           1
    11.58091    -2.07313    12.74562
    -0.17622    -0.98435     0.00000
    -0.98435     0.17622     0.00000
    -0.00000     0.00000    -1.00000
           0           3           4           2
    11.58091    -2.07313     6.37022
    -0.17622    -0.98435     0.00000
    -0.98435     0.17622     0.00000
    -0.00000     0.00000    -1.00000
           0           3           4           3
    11.58091    -2.07313    -0.00518
    -0.17622    -0.98435     0.00000
    -0.98435     0.17622     0.00000
    -0.00000     0.00000    -1.00000
           0           3           4           4
    11.58091    -2.07313    -6.38058
    -0.17622    -0.98435     0.00000
    -0.98435     0.17622     0.00000
    -0.00000     0.00000    -1.00000
           0           3           4           5
    11.58091    -2.07313   -12.75598
    -0.17622    -0.98435     0.00000
    -0.98435     0.17622     0.00000
    -0.00000     0.00000    -1.00000
           0           3           5           1
    10.26308     1.41385    12.74520
     0.13647    -0.99064     0.00000
    -0.99064    -0.13647     0.00000
    -0.00000    -0.00000    -1.00000
           0           3           5           2
    10.26308     1.41385     6.36980
     0.13647    -0.99064     0.00000
    -0.99064    -0.13647     0.00000
    -0.00000    -0.00000    -1.00000
           0           3           5           3
    10.26308     1.41385    -0.00560
     0.13647    -0.99064     0.00000
    -0.99064    -0.13647     0.00000
    -0.00000    -0.00000    -1.00000
           0           3           5           4
    10.26308     1.41385    -6.38100
     0.13647    -0.99064     0.00000
    -0.99064    -0.13647     0.00000
    -0.00000    -0.00000    -1.00000
           0           3           5           5
    10.26308     1.41385   -12.75640
     0.13647    -0.99064     0.00000
    -0.99064    -0.13647     0.00000
    -0.00000    -0.00000    -1.00000
           0           3           6           1
    11.63794     5.44329    12.75089
     0.42367    -0.90582     0.00000
    -0.90582    -0.42367     0.00000
    -0.00000    -0.00000    -1.00000
           0           3           6           2
    11.63794     5.44329     6.37549
     0.42367    -0.90582     0.00000
    -0.90582    -0.42367     0.00000
    -0.00000    -0.00000    -1.00000
           0           3           6           3
    11.63794     5.44329     0.00009
     0.42367    -0.90582     0.00000
    -0.90582    -0.42367     0.00000
    -0.00000    -0.00000    -1.00000
           0           3           6           4
    11.63794     5.44329    -6.37531
     0.42367    -0.90582     0.00000
    -0.90582    -0.42367     0.00000
    -0.00000    -0.00000    -1.00000
           0           3           6           5
    11.63794     5.44329   -12.75071
     0.42367    -0.90582     0.00000
    -0.90582    -0.42367     0.00000
    -0.00000    -0.00000    -1.00000
           0           3           7           1
     8.87739     7.72057    12.75393
     0.65623    -0.75456     0.00000
    -0.75456    -0.65623     0.00000
    -0.00000    -0.00000    -1.00000
           0           3           7           2
     8.87739     7.72057     6.37853
     0.65623    -0.75456     0.00000
    -0.75456    -0.65623     0.00000
    -0.00000    -0.00000    -1.00000
           0           3           7           3
     8.87739     7.72057     0.00313
     0.65623    -0.75456     0.00000
    -0.75456    -0.65623     0.00000
    -0.00000    -0.00000    -1.00000
           0           3           7           4
     8.87739     7.72057    -6.37227
     0.65623    -0.75456     0.00000
    -0.75456    -0.65623     0.00000
    -0.00000    -0.00000    -1.00000
           0           3           7           5
     8.87739     7.72057   -12.74767
     0.65623    -0.75456     0.00000
    -0.75456    -0.65623     0.00000
    -0.00000    -0.00000    -1.00000
           0           3           8           1
     5.29173     8.90658    12.74293
     0.85971    -0.51078     0.00000
    -0.51078    -0.85971     0.00000
    -0.00000    -0.00000    -1.00000
           0           3           8           2
     5.29173     8.90658     6.36753
     0.85971    -0.51078     0.00000
    -0.51078    -0.85971     0.00000
    -0.00000    -0.00000    -1.00000
           0           3           8           3
     5.29173     8.90658    -0.00787
     0.85971    -0.51078     0.00000
    -0.51078    -0.85971     0.00000
    -0.00000    -0.00000    -1.00000
           0           3           8           4
     5.29173     8.90658    -6.38327
     0.85971    -0.51078     0.00000
    -0.51078    -0.85971     0.00000
    -0.00000    -0.00000    -1.00000
           0           3           8           5
     5.29173     8.90658   -12.75867
     0.85971    -0.51078     0.00000
    -0.51078    -0.85971     0.00000
    -0.00000    -0.00000    -1.00000
           0           3           9           1
    -5.34076     8.87727   -12.74625
    -0.85688    -0.51552    -0.00000
     0.51552    -0.85688    -0.00000
     0.00000     0.00000     1.00000
           0           3           9           2
    -5.34076     8.87727    -6.37085
    -0.85688    -0.51552    -0.00000
     0.51552    -0.85688    -0.00000
     0.00000     0.00000     1.00000
           0           3           9           3
    -5.34076     8.87727     0.00455
    -0.85688    -0.51552    -0.00000
     0.51552    -0.85688    -0.00000
     0.00000     0.00000     1.00000
           0           3           9           4
    -5.34076     8.87727     6.37995
    -0.85688    -0.51552    -0.00000
     0.51552    -0.85688    -0.00000
     0.00000     0.00000     1.00000
           0           3           9           5
    -5.34076     8.87727    12.75535
    -0.85688    -0.51552    -0.00000
     0.51552    -0.85688    -0.00000
     0.00000     0.00000     1.00000
           0           3          10           1
    -8.86050     7.73994   -12.75087
    -0.65788    -0.75312    -0.00000
     0.75312    -0.65788    -0.00000
     0.00000    -0.00000     1.00000
           0           3          10           2
    -8.86050     7.73994    -6.37547
    -0.65788    -0.75312    -0.00000
     0.75312    -0.65788    -0.00000
     0.00000    -0.00000     1.00000
           0           3          10           3
    -8.86050     7.73994    -0.00007
    -0.65788    -0.75312    -0.00000
     0.75312    -0.65788    -0.00000
     0.00000    -0.00000     1.00000
           0           3          10           4
    -8.86050     7.73994     6.37533
    -0.65788    -0.75312    -0.00000
     0.75312    -0.65788    -0.00000
     0.00000    -0.00000     1.00000
           0           3          10           5
    -8.86050     7.73994    12.75073
    -0.65788    -0.75312    -0.00000
     0.75312    -0.65788    -0.00000
     0.00000    -0.00000     1.00000
           0           3          11           1
   -11.62840     5.46365   -12.74102
    -0.42525    -0.90507    -0.00000
     0.90507    -0.42525    -0.00000
     0.00000    -0.00000     1.00000
           0           3          11           2
   -11.62840     5.46365    -6.36562
    -0.42525    -0.90507    -0.00000
     0.90507    -0.42525    -0.00000
     0.00000    -0.00000     1.00000
           0           3          11           3
   -11.62840     5.46365     0.00978
    -0.42525    -0.90507    -0.00000
     0.90507    -0.42525    -0.00000
     0.00000    -0.00000     1.00000
           0           3          11           4
   -11.62840     5.46365     6.38518
    -0.42525    -0.90507    -0.00000
     0.90507    -0.42525    -0.00000
     0.00000    -0.00000     1.00000
           0           3          11           5
   -11.62840     5.46365    12.76058
    -0.42525    -0.90507    -0.00000
     0.90507    -0.42525    -0.00000
     0.00000    -0.00000     1.00000
           0           3          12           1
   -10.26578     1.39406   -12.74134
    -0.13456    -0.99091    -0.00000
     0.99091    -0.13456    -0.00000
     0.00000     0.00000     1.00000
           0           3          12           2
   -10.26578     1.39406    -6.36594
    -0.13456    -0.99091    -0.00000
     0.99091    -0.13456    -0.00000
     0.00000     0.00000     1.00000
           0           3          12           3
   -10.26578     1.39406     0.00946
    -0.13456    -0.99091    -0.00000
     0.99091    -0.13456    -0.00000
     0.00000     0.00000     1.00000
           0           3          12           4
   -10.26578     1.39406     6.38486
    -0.13456    -0.99091    -0.00000
     0.99091    -0.13456    -0.00000
     0.00000     0.00000     1.00000
           0           3          12           5
   -10.26578     1.39406    12.76026
    -0.13456    -0.99091    -0.00000
     0.99091    -0.13456    -0.00000
     0.00000     0.00000     1.00000
           0           3          13           1
   -11.58011    -2.07760   -12.74041
     0.17660    -0.98428    -0.00000
     0.98428     0.17660    -0.00000
     0.00000     0.00000     1.00000
           0           3          13           2
   -11.58011    -2.07760    -6.36501
     0.17660    -0.98428    -0.00000
     0.98428     0.17660    -0.00000
     0.00000     0.00000     1.00000
           0           3          13           3
   -11.58011    -2.07760     0.01039
     0.17660    -0.98428    -0.00000
     0.98428     0.17660    -0.00000
     0.00000     0.00000     1.00000
           0           3          13           4
   -11.58011    -2.07760     6.38579
     0.17660    -0.98428    -0.00000
     0.98428     0.17660    -0.00000
     0.00000     0.00000     1.00000
           0           3          13           5
   -11.58011    -2.07760    12.76119
     0.17660    -0.98428    -0.00000
     0.98428     0.17660    -0.00000
     0.00000     0.00000     1.00000
           0           3          14           1
   -11.52656    -5.67533   -12.74650
     0.44173    -0.89715    -0.00000
     0.89715     0.44173    -0.00000
     0.00000     0.00000     1.00000
           0           3          14           2
   -11.52656    -5.67533    -6.37110
     0.44173    -0.89715    -0.00000
     0.89715     0.44173    -0.00000
     0.00000     0.00000     1.00000
           0           3          14           3
   -11.52656    -5.67533     0.00430
     0.44173    -0.89715    -0.00000
     0.89715     0.44173    -0.00000
     0.00000     0.00000     1.00000
           0           3          14           4
   -11.52656    -5.67533     6.37970
     0.44173    -0.89715    -0.00000
     0.89715     0.44173    -0.00000
     0.00000     0.00000     1.00000
           0           3          14           5
   -11.52656    -5.67533    12.75510
     0.44173    -0.89715    -0.00000
     0.89715     0.44173    -0.00000
     0.00000     0.00000     1.00000
           0           3          15           1
    -7.53470    -7.11041   -12.74822
     0.68634    -0.72728    -0.00000
     0.72728     0.68634    -0.00000
     0.00000     0.00000     1.00000
           0           3          15           2
    -7.53470    -7.11041    -6.37282
     0.68634    -0.72728    -0.00000
     0.72728     0.68634    -0.00000
     0.00000     0.00000     1.00000
           0           3          15           3
    -7.53470    -7.11041     0.00258
     0.68634    -0.72728    -0.00000
     0.72728     0.68634    -0.00000
     0.00000     0.00000     1.00000
           0           3          15           4
    -7.53470    -7.11041     6.37798
     0.68634    -0.72728    -0.00000
     0.72728     0.68634    -0.00000
     0.00000     0.00000     1.00000
           0           3          15           5
    -7.53470    -7.11041    12.75338
     0.68634    -0.72728    -0.00000
     0.72728     0.68634    -0.00000
     0.00000     0.00000     1.00000
           0           3          16           1
    -5.63848   -10.32583   -12.74887
     0.87767    -0.47926    -0.00000
     0.47926     0.87767    -0.00000
     0.00000     0.00000     1.00000
           0           3          16           2
    -5.63848   -10.32583    -6.37347
     0.87767    -0.47926    -0.00000
     0.47926     0.87767    -0.00000
     0.00000     0.00000     1.00000
           0           3          16           3
