 SVX cage parameters:
     2.20000
     0.50000     0.20000
     0.00000
           6
   -40.00000   -26.50000   -26.50000    26.50000    26.50000    40.00000
    53.00000    53.00000    22.14782    22.14782    53.00000    53.00000
     0.00000     0.00000     0.00000
 SVX barrel parameters:
           4
     2.63000     5.19260    11.76500    16.68700     1.14100
     0.00000     0.00000     0.00000     0.00000
           4           4           5           6
     0.69600     0.69600     1.74500     1.74500
     0.01000     0.01000     0.03125     0.03125
     2.83600     2.83600     3.18770     3.18770
     0.01900     0.01900     0.00000     0.00000
     0.02000     0.02000     0.00000     0.00000
    26.70000    13.62600    17.00000    12.00000
   -13.00000   -12.98000     0.00000     0.00000
           2
           5           5
     0.00000   180.00000
           2
          10          10
     0.00000   180.00000
           2
           8           8
     0.00000   180.00000
           2
          12          12
     0.00000   180.00000
 SVX barrel sensor rotation matrices and translation vectors:
           0           1           1           1
     1.59496    -2.12459     8.68664
     0.63997     0.76840    -0.00000
    -0.76840     0.63997    -0.00000
    -0.00000     0.00000     1.00000
           0           1           1           2
     1.59496    -2.12459     2.99465
     0.63997     0.76840    -0.00000
    -0.76840     0.63997    -0.00000
    -0.00000     0.00000     1.00000
           0           1           1           3
     1.59496    -2.12459    -2.69737
     0.63997     0.76840    -0.00000
    -0.76840     0.63997    -0.00000
    -0.00000     0.00000     1.00000
           0           1           1           4
     1.59496    -2.12459    -8.38937
     0.63997     0.76840    -0.00000
    -0.76840     0.63997    -0.00000
    -0.00000     0.00000     1.00000
           0           1           2           1
     2.34957    -1.17925     8.68752
     0.22643     0.97403    -0.00000
    -0.97403     0.22643    -0.00000
    -0.00000     0.00000     1.00000
           0           1           2           2
     2.34957    -1.17925     2.99553
     0.22643     0.97403    -0.00000
    -0.97403     0.22643    -0.00000
    -0.00000     0.00000     1.00000
           0           1           2           3
     2.34957    -1.17925    -2.69648
     0.22643     0.97403    -0.00000
    -0.97403     0.22643    -0.00000
    -0.00000     0.00000     1.00000
           0           1           2           4
     2.34957    -1.17925    -8.38848
     0.22643     0.97403    -0.00000
    -0.97403     0.22643    -0.00000
    -0.00000     0.00000     1.00000
           0           1           3           1
     2.61482    -0.00305     8.67990
    -0.23542     0.97189     0.00000
    -0.97189    -0.23542     0.00000
     0.00000     0.00000     1.00000
           0           1           3           2
     2.61482    -0.00305     2.98791
    -0.23542     0.97189     0.00000
    -0.97189    -0.23542     0.00000
     0.00000     0.00000     1.00000
           0           1           3           3
     2.61482    -0.00305    -2.70410
    -0.23542     0.97189     0.00000
    -0.97189    -0.23542     0.00000
     0.00000     0.00000     1.00000
           0           1           3           4
     2.61482    -0.00305    -8.39610
    -0.23542     0.97189     0.00000
    -0.97189    -0.23542     0.00000
     0.00000     0.00000     1.00000
           0           1           4           1
     2.34771     1.18010     8.68635
    -0.64705     0.76245     0.00000
    -0.76245    -0.64705     0.00000
     0.00000     0.00000     1.00000
           0           1           4           2
     2.34771     1.18010     2.99436
    -0.64705     0.76245     0.00000
    -0.76245    -0.64705     0.00000
     0.00000     0.00000     1.00000
           0           1           4           3
     2.34771     1.18010    -2.69765
    -0.64705     0.76245     0.00000
    -0.76245    -0.64705     0.00000
     0.00000     0.00000     1.00000
           0           1           4           4
     2.34771     1.18010    -8.38965
    -0.64705     0.76245     0.00000
    -0.76245    -0.64705     0.00000
     0.00000     0.00000     1.00000
           0           1           5           1
     1.53767     2.07920     8.66973
    -0.92065     0.39038     0.00000
    -0.39038    -0.92065     0.00000
     0.00000     0.00000     1.00000
           0           1           5           2
     1.53767     2.07920     2.97774
    -0.92065     0.39038     0.00000
    -0.39038    -0.92065     0.00000
     0.00000     0.00000     1.00000
           0           1           5           3
     1.53767     2.07920    -2.71427
    -0.92065     0.39038     0.00000
    -0.39038    -0.92065     0.00000
     0.00000     0.00000     1.00000
           0           1           5           4
     1.53767     2.07920    -8.40627
    -0.92065     0.39038     0.00000
    -0.39038    -0.92065     0.00000
     0.00000     0.00000     1.00000
           0           1           6           1
    -1.54454     2.07979    -8.53679
     0.92057     0.39057     0.00000
     0.39057    -0.92057     0.00000
     0.00000    -0.00000    -1.00000
           0           1           6           2
    -1.54454     2.07979    -2.84479
     0.92057     0.39057     0.00000
     0.39057    -0.92057     0.00000
     0.00000    -0.00000    -1.00000
           0           1           6           3
    -1.54454     2.07979     2.84721
     0.92057     0.39057     0.00000
     0.39057    -0.92057     0.00000
     0.00000    -0.00000    -1.00000
           0           1           6           4
    -1.54454     2.07979     8.53921
     0.92057     0.39057     0.00000
     0.39057    -0.92057     0.00000
     0.00000    -0.00000    -1.00000
           0           1           7           1
    -2.33306     1.16848    -8.53577
     0.64688     0.76259     0.00000
     0.76259    -0.64688     0.00000
     0.00000    -0.00000    -1.00000
           0           1           7           2
    -2.33306     1.16848    -2.84377
     0.64688     0.76259     0.00000
     0.76259    -0.64688     0.00000
     0.00000    -0.00000    -1.00000
           0           1           7           3
    -2.33306     1.16848     2.84823
     0.64688     0.76259     0.00000
     0.76259    -0.64688     0.00000
     0.00000    -0.00000    -1.00000
           0           1           7           4
    -2.33306     1.16848     8.54023
     0.64688     0.76259     0.00000
     0.76259    -0.64688     0.00000
     0.00000    -0.00000    -1.00000
           0           1           8           1
    -2.64404     0.00452    -8.54669
     0.23520     0.97195    -0.00000
     0.97195    -0.23520    -0.00000
    -0.00000     0.00000    -1.00000
           0           1           8           2
    -2.64404     0.00452    -2.85469
     0.23520     0.97195    -0.00000
     0.97195    -0.23520    -0.00000
    -0.00000     0.00000    -1.00000
           0           1           8           3
    -2.64404     0.00452     2.83731
     0.23520     0.97195    -0.00000
     0.97195    -0.23520    -0.00000
    -0.00000     0.00000    -1.00000
           0           1           8           4
    -2.64404     0.00452     8.52931
     0.23520     0.97195    -0.00000
     0.97195    -0.23520    -0.00000
    -0.00000     0.00000    -1.00000
           0           1           9           1
    -2.36672    -1.17606    -8.52999
    -0.22663     0.97398    -0.00000
     0.97398     0.22663    -0.00000
    -0.00000    -0.00000    -1.00000
           0           1           9           2
    -2.36672    -1.17606    -2.83799
    -0.22663     0.97398    -0.00000
     0.97398     0.22663    -0.00000
    -0.00000    -0.00000    -1.00000
           0           1           9           3
    -2.36672    -1.17606     2.85401
    -0.22663     0.97398    -0.00000
     0.97398     0.22663    -0.00000
    -0.00000    -0.00000    -1.00000
           0           1           9           4
    -2.36672    -1.17606     8.54601
    -0.22663     0.97398    -0.00000
     0.97398     0.22663    -0.00000
    -0.00000    -0.00000    -1.00000
           0           1          10           1
    -1.62800    -2.13312    -8.52806
    -0.64010     0.76829    -0.00000
     0.76829     0.64010    -0.00000
    -0.00000    -0.00000    -1.00000
           0           1          10           2
    -1.62800    -2.13312    -2.83606
    -0.64010     0.76829    -0.00000
     0.76829     0.64010    -0.00000
    -0.00000    -0.00000    -1.00000
           0           1          10           3
    -1.62800    -2.13312     2.85594
    -0.64010     0.76829    -0.00000
     0.76829     0.64010    -0.00000
    -0.00000    -0.00000    -1.00000
           0           1          10           4
    -1.62800    -2.13312     8.54794
    -0.64010     0.76829    -0.00000
     0.76829     0.64010    -0.00000
    -0.00000    -0.00000    -1.00000
           0           2           1           1
     2.52869    -4.56054     8.68157
     0.74603     0.66591    -0.00000
    -0.66591     0.74603    -0.00000
    -0.00000     0.00000     1.00000
           0           2           1           2
     2.52869    -4.56054     2.98958
     0.74603     0.66591    -0.00000
    -0.66591     0.74603    -0.00000
    -0.00000     0.00000     1.00000
           0           2           1           3
     2.52869    -4.56054    -2.70242
     0.74603     0.66591    -0.00000
    -0.66591     0.74603    -0.00000
    -0.00000     0.00000     1.00000
           0           2           1           4
     2.52869    -4.56054    -8.39443
     0.74603     0.66591    -0.00000
    -0.66591     0.74603    -0.00000
    -0.00000     0.00000     1.00000
           0           2           2           1
     3.52369    -3.85079     8.68631
     0.56816     0.82292    -0.00000
    -0.82292     0.56816    -0.00000
    -0.00000     0.00000     1.00000
           0           2           2           2
     3.52369    -3.85079     2.99431
     0.56816     0.82292    -0.00000
    -0.82292     0.56816    -0.00000
    -0.00000     0.00000     1.00000
           0           2           2           3
     3.52369    -3.85079    -2.69769
     0.56816     0.82292    -0.00000
    -0.82292     0.56816    -0.00000
    -0.00000     0.00000     1.00000
           0           2           2           4
     3.52369    -3.85079    -8.38969
     0.56816     0.82292    -0.00000
    -0.82292     0.56816    -0.00000
    -0.00000     0.00000     1.00000
           0           2           3           1
     4.30291    -2.90503     8.67545
     0.35830     0.93361    -0.00000
    -0.93361     0.35830    -0.00000
    -0.00000     0.00000     1.00000
           0           2           3           2
     4.30291    -2.90503     2.98345
     0.35830     0.93361    -0.00000
    -0.93361     0.35830    -0.00000
    -0.00000     0.00000     1.00000
           0           2           3           3
     4.30291    -2.90503    -2.70855
     0.35830     0.93361    -0.00000
    -0.93361     0.35830    -0.00000
    -0.00000     0.00000     1.00000
           0           2           3           4
     4.30291    -2.90503    -8.40055
     0.35830     0.93361    -0.00000
    -0.93361     0.35830    -0.00000
    -0.00000     0.00000     1.00000
           0           2           4           1
     4.85391    -1.80968     8.67733
     0.12828     0.99174    -0.00000
    -0.99174     0.12828    -0.00000
    -0.00000     0.00000     1.00000
           0           2           4           2
     4.85391    -1.80968     2.98533
     0.12828     0.99174    -0.00000
    -0.99174     0.12828    -0.00000
    -0.00000     0.00000     1.00000
           0           2           4           3
     4.85391    -1.80968    -2.70667
     0.12828     0.99174    -0.00000
    -0.99174     0.12828    -0.00000
    -0.00000     0.00000     1.00000
           0           2           4           4
     4.85391    -1.80968    -8.39867
     0.12828     0.99174    -0.00000
    -0.99174     0.12828    -0.00000
    -0.00000     0.00000     1.00000
           0           2           5           1
     5.16153    -0.62192     8.67333
    -0.10898     0.99404     0.00000
    -0.99404    -0.10898     0.00000
     0.00000     0.00000     1.00000
           0           2           5           2
     5.16153    -0.62192     2.98133
    -0.10898     0.99404     0.00000
    -0.99404    -0.10898     0.00000
     0.00000     0.00000     1.00000
           0           2           5           3
     5.16153    -0.62192    -2.71067
    -0.10898     0.99404     0.00000
    -0.99404    -0.10898     0.00000
     0.00000     0.00000     1.00000
           0           2           5           4
     5.16153    -0.62192    -8.40268
    -0.10898     0.99404     0.00000
    -0.99404    -0.10898     0.00000
     0.00000     0.00000     1.00000
           0           2           6           1
     5.09498     0.59241     8.65804
    -0.34009     0.94039     0.00000
    -0.94039    -0.34009     0.00000
     0.00000     0.00000     1.00000
           0           2           6           2
     5.09498     0.59241     2.96604
    -0.34009     0.94039     0.00000
    -0.94039    -0.34009     0.00000
     0.00000     0.00000     1.00000
           0           2           6           3
     5.09498     0.59241    -2.72596
    -0.34009     0.94039     0.00000
    -0.94039    -0.34009     0.00000
     0.00000     0.00000     1.00000
           0           2           6           4
     5.09498     0.59241    -8.41796
    -0.34009     0.94039     0.00000
    -0.94039    -0.34009     0.00000
     0.00000     0.00000     1.00000
           0           2           7           1
     4.90439     1.81621     8.67757
    -0.55207     0.83380     0.00000
    -0.83380    -0.55207     0.00000
     0.00000     0.00000     1.00000
           0           2           7           2
     4.90439     1.81621     2.98557
    -0.55207     0.83380     0.00000
    -0.83380    -0.55207     0.00000
     0.00000     0.00000     1.00000
           0           2           7           3
     4.90439     1.81621    -2.70643
    -0.55207     0.83380     0.00000
    -0.83380    -0.55207     0.00000
     0.00000     0.00000     1.00000
           0           2           7           4
     4.90439     1.81621    -8.39843
    -0.55207     0.83380     0.00000
    -0.83380    -0.55207     0.00000
     0.00000     0.00000     1.00000
           0           2           8           1
     4.32555     2.89367     8.67446
    -0.73296     0.68028     0.00000
    -0.68028    -0.73296     0.00000
     0.00000     0.00000     1.00000
           0           2           8           2
     4.32555     2.89367     2.98246
    -0.73296     0.68028     0.00000
    -0.68028    -0.73296     0.00000
     0.00000     0.00000     1.00000
           0           2           8           3
     4.32555     2.89367    -2.70954
    -0.73296     0.68028     0.00000
    -0.68028    -0.73296     0.00000
     0.00000     0.00000     1.00000
           0           2           8           4
     4.32555     2.89367    -8.40154
    -0.73296     0.68028     0.00000
    -0.68028    -0.73296     0.00000
     0.00000     0.00000     1.00000
           0           2           9           1
     3.48701     3.79170     8.66161
    -0.87259     0.48846     0.00000
    -0.48846    -0.87259     0.00000
     0.00000     0.00000     1.00000
           0           2           9           2
     3.48701     3.79170     2.96961
    -0.87259     0.48846     0.00000
    -0.48846    -0.87259     0.00000
     0.00000     0.00000     1.00000
           0           2           9           3
     3.48701     3.79170    -2.72239
    -0.87259     0.48846     0.00000
    -0.48846    -0.87259     0.00000
     0.00000     0.00000     1.00000
           0           2           9           4
     3.48701     3.79170    -8.41439
    -0.87259     0.48846     0.00000
    -0.48846    -0.87259     0.00000
     0.00000     0.00000     1.00000
           0           2          10           1
     2.48906     4.49341     8.67242
    -0.96310     0.26914     0.00000
    -0.26914    -0.96310     0.00000
     0.00000     0.00000     1.00000
           0           2          10           2
     2.48906     4.49341     2.98042
    -0.96310     0.26914     0.00000
    -0.26914    -0.96310     0.00000
     0.00000     0.00000     1.00000
           0           2          10           3
     2.48906     4.49341    -2.71158
    -0.96310     0.26914     0.00000
    -0.26914    -0.96310     0.00000
     0.00000     0.00000     1.00000
           0           2          10           4
     2.48906     4.49341    -8.40358
    -0.96310     0.26914     0.00000
    -0.26914    -0.96310     0.00000
     0.00000     0.00000     1.00000
           0           2          11           1
    -2.47349     4.50222    -8.55083
     0.96361     0.26733     0.00000
     0.26733    -0.96361     0.00000
     0.00000    -0.00000    -1.00000
           0           2          11           2
    -2.47349     4.50222    -2.85883
     0.96361     0.26733     0.00000
     0.26733    -0.96361     0.00000
     0.00000    -0.00000    -1.00000
           0           2          11           3
    -2.47349     4.50222     2.83316
     0.96361     0.26733     0.00000
     0.26733    -0.96361     0.00000
     0.00000    -0.00000    -1.00000
           0           2          11           4
    -2.47349     4.50222     8.52517
     0.96361     0.26733     0.00000
     0.26733    -0.96361     0.00000
     0.00000    -0.00000    -1.00000
           0           2          12           1
    -3.51177     3.83693    -8.54709
     0.87351     0.48681     0.00000
     0.48681    -0.87351     0.00000
     0.00000    -0.00000    -1.00000
           0           2          12           2
    -3.51177     3.83693    -2.85509
     0.87351     0.48681     0.00000
     0.48681    -0.87351     0.00000
     0.00000    -0.00000    -1.00000
           0           2          12           3
    -3.51177     3.83693     2.83691
     0.87351     0.48681     0.00000
     0.48681    -0.87351     0.00000
     0.00000    -0.00000    -1.00000
           0           2          12           4
    -3.51177     3.83693     8.52891
     0.87351     0.48681     0.00000
     0.48681    -0.87351     0.00000
     0.00000    -0.00000    -1.00000
           0           2          13           1
    -4.29402     2.89079    -8.54961
     0.73423     0.67890     0.00000
     0.67890    -0.73423     0.00000
     0.00000    -0.00000    -1.00000
           0           2          13           2
    -4.29402     2.89079    -2.85761
     0.73423     0.67890     0.00000
     0.67890    -0.73423     0.00000
     0.00000    -0.00000    -1.00000
           0           2          13           3
    -4.29402     2.89079     2.83439
     0.73423     0.67890     0.00000
     0.67890    -0.73423     0.00000
     0.00000    -0.00000    -1.00000
           0           2          13           4
    -4.29402     2.89079     8.52639
     0.73423     0.67890     0.00000
     0.67890    -0.73423     0.00000
     0.00000    -0.00000    -1.00000
           0           2          14           1
    -4.84738     1.79993    -8.55031
     0.55362     0.83277     0.00000
     0.83277    -0.55362     0.00000
     0.00000    -0.00000    -1.00000
           0           2          14           2
    -4.84738     1.79993    -2.85831
     0.55362     0.83277     0.00000
     0.83277    -0.55362     0.00000
     0.00000    -0.00000    -1.00000
           0           2          14           3
    -4.84738     1.79993     2.83369
     0.55362     0.83277     0.00000
     0.83277    -0.55362     0.00000
     0.00000    -0.00000    -1.00000
           0           2          14           4
    -4.84738     1.79993     8.52569
     0.55362     0.83277     0.00000
     0.83277    -0.55362     0.00000
     0.00000    -0.00000    -1.00000
           0           2          15           1
    -5.19084     0.62150    -8.54848
     0.34185     0.93976    -0.00000
     0.93976    -0.34185    -0.00000
    -0.00000     0.00000    -1.00000
           0           2          15           2
    -5.19084     0.62150    -2.85648
     0.34185     0.93976    -0.00000
     0.93976    -0.34185    -0.00000
    -0.00000     0.00000    -1.00000
           0           2          15           3
    -5.19084     0.62150     2.83552
     0.34185     0.93976    -0.00000
     0.93976    -0.34185    -0.00000
    -0.00000     0.00000    -1.00000
           0           2          15           4
    -5.19084     0.62150     8.52752
     0.34185     0.93976    -0.00000
     0.93976    -0.34185    -0.00000
    -0.00000     0.00000    -1.00000
           0           2          16           1
    -5.16537    -0.60382    -8.54216
     0.11084     0.99384    -0.00000
     0.99384    -0.11084    -0.00000
    -0.00000     0.00000    -1.00000
           0           2          16           2
    -5.16537    -0.60382    -2.85016
     0.11084     0.99384    -0.00000
     0.99384    -0.11084    -0.00000
    -0.00000     0.00000    -1.00000
           0           2          16           3
    -5.16537    -0.60382     2.84184
     0.11084     0.99384    -0.00000
     0.99384    -0.11084    -0.00000
    -0.00000     0.00000    -1.00000
           0           2          16           4
    -5.16537    -0.60382     8.53384
     0.11084     0.99384    -0.00000
     0.99384    -0.11084    -0.00000
    -0.00000     0.00000    -1.00000
           0           2          17           1
    -4.86424    -1.79290    -8.54361
    -0.12642     0.99198    -0.00000
     0.99198     0.12642    -0.00000
    -0.00000    -0.00000    -1.00000
           0           2          17           2
    -4.86424    -1.79290    -2.85161
    -0.12642     0.99198    -0.00000
     0.99198     0.12642    -0.00000
    -0.00000    -0.00000    -1.00000
           0           2          17           3
    -4.86424    -1.79290     2.84039
    -0.12642     0.99198    -0.00000
     0.99198     0.12642    -0.00000
    -0.00000    -0.00000    -1.00000
           0           2          17           4
    -4.86424    -1.79290     8.53239
    -0.12642     0.99198    -0.00000
     0.99198     0.12642    -0.00000
    -0.00000    -0.00000    -1.00000
           0           2          18           1
    -4.32518    -2.89374    -8.54619
    -0.35655     0.93428    -0.00000
     0.93428     0.35655    -0.00000
    -0.00000    -0.00000    -1.00000
           0           2          18           2
    -4.32518    -2.89374    -2.85419
    -0.35655     0.93428    -0.00000
     0.93428     0.35655    -0.00000
    -0.00000    -0.00000    -1.00000
           0           2          18           3
    -4.32517    -2.89374     2.83781
    -0.35655     0.93428    -0.00000
     0.93428     0.35655    -0.00000
    -0.00000    -0.00000    -1.00000
           0           2          18           4
    -4.32517    -2.89374     8.52981
    -0.35655     0.93428    -0.00000
     0.93428     0.35655    -0.00000
    -0.00000    -0.00000    -1.00000
           0           2          19           1
    -3.55013    -3.84348    -8.53835
    -0.56662     0.82398    -0.00000
     0.82398     0.56662    -0.00000
    -0.00000    -0.00000    -1.00000
           0           2          19           2
    -3.55013    -3.84348    -2.84635
    -0.56662     0.82398    -0.00000
     0.82398     0.56662    -0.00000
    -0.00000    -0.00000    -1.00000
           0           2          19           3
    -3.55013    -3.84348     2.84565
    -0.56662     0.82398    -0.00000
     0.82398     0.56662    -0.00000
    -0.00000    -0.00000    -1.00000
           0           2          19           4
    -3.55013    -3.84348     8.53765
    -0.56662     0.82398    -0.00000
     0.82398     0.56662    -0.00000
    -0.00000    -0.00000    -1.00000
           0           2          20           1
    -2.57380    -4.57760    -8.53855
    -0.74478     0.66731    -0.00000
     0.66731     0.74478    -0.00000
    -0.00000    -0.00000    -1.00000
           0           2          20           2
    -2.57380    -4.57760    -2.84655
    -0.74478     0.66731    -0.00000
     0.66731     0.74478    -0.00000
    -0.00000    -0.00000    -1.00000
           0           2          20           3
    -2.57380    -4.57760     2.84545
    -0.74478     0.66731    -0.00000
     0.66731     0.74478    -0.00000
    -0.00000    -0.00000    -1.00000
           0           2          20           4
    -2.57380    -4.57760     8.53745
    -0.74478     0.66731    -0.00000
     0.66731     0.74478    -0.00000
    -0.00000    -0.00000    -1.00000
           0           3           1           1
     5.67223   -10.33905    12.84431
    -0.87814    -0.47840     0.00000
    -0.47840     0.87814     0.00000
    -0.00000     0.00000    -1.00000
           0           3           1           2
     5.67223   -10.33905     6.46891
    -0.87814    -0.47840     0.00000
    -0.47840     0.87814     0.00000
    -0.00000     0.00000    -1.00000
           0           3           1           3
     5.67223   -10.33905     0.09351
    -0.87814    -0.47840     0.00000
    -0.47840     0.87814     0.00000
    -0.00000     0.00000    -1.00000
           0           3           1           4
     5.67223   -10.33905    -6.28189
    -0.87814    -0.47840     0.00000
    -0.47840     0.87814     0.00000
    -0.00000     0.00000    -1.00000
           0           3           1           5
     5.67223   -10.33905   -12.65729
    -0.87814    -0.47840     0.00000
    -0.47840     0.87814     0.00000
    -0.00000     0.00000    -1.00000
           0           3           2           1
     7.57377    -7.15037    12.83468
    -0.68684    -0.72680     0.00000
    -0.72680     0.68684     0.00000
    -0.00000     0.00000    -1.00000
           0           3           2           2
     7.57377    -7.15037     6.45928
    -0.68684    -0.72680     0.00000
    -0.72680     0.68684     0.00000
    -0.00000     0.00000    -1.00000
           0           3           2           3
     7.57377    -7.15037     0.08388
    -0.68684    -0.72680     0.00000
    -0.72680     0.68684     0.00000
    -0.00000     0.00000    -1.00000
           0           3           2           4
     7.57377    -7.15037    -6.29152
    -0.68684    -0.72680     0.00000
    -0.72680     0.68684     0.00000
    -0.00000     0.00000    -1.00000
           0           3           2           5
     7.57377    -7.15037   -12.66692
    -0.68684    -0.72680     0.00000
    -0.72680     0.68684     0.00000
    -0.00000     0.00000    -1.00000
           0           3           3           1
    11.48905    -5.64894    12.83161
    -0.44180    -0.89711     0.00000
    -0.89711     0.44180     0.00000
    -0.00000     0.00000    -1.00000
           0           3           3           2
    11.48905    -5.64894     6.45621
    -0.44180    -0.89711     0.00000
    -0.89711     0.44180     0.00000
    -0.00000     0.00000    -1.00000
           0           3           3           3
    11.48904    -5.64894     0.08081
    -0.44180    -0.89711     0.00000
    -0.89711     0.44180     0.00000
    -0.00000     0.00000    -1.00000
           0           3           3           4
    11.48904    -5.64894    -6.29459
    -0.44180    -0.89711     0.00000
    -0.89711     0.44180     0.00000
    -0.00000     0.00000    -1.00000
           0           3           3           5
    11.48904    -5.64894   -12.66999
    -0.44180    -0.89711     0.00000
    -0.89711     0.44180     0.00000
    -0.00000     0.00000    -1.00000
           0           3           4           1
    11.55682    -2.06777    12.84915
    -0.17639    -0.98432     0.00000
    -0.98432     0.17639     0.00000
    -0.00000     0.00000    -1.00000
           0           3           4           2
    11.55682    -2.06777     6.47374
    -0.17639    -0.98432     0.00000
    -0.98432     0.17639     0.00000
    -0.00000     0.00000    -1.00000
           0           3           4           3
    11.55682    -2.06777     0.09834
    -0.17639    -0.98432     0.00000
    -0.98432     0.17639     0.00000
    -0.00000     0.00000    -1.00000
           0           3           4           4
    11.55682    -2.06777    -6.27706
    -0.17639    -0.98432     0.00000
    -0.98432     0.17639     0.00000
    -0.00000     0.00000    -1.00000
           0           3           4           5
    11.55682    -2.06777   -12.65246
    -0.17639    -0.98432     0.00000
    -0.98432     0.17639     0.00000
    -0.00000     0.00000    -1.00000
           0           3           5           1
    10.11392     1.39293    12.82067
     0.13709    -0.99056     0.00000
    -0.99056    -0.13709     0.00000
    -0.00000    -0.00000    -1.00000
           0           3           5           2
    10.11392     1.39293     6.44527
     0.13709    -0.99056     0.00000
    -0.99056    -0.13709     0.00000
    -0.00000    -0.00000    -1.00000
           0           3           5           3
    10.11392     1.39293     0.06987
     0.13709    -0.99056     0.00000
    -0.99056    -0.13709     0.00000
    -0.00000    -0.00000    -1.00000
           0           3           5           4
    10.11392     1.39293    -6.30553
     0.13709    -0.99056     0.00000
    -0.99056    -0.13709     0.00000
    -0.00000    -0.00000    -1.00000
           0           3           5           5
    10.11392     1.39293   -12.68093
     0.13709    -0.99056     0.00000
    -0.99056    -0.13709     0.00000
    -0.00000    -0.00000    -1.00000
           0           3           6           1
    11.73294     5.47472    12.87148
     0.42327    -0.90600     0.00000
    -0.90600    -0.42327     0.00000
    -0.00000    -0.00000    -1.00000
           0           3           6           2
    11.73294     5.47472     6.49608
     0.42327    -0.90600     0.00000
    -0.90600    -0.42327     0.00000
    -0.00000    -0.00000    -1.00000
           0           3           6           3
    11.73294     5.47472     0.12068
     0.42327    -0.90600     0.00000
    -0.90600    -0.42327     0.00000
    -0.00000    -0.00000    -1.00000
           0           3           6           4
    11.73294     5.47472    -6.25472
     0.42327    -0.90600     0.00000
    -0.90600    -0.42327     0.00000
    -0.00000    -0.00000    -1.00000
           0           3           6           5
    11.73294     5.47472   -12.63012
     0.42327    -0.90600     0.00000
    -0.90600    -0.42327     0.00000
    -0.00000    -0.00000    -1.00000
           0           3           7           1
     8.86769     7.69243    12.85205
     0.65738    -0.75356     0.00000
    -0.75356    -0.65738     0.00000
    -0.00000    -0.00000    -1.00000
           0           3           7           2
     8.86769     7.69243     6.47665
     0.65738    -0.75356     0.00000
    -0.75356    -0.65738     0.00000
    -0.00000    -0.00000    -1.00000
           0           3           7           3
     8.86769     7.69243     0.10124
     0.65738    -0.75356     0.00000
    -0.75356    -0.65738     0.00000
    -0.00000    -0.00000    -1.00000
           0           3           7           4
     8.86769     7.69243    -6.27416
     0.65738    -0.75356     0.00000
    -0.75356    -0.65738     0.00000
    -0.00000    -0.00000    -1.00000
           0           3           7           5
     8.86769     7.69243   -12.64955
     0.65738    -0.75356     0.00000
    -0.75356    -0.65738     0.00000
    -0.00000    -0.00000    -1.00000
           0           3           8           1
     5.32703     8.86953    12.84286
     0.85842    -0.51295     0.00000
    -0.51295    -0.85842     0.00000
    -0.00000    -0.00000    -1.00000
           0           3           8           2
     5.32703     8.86953     6.46746
     0.85842    -0.51295     0.00000
    -0.51295    -0.85842     0.00000
    -0.00000    -0.00000    -1.00000
           0           3           8           3
     5.32703     8.86953     0.09206
     0.85842    -0.51295     0.00000
    -0.51295    -0.85842     0.00000
    -0.00000    -0.00000    -1.00000
           0           3           8           4
     5.32703     8.86953    -6.28334
     0.85842    -0.51295     0.00000
    -0.51295    -0.85842     0.00000
    -0.00000    -0.00000    -1.00000
           0           3           8           5
     5.32703     8.86953   -12.65874
     0.85842    -0.51295     0.00000
    -0.51295    -0.85842     0.00000
    -0.00000    -0.00000    -1.00000
           0           3           9           1
    -5.32407     8.90148   -12.79836
    -0.85793    -0.51376     0.00000
     0.51376    -0.85793     0.00000
    -0.00000     0.00000     1.00000
           0           3           9           2
    -5.32407     8.90148    -6.42296
    -0.85793    -0.51376     0.00000
     0.51376    -0.85793     0.00000
    -0.00000     0.00000     1.00000
           0           3           9           3
    -5.32407     8.90148    -0.04755
    -0.85793    -0.51376     0.00000
     0.51376    -0.85793     0.00000
    -0.00000     0.00000     1.00000
           0           3           9           4
    -5.32407     8.90148     6.32785
    -0.85793    -0.51376     0.00000
     0.51376    -0.85793     0.00000
    -0.00000     0.00000     1.00000
           0           3           9           5
    -5.32407     8.90148    12.70325
    -0.85793    -0.51376     0.00000
     0.51376    -0.85793     0.00000
    -0.00000     0.00000     1.00000
           0           3          10           1
    -8.83185     7.71590   -12.77222
    -0.65675    -0.75411    -0.00000
     0.75411    -0.65675    -0.00000
     0.00000    -0.00000     1.00000
           0           3          10           2
    -8.83185     7.71590    -6.39682
    -0.65675    -0.75411    -0.00000
     0.75411    -0.65675    -0.00000
     0.00000    -0.00000     1.00000
           0           3          10           3
    -8.83185     7.71590    -0.02142
    -0.65675    -0.75411    -0.00000
     0.75411    -0.65675    -0.00000
     0.00000    -0.00000     1.00000
           0           3          10           4
    -8.83185     7.71590     6.35398
    -0.65675    -0.75411    -0.00000
     0.75411    -0.65675    -0.00000
     0.00000    -0.00000     1.00000
           0           3          10           5
    -8.83185     7.71590    12.72938
    -0.65675    -0.75411    -0.00000
     0.75411    -0.65675    -0.00000
     0.00000    -0.00000     1.00000
           0           3          11           1
   -11.61244     5.43890   -12.78160
    -0.42258    -0.90633    -0.00000
     0.90633    -0.42258    -0.00000
     0.00000    -0.00000     1.00000
           0           3          11           2
   -11.61244     5.43890    -6.40620
    -0.42258    -0.90633    -0.00000
     0.90633    -0.42258    -0.00000
     0.00000    -0.00000     1.00000
           0           3          11           3
   -11.61244     5.43890    -0.03080
    -0.42258    -0.90633    -0.00000
     0.90633    -0.42258    -0.00000
     0.00000    -0.00000     1.00000
           0           3          11           4
   -11.61244     5.43890     6.34460
    -0.42258    -0.90633    -0.00000
     0.90633    -0.42258    -0.00000
     0.00000    -0.00000     1.00000
           0           3          11           5
   -11.61244     5.43890    12.72000
    -0.42258    -0.90633    -0.00000
     0.90633    -0.42258    -0.00000
     0.00000    -0.00000     1.00000
           0           3          12           1
   -10.28577     1.43259   -12.76569
    -0.13615    -0.99069    -0.00000
     0.99069    -0.13615    -0.00000
     0.00000    -0.00000     1.00000
           0           3          12           2
   -10.28577     1.43259    -6.39029
    -0.13615    -0.99069    -0.00000
     0.99069    -0.13615    -0.00000
     0.00000    -0.00000     1.00000
           0           3          12           3
   -10.28577     1.43259    -0.01489
    -0.13615    -0.99069    -0.00000
     0.99069    -0.13615    -0.00000
     0.00000    -0.00000     1.00000
           0           3          12           4
   -10.28577     1.43259     6.36051
    -0.13615    -0.99069    -0.00000
     0.99069    -0.13615    -0.00000
     0.00000    -0.00000     1.00000
           0           3          12           5
   -10.28577     1.43259    12.73591
    -0.13615    -0.99069    -0.00000
     0.99069    -0.13615    -0.00000
     0.00000    -0.00000     1.00000
           0           3          13           1
   -11.49643    -2.02259   -12.77377
     0.17722    -0.98417    -0.00000
     0.98417     0.17722    -0.00000
     0.00000     0.00000     1.00000
           0           3          13           2
   -11.49643    -2.02259    -6.39837
     0.17722    -0.98417    -0.00000
     0.98417     0.17722    -0.00000
     0.00000     0.00000     1.00000
           0           3          13           3
   -11.49643    -2.02259    -0.02297
     0.17722    -0.98417    -0.00000
     0.98417     0.17722    -0.00000
     0.00000     0.00000     1.00000
           0           3          13           4
   -11.49643    -2.02259     6.35243
     0.17722    -0.98417    -0.00000
     0.98417     0.17722    -0.00000
     0.00000     0.00000     1.00000
           0           3          13           5
   -11.49643    -2.02259    12.72783
     0.17722    -0.98417    -0.00000
     0.98417     0.17722    -0.00000
     0.00000     0.00000     1.00000
           0           3          14           1
   -11.50777    -5.62925   -12.80091
     0.44248    -0.89678    -0.00000
     0.89678     0.44248    -0.00000
     0.00000     0.00000     1.00000
           0           3          14           2
   -11.50777    -5.62925    -6.42551
     0.44248    -0.89678    -0.00000
     0.89678     0.44248    -0.00000
     0.00000     0.00000     1.00000
           0           3          14           3
   -11.50777    -5.62925    -0.05011
     0.44248    -0.89678    -0.00000
     0.89678     0.44248    -0.00000
     0.00000     0.00000     1.00000
           0           3          14           4
   -11.50777    -5.62925     6.32529
     0.44248    -0.89678    -0.00000
     0.89678     0.44248    -0.00000
     0.00000     0.00000     1.00000
           0           3          14           5
   -11.50777    -5.62925    12.70069
     0.44248    -0.89678    -0.00000
     0.89678     0.44248    -0.00000
     0.00000     0.00000     1.00000
           0           3          15           1
    -7.52274    -7.07544   -12.77447
     0.68754    -0.72615    -0.00000
     0.72615     0.68754    -0.00000
     0.00000     0.00000     1.00000
           0           3          15           2
    -7.52274    -7.07544    -6.39907
     0.68754    -0.72615    -0.00000
     0.72615     0.68754    -0.00000
     0.00000     0.00000     1.00000
           0           3          15           3
    -7.52274    -7.07544    -0.02367
     0.68754    -0.72615    -0.00000
     0.72615     0.68754    -0.00000
     0.00000     0.00000     1.00000
           0           3          15           4
    -7.52274    -7.07544     6.35173
     0.68754    -0.72615    -0.00000
     0.72615     0.68754    -0.00000
     0.00000     0.00000     1.00000
           0           3          15           5
    -7.52274    -7.07544    12.72713
     0.68754    -0.72615    -0.00000
     0.72615     0.68754    -0.00000
     0.00000     0.00000     1.00000
           0           3          16           1
    -5.75520   -10.40130   -12.76680
     0.87855    -0.47766    -0.00000
     0.47766     0.87855    -0.00000
     0.00000     0.00000     1.00000
           0           3          16           2
    -5.75520   -10.40130    -6.39140
     0.87855    -0.47766    -0.00000
     0.47766     0.87855    -0.00000
     0.00000     0.00000     1.00000
           0           3          16           3
