 SVX cage parameters:
     2.20000
     0.50000     0.20000
     0.00000
           6
   -40.00000   -26.50000   -26.50000    26.50000    26.50000    40.00000
    53.00000    53.00000    22.14782    22.14782    53.00000    53.00000
     0.00000     0.00000     0.00000
 SVX barrel parameters:
           4
     2.63000     5.19260    11.76500    16.68700     1.14100
     0.00000     0.00000     0.00000     0.00000
           4           4           5           6
     0.69600     0.69600     1.74500     1.74500
     0.01000     0.01000     0.03125     0.03125
     2.83600     2.83600     3.18770     3.18770
     0.01900     0.01900     0.00000     0.00000
     0.02000     0.02000     0.00000     0.00000
    26.70000    13.62600    17.00000    12.00000
   -13.00000   -12.98000     0.00000     0.00000
           2
           5           5
     0.00000   180.00000
           2
          10          10
     0.00000   180.00000
           2
           8           8
     0.00000   180.00000
           2
          12          12
     0.00000   180.00000
 SVX barrel sensor rotation matrices and translation vectors:
           0           1           1           1
     1.59997    -2.13125     8.68701
     0.63997     0.76840    -0.00000
    -0.76840     0.63997    -0.00000
    -0.00000     0.00000     1.00000
           0           1           1           2
     1.59997    -2.13125     2.99502
     0.63997     0.76840    -0.00000
    -0.76840     0.63997    -0.00000
    -0.00000     0.00000     1.00000
           0           1           1           3
     1.59997    -2.13125    -2.69700
     0.63997     0.76840    -0.00000
    -0.76840     0.63997    -0.00000
    -0.00000     0.00000     1.00000
           0           1           1           4
     1.59997    -2.13125    -8.38900
     0.63997     0.76840    -0.00000
    -0.76840     0.63997    -0.00000
    -0.00000     0.00000     1.00000
           0           1           2           1
     2.37375    -1.19275     8.68685
     0.22688     0.97392    -0.00000
    -0.97392     0.22688    -0.00000
     0.00000     0.00000     1.00000
           0           1           2           2
     2.37375    -1.19275     2.99486
     0.22688     0.97392    -0.00000
    -0.97392     0.22688    -0.00000
     0.00000     0.00000     1.00000
           0           1           2           3
     2.37375    -1.19275    -2.69715
     0.22688     0.97392    -0.00000
    -0.97392     0.22688    -0.00000
     0.00000     0.00000     1.00000
           0           1           2           4
     2.37375    -1.19275    -8.38915
     0.22688     0.97392    -0.00000
    -0.97392     0.22688    -0.00000
     0.00000     0.00000     1.00000
           0           1           3           1
     2.63466    -0.00492     8.67945
    -0.23474     0.97206     0.00000
    -0.97206    -0.23474     0.00000
     0.00000     0.00000     1.00000
           0           1           3           2
     2.63466    -0.00492     2.98746
    -0.23474     0.97206     0.00000
    -0.97206    -0.23474     0.00000
     0.00000     0.00000     1.00000
           0           1           3           3
     2.63466    -0.00492    -2.70455
    -0.23474     0.97206     0.00000
    -0.97206    -0.23474     0.00000
     0.00000     0.00000     1.00000
           0           1           3           4
     2.63466    -0.00492    -8.39655
    -0.23474     0.97206     0.00000
    -0.97206    -0.23474     0.00000
     0.00000     0.00000     1.00000
           0           1           4           1
     2.34694     1.18062     8.68522
    -0.64729     0.76225     0.00000
    -0.76225    -0.64729     0.00000
     0.00000     0.00000     1.00000
           0           1           4           2
     2.34694     1.18062     2.99323
    -0.64729     0.76225     0.00000
    -0.76225    -0.64729     0.00000
     0.00000     0.00000     1.00000
           0           1           4           3
     2.34694     1.18062    -2.69878
    -0.64729     0.76225     0.00000
    -0.76225    -0.64729     0.00000
     0.00000     0.00000     1.00000
           0           1           4           4
     2.34694     1.18062    -8.39078
    -0.64729     0.76225     0.00000
    -0.76225    -0.64729     0.00000
     0.00000     0.00000     1.00000
           0           1           5           1
     1.54593     2.09203     8.67209
    -0.92080     0.39003     0.00000
    -0.39003    -0.92080     0.00000
     0.00000     0.00000     1.00000
           0           1           5           2
     1.54593     2.09203     2.98010
    -0.92080     0.39003     0.00000
    -0.39003    -0.92080     0.00000
     0.00000     0.00000     1.00000
           0           1           5           3
     1.54593     2.09203    -2.71191
    -0.92080     0.39003     0.00000
    -0.39003    -0.92080     0.00000
     0.00000     0.00000     1.00000
           0           1           5           4
     1.54593     2.09203    -8.40391
    -0.92080     0.39003     0.00000
    -0.39003    -0.92080     0.00000
     0.00000     0.00000     1.00000
           0           1           6           1
    -1.53878     2.07472    -8.53541
     0.92082     0.39000     0.00000
     0.39000    -0.92082     0.00000
     0.00000    -0.00000    -1.00000
           0           1           6           2
    -1.53878     2.07472    -2.84341
     0.92082     0.39000     0.00000
     0.39000    -0.92082     0.00000
     0.00000    -0.00000    -1.00000
           0           1           6           3
    -1.53878     2.07472     2.84859
     0.92082     0.39000     0.00000
     0.39000    -0.92082     0.00000
     0.00000    -0.00000    -1.00000
           0           1           6           4
    -1.53878     2.07472     8.54059
     0.92082     0.39000     0.00000
     0.39000    -0.92082     0.00000
     0.00000    -0.00000    -1.00000
           0           1           7           1
    -2.31786     1.16166    -8.53545
     0.64709     0.76241     0.00000
     0.76241    -0.64709     0.00000
     0.00000    -0.00000    -1.00000
           0           1           7           2
    -2.31786     1.16166    -2.84345
     0.64709     0.76241     0.00000
     0.76241    -0.64709     0.00000
     0.00000    -0.00000    -1.00000
           0           1           7           3
    -2.31786     1.16166     2.84855
     0.64709     0.76241     0.00000
     0.76241    -0.64709     0.00000
     0.00000    -0.00000    -1.00000
           0           1           7           4
    -2.31786     1.16166     8.54055
     0.64709     0.76241     0.00000
     0.76241    -0.64709     0.00000
     0.00000    -0.00000    -1.00000
           0           1           8           1
    -2.61821     0.00434    -8.54885
     0.23515     0.97196    -0.00000
     0.97196    -0.23515    -0.00000
    -0.00000     0.00000    -1.00000
           0           1           8           2
    -2.61821     0.00434    -2.85685
     0.23515     0.97196    -0.00000
     0.97196    -0.23515    -0.00000
    -0.00000     0.00000    -1.00000
           0           1           8           3
    -2.61821     0.00434     2.83515
     0.23515     0.97196    -0.00000
     0.97196    -0.23515    -0.00000
    -0.00000     0.00000    -1.00000
           0           1           8           4
    -2.61821     0.00434     8.52715
     0.23515     0.97196    -0.00000
     0.97196    -0.23515    -0.00000
    -0.00000     0.00000    -1.00000
           0           1           9           1
    -2.35730    -1.17136    -8.53208
    -0.22662     0.97398    -0.00000
     0.97398     0.22662    -0.00000
    -0.00000    -0.00000    -1.00000
           0           1           9           2
    -2.35730    -1.17136    -2.84008
    -0.22662     0.97398    -0.00000
     0.97398     0.22662    -0.00000
    -0.00000    -0.00000    -1.00000
           0           1           9           3
    -2.35730    -1.17136     2.85192
    -0.22662     0.97398    -0.00000
     0.97398     0.22662    -0.00000
    -0.00000    -0.00000    -1.00000
           0           1           9           4
    -2.35730    -1.17136     8.54392
    -0.22662     0.97398    -0.00000
     0.97398     0.22662    -0.00000
    -0.00000    -0.00000    -1.00000
           0           1          10           1
    -1.60959    -2.11409    -8.53065
    -0.64099     0.76755    -0.00000
     0.76755     0.64099    -0.00000
    -0.00000    -0.00000    -1.00000
           0           1          10           2
    -1.60959    -2.11409    -2.83865
    -0.64099     0.76755    -0.00000
     0.76755     0.64099    -0.00000
    -0.00000    -0.00000    -1.00000
           0           1          10           3
    -1.60959    -2.11409     2.85335
    -0.64099     0.76755    -0.00000
     0.76755     0.64099    -0.00000
    -0.00000    -0.00000    -1.00000
           0           1          10           4
    -1.60959    -2.11409     8.54535
    -0.64099     0.76755    -0.00000
     0.76755     0.64099    -0.00000
    -0.00000    -0.00000    -1.00000
           0           2           1           1
     2.53443    -4.56965     8.68253
     0.74595     0.66600    -0.00000
    -0.66600     0.74595    -0.00000
    -0.00000     0.00000     1.00000
           0           2           1           2
     2.53443    -4.56965     2.99054
     0.74595     0.66600    -0.00000
    -0.66600     0.74595    -0.00000
    -0.00000     0.00000     1.00000
           0           2           1           3
     2.53443    -4.56965    -2.70146
     0.74595     0.66600    -0.00000
    -0.66600     0.74595    -0.00000
    -0.00000     0.00000     1.00000
           0           2           1           4
     2.53443    -4.56965    -8.39347
     0.74595     0.66600    -0.00000
    -0.66600     0.74595    -0.00000
    -0.00000     0.00000     1.00000
           0           2           2           1
     3.53554    -3.86316     8.68879
     0.56810     0.82296    -0.00000
    -0.82296     0.56810    -0.00000
    -0.00000     0.00000     1.00000
           0           2           2           2
     3.53554    -3.86316     2.99679
     0.56810     0.82296    -0.00000
    -0.82296     0.56810    -0.00000
    -0.00000     0.00000     1.00000
           0           2           2           3
     3.53554    -3.86316    -2.69521
     0.56810     0.82296    -0.00000
    -0.82296     0.56810    -0.00000
    -0.00000     0.00000     1.00000
           0           2           2           4
     3.53554    -3.86316    -8.38721
     0.56810     0.82296    -0.00000
    -0.82296     0.56810    -0.00000
    -0.00000     0.00000     1.00000
           0           2           3           1
     4.34250    -2.93163     8.67519
     0.35828     0.93361    -0.00000
    -0.93361     0.35828    -0.00000
    -0.00000     0.00000     1.00000
           0           2           3           2
     4.34250    -2.93163     2.98318
     0.35828     0.93361    -0.00000
    -0.93361     0.35828    -0.00000
    -0.00000     0.00000     1.00000
           0           2           3           3
     4.34250    -2.93163    -2.70882
     0.35828     0.93361    -0.00000
    -0.93361     0.35828    -0.00000
    -0.00000     0.00000     1.00000
           0           2           3           4
     4.34250    -2.93163    -8.40082
     0.35828     0.93361    -0.00000
    -0.93361     0.35828    -0.00000
    -0.00000     0.00000     1.00000
           0           2           4           1
     4.90150    -1.83142     8.67630
     0.12899     0.99165    -0.00000
    -0.99165     0.12899    -0.00000
     0.00000     0.00000     1.00000
           0           2           4           2
     4.90150    -1.83142     2.98430
     0.12899     0.99165    -0.00000
    -0.99165     0.12899    -0.00000
     0.00000     0.00000     1.00000
           0           2           4           3
     4.90150    -1.83142    -2.70770
     0.12899     0.99165    -0.00000
    -0.99165     0.12899    -0.00000
     0.00000     0.00000     1.00000
           0           2           4           4
     4.90150    -1.83142    -8.39970
     0.12899     0.99165    -0.00000
    -0.99165     0.12899    -0.00000
     0.00000     0.00000     1.00000
           0           2           5           1
     5.19358    -0.62782     8.67185
    -0.10860     0.99409     0.00000
    -0.99409    -0.10860     0.00000
     0.00000     0.00000     1.00000
           0           2           5           2
     5.19358    -0.62782     2.97985
    -0.10860     0.99409     0.00000
    -0.99409    -0.10860     0.00000
     0.00000     0.00000     1.00000
           0           2           5           3
     5.19358    -0.62782    -2.71215
    -0.10860     0.99409     0.00000
    -0.99409    -0.10860     0.00000
     0.00000     0.00000     1.00000
           0           2           5           4
     5.19358    -0.62782    -8.40416
    -0.10860     0.99409     0.00000
    -0.99409    -0.10860     0.00000
     0.00000     0.00000     1.00000
           0           2           6           1
     5.17573     0.59905     8.65512
    -0.33960     0.94057     0.00000
    -0.94057    -0.33960     0.00000
     0.00000     0.00000     1.00000
           0           2           6           2
     5.17573     0.59905     2.96312
    -0.33960     0.94057     0.00000
    -0.94057    -0.33960     0.00000
     0.00000     0.00000     1.00000
           0           2           6           3
     5.17573     0.59905    -2.72888
    -0.33960     0.94057     0.00000
    -0.94057    -0.33960     0.00000
     0.00000     0.00000     1.00000
           0           2           6           4
     5.17573     0.59905    -8.42088
    -0.33960     0.94057     0.00000
    -0.94057    -0.33960     0.00000
     0.00000     0.00000     1.00000
           0           2           7           1
     4.90033     1.81494     8.67618
    -0.55210     0.83378     0.00000
    -0.83378    -0.55210     0.00000
     0.00000     0.00000     1.00000
           0           2           7           2
     4.90033     1.81494     2.98418
    -0.55210     0.83378     0.00000
    -0.83378    -0.55210     0.00000
     0.00000     0.00000     1.00000
           0           2           7           3
     4.90033     1.81494    -2.70782
    -0.55210     0.83378     0.00000
    -0.83378    -0.55210     0.00000
     0.00000     0.00000     1.00000
           0           2           7           4
     4.90033     1.81494    -8.39982
    -0.55210     0.83378     0.00000
    -0.83378    -0.55210     0.00000
     0.00000     0.00000     1.00000
           0           2           8           1
     4.32701     2.89709     8.67377
    -0.73322     0.67999     0.00000
    -0.67999    -0.73322     0.00000
     0.00000     0.00000     1.00000
           0           2           8           2
     4.32701     2.89709     2.98177
    -0.73322     0.67999     0.00000
    -0.67999    -0.73322     0.00000
     0.00000     0.00000     1.00000
           0           2           8           3
     4.32701     2.89709    -2.71023
    -0.73322     0.67999     0.00000
    -0.67999    -0.73322     0.00000
     0.00000     0.00000     1.00000
           0           2           8           4
     4.32701     2.89709    -8.40223
    -0.73322     0.67999     0.00000
    -0.67999    -0.73322     0.00000
     0.00000     0.00000     1.00000
           0           2           9           1
     3.51531     3.82690     8.66320
    -0.87287     0.48795     0.00000
    -0.48795    -0.87287     0.00000
     0.00000     0.00000     1.00000
           0           2           9           2
     3.51531     3.82690     2.97120
    -0.87287     0.48795     0.00000
    -0.48795    -0.87287     0.00000
     0.00000     0.00000     1.00000
           0           2           9           3
     3.51531     3.82690    -2.72080
    -0.87287     0.48795     0.00000
    -0.48795    -0.87287     0.00000
     0.00000     0.00000     1.00000
           0           2           9           4
     3.51531     3.82690    -8.41280
    -0.87287     0.48795     0.00000
    -0.48795    -0.87287     0.00000
     0.00000     0.00000     1.00000
           0           2          10           1
     2.50350     4.51838     8.67662
    -0.96307     0.26924     0.00000
    -0.26924    -0.96307     0.00000
     0.00000     0.00000     1.00000
           0           2          10           2
     2.50350     4.51838     2.98462
    -0.96307     0.26924     0.00000
    -0.26924    -0.96307     0.00000
     0.00000     0.00000     1.00000
           0           2          10           3
     2.50350     4.51838    -2.70738
    -0.96307     0.26924     0.00000
    -0.26924    -0.96307     0.00000
     0.00000     0.00000     1.00000
           0           2          10           4
     2.50350     4.51838    -8.39938
    -0.96307     0.26924     0.00000
    -0.26924    -0.96307     0.00000
     0.00000     0.00000     1.00000
           0           2          11           1
    -2.48196     4.51830    -8.54608
     0.96362     0.26727     0.00000
     0.26727    -0.96362     0.00000
     0.00000    -0.00000    -1.00000
           0           2          11           2
    -2.48196     4.51830    -2.85408
     0.96362     0.26727     0.00000
     0.26727    -0.96362     0.00000
     0.00000    -0.00000    -1.00000
           0           2          11           3
    -2.48196     4.51830     2.83791
     0.96362     0.26727     0.00000
     0.26727    -0.96362     0.00000
     0.00000    -0.00000    -1.00000
           0           2          11           4
    -2.48196     4.51830     8.52992
     0.96362     0.26727     0.00000
     0.26727    -0.96362     0.00000
     0.00000    -0.00000    -1.00000
           0           2          12           1
    -3.51177     3.83693    -8.54709
     0.87351     0.48681     0.00000
     0.48681    -0.87351     0.00000
     0.00000    -0.00000    -1.00000
           0           2          12           2
    -3.51177     3.83693    -2.85509
     0.87351     0.48681     0.00000
     0.48681    -0.87351     0.00000
     0.00000    -0.00000    -1.00000
           0           2          12           3
    -3.51177     3.83693     2.83691
     0.87351     0.48681     0.00000
     0.48681    -0.87351     0.00000
     0.00000    -0.00000    -1.00000
           0           2          12           4
    -3.51177     3.83693     8.52891
     0.87351     0.48681     0.00000
     0.48681    -0.87351     0.00000
     0.00000    -0.00000    -1.00000
           0           2          13           1
    -4.28482     2.88625    -8.55083
     0.73441     0.67870     0.00000
     0.67870    -0.73441     0.00000
     0.00000    -0.00000    -1.00000
           0           2          13           2
    -4.28482     2.88625    -2.85883
     0.73441     0.67870     0.00000
     0.67870    -0.73441     0.00000
     0.00000    -0.00000    -1.00000
           0           2          13           3
    -4.28482     2.88625     2.83317
     0.73441     0.67870     0.00000
     0.67870    -0.73441     0.00000
     0.00000    -0.00000    -1.00000
           0           2          13           4
    -4.28482     2.88625     8.52517
     0.73441     0.67870     0.00000
     0.67870    -0.73441     0.00000
     0.00000    -0.00000    -1.00000
           0           2          14           1
    -4.84831     1.79933    -8.54854
     0.55348     0.83286     0.00000
     0.83286    -0.55348     0.00000
     0.00000    -0.00000    -1.00000
           0           2          14           2
    -4.84831     1.79933    -2.85654
     0.55348     0.83286     0.00000
     0.83286    -0.55348     0.00000
     0.00000    -0.00000    -1.00000
           0           2          14           3
    -4.84831     1.79933     2.83546
     0.55348     0.83286     0.00000
     0.83286    -0.55348     0.00000
     0.00000    -0.00000    -1.00000
           0           2          14           4
    -4.84831     1.79933     8.52746
     0.55348     0.83286     0.00000
     0.83286    -0.55348     0.00000
     0.00000    -0.00000    -1.00000
           0           2          15           1
    -5.14379     0.61788    -8.55041
     0.34221     0.93962    -0.00000
     0.93962    -0.34221    -0.00000
    -0.00000     0.00000    -1.00000
           0           2          15           2
    -5.14379     0.61788    -2.85841
     0.34221     0.93962    -0.00000
     0.93962    -0.34221    -0.00000
    -0.00000     0.00000    -1.00000
           0           2          15           3
    -5.14379     0.61788     2.83359
     0.34221     0.93962    -0.00000
     0.93962    -0.34221    -0.00000
    -0.00000     0.00000    -1.00000
           0           2          15           4
    -5.14379     0.61788     8.52559
     0.34221     0.93962    -0.00000
     0.93962    -0.34221    -0.00000
    -0.00000     0.00000    -1.00000
           0           2          16           1
    -5.15584    -0.60503    -8.54393
     0.11040     0.99389    -0.00000
     0.99389    -0.11040    -0.00000
    -0.00000     0.00000    -1.00000
           0           2          16           2
    -5.15584    -0.60503    -2.85193
     0.11040     0.99389    -0.00000
     0.99389    -0.11040    -0.00000
    -0.00000     0.00000    -1.00000
           0           2          16           3
    -5.15584    -0.60503     2.84007
     0.11040     0.99389    -0.00000
     0.99389    -0.11040    -0.00000
    -0.00000     0.00000    -1.00000
           0           2          16           4
    -5.15584    -0.60503     8.53207
     0.11040     0.99389    -0.00000
     0.99389    -0.11040    -0.00000
    -0.00000     0.00000    -1.00000
           0           2          17           1
    -4.87682    -1.79646    -8.54549
    -0.12623     0.99200    -0.00000
     0.99200     0.12623    -0.00000
    -0.00000    -0.00000    -1.00000
           0           2          17           2
    -4.87682    -1.79646    -2.85349
    -0.12623     0.99200    -0.00000
     0.99200     0.12623    -0.00000
    -0.00000    -0.00000    -1.00000
           0           2          17           3
    -4.87682    -1.79646     2.83851
    -0.12623     0.99200    -0.00000
     0.99200     0.12623    -0.00000
    -0.00000    -0.00000    -1.00000
           0           2          17           4
    -4.87682    -1.79646     8.53051
    -0.12623     0.99200    -0.00000
     0.99200     0.12623    -0.00000
    -0.00000    -0.00000    -1.00000
           0           2          18           1
    -4.32527    -2.89326    -8.54693
    -0.35647     0.93431    -0.00000
     0.93431     0.35647    -0.00000
    -0.00000    -0.00000    -1.00000
           0           2          18           2
    -4.32527    -2.89326    -2.85493
    -0.35647     0.93431    -0.00000
     0.93431     0.35647    -0.00000
    -0.00000    -0.00000    -1.00000
           0           2          18           3
    -4.32526    -2.89326     2.83707
    -0.35647     0.93431    -0.00000
     0.93431     0.35647    -0.00000
    -0.00000    -0.00000    -1.00000
           0           2          18           4
    -4.32526    -2.89326     8.52907
    -0.35647     0.93431    -0.00000
     0.93431     0.35647    -0.00000
    -0.00000    -0.00000    -1.00000
           0           2          19           1
    -3.53481    -3.82800    -8.53975
    -0.56674     0.82390    -0.00000
     0.82390     0.56674    -0.00000
    -0.00000    -0.00000    -1.00000
           0           2          19           2
    -3.53481    -3.82800    -2.84775
    -0.56674     0.82390    -0.00000
     0.82390     0.56674    -0.00000
    -0.00000    -0.00000    -1.00000
           0           2          19           3
    -3.53481    -3.82800     2.84425
    -0.56674     0.82390    -0.00000
     0.82390     0.56674    -0.00000
    -0.00000    -0.00000    -1.00000
           0           2          19           4
    -3.53481    -3.82800     8.53625
    -0.56674     0.82390    -0.00000
     0.82390     0.56674    -0.00000
    -0.00000    -0.00000    -1.00000
           0           2          20           1
    -2.55522    -4.55438    -8.53948
    -0.74539     0.66662    -0.00000
     0.66662     0.74539    -0.00000
    -0.00000    -0.00000    -1.00000
           0           2          20           2
    -2.55522    -4.55438    -2.84748
    -0.74539     0.66662    -0.00000
     0.66662     0.74539    -0.00000
    -0.00000    -0.00000    -1.00000
           0           2          20           3
    -2.55522    -4.55438     2.84452
    -0.74539     0.66662    -0.00000
     0.66662     0.74539    -0.00000
    -0.00000    -0.00000    -1.00000
           0           2          20           4
    -2.55522    -4.55438     8.53652
    -0.74539     0.66662    -0.00000
     0.66662     0.74539    -0.00000
    -0.00000    -0.00000    -1.00000
           0           3           1           1
     5.67251   -10.33890    12.84510
    -0.87813    -0.47842     0.00000
    -0.47842     0.87813     0.00000
    -0.00000     0.00000    -1.00000
           0           3           1           2
     5.67251   -10.33890     6.46970
    -0.87813    -0.47842     0.00000
    -0.47842     0.87813     0.00000
    -0.00000     0.00000    -1.00000
           0           3           1           3
     5.67251   -10.33890     0.09430
    -0.87813    -0.47842     0.00000
    -0.47842     0.87813     0.00000
    -0.00000     0.00000    -1.00000
           0           3           1           4
     5.67251   -10.33890    -6.28110
    -0.87813    -0.47842     0.00000
    -0.47842     0.87813     0.00000
    -0.00000     0.00000    -1.00000
           0           3           1           5
     5.67251   -10.33890   -12.65650
    -0.87813    -0.47842     0.00000
    -0.47842     0.87813     0.00000
    -0.00000     0.00000    -1.00000
           0           3           2           1
     7.59039    -7.16322    12.83617
    -0.68670    -0.72694     0.00000
    -0.72694     0.68670     0.00000
    -0.00000     0.00000    -1.00000
           0           3           2           2
     7.59039    -7.16322     6.46077
    -0.68670    -0.72694     0.00000
    -0.72694     0.68670     0.00000
    -0.00000     0.00000    -1.00000
           0           3           2           3
     7.59039    -7.16322     0.08537
    -0.68670    -0.72694     0.00000
    -0.72694     0.68670     0.00000
    -0.00000     0.00000    -1.00000
           0           3           2           4
     7.59039    -7.16322    -6.29003
    -0.68670    -0.72694     0.00000
    -0.72694     0.68670     0.00000
    -0.00000     0.00000    -1.00000
           0           3           2           5
     7.59039    -7.16322   -12.66543
    -0.68670    -0.72694     0.00000
    -0.72694     0.68670     0.00000
    -0.00000     0.00000    -1.00000
           0           3           3           1
    11.54091    -5.67696    12.83573
    -0.44196    -0.89704     0.00000
    -0.89704     0.44196     0.00000
    -0.00000     0.00000    -1.00000
           0           3           3           2
    11.54091    -5.67696     6.46033
    -0.44196    -0.89704     0.00000
    -0.89704     0.44196     0.00000
    -0.00000     0.00000    -1.00000
           0           3           3           3
    11.54090    -5.67696     0.08493
    -0.44196    -0.89704     0.00000
    -0.89704     0.44196     0.00000
    -0.00000     0.00000    -1.00000
           0           3           3           4
    11.54090    -5.67696    -6.29047
    -0.44196    -0.89704     0.00000
    -0.89704     0.44196     0.00000
    -0.00000     0.00000    -1.00000
           0           3           3           5
    11.54090    -5.67696   -12.66587
    -0.44196    -0.89704     0.00000
    -0.89704     0.44196     0.00000
    -0.00000     0.00000    -1.00000
           0           3           4           1
    11.59107    -2.07942    12.84495
    -0.17684    -0.98424     0.00000
    -0.98424     0.17684     0.00000
    -0.00000     0.00000    -1.00000
           0           3           4           2
    11.59107    -2.07942     6.46954
    -0.17684    -0.98424     0.00000
    -0.98424     0.17684     0.00000
    -0.00000     0.00000    -1.00000
           0           3           4           3
    11.59107    -2.07942     0.09414
    -0.17684    -0.98424     0.00000
    -0.98424     0.17684     0.00000
    -0.00000     0.00000    -1.00000
           0           3           4           4
    11.59107    -2.07942    -6.28126
    -0.17684    -0.98424     0.00000
    -0.98424     0.17684     0.00000
    -0.00000     0.00000    -1.00000
           0           3           4           5
    11.59107    -2.07942   -12.65666
    -0.17684    -0.98424     0.00000
    -0.98424     0.17684     0.00000
    -0.00000     0.00000    -1.00000
           0           3           5           1
    10.17503     1.39719    12.81311
     0.13669    -0.99061     0.00000
    -0.99061    -0.13669     0.00000
    -0.00000    -0.00000    -1.00000
           0           3           5           2
    10.17503     1.39719     6.43771
     0.13669    -0.99061     0.00000
    -0.99061    -0.13669     0.00000
    -0.00000    -0.00000    -1.00000
           0           3           5           3
    10.17503     1.39719     0.06231
     0.13669    -0.99061     0.00000
    -0.99061    -0.13669     0.00000
    -0.00000    -0.00000    -1.00000
           0           3           5           4
    10.17503     1.39719    -6.31309
     0.13669    -0.99061     0.00000
    -0.99061    -0.13669     0.00000
    -0.00000    -0.00000    -1.00000
           0           3           5           5
    10.17503     1.39719   -12.68849
     0.13669    -0.99061     0.00000
    -0.99061    -0.13669     0.00000
    -0.00000    -0.00000    -1.00000
           0           3           6           1
    11.70031     5.46432    12.87082
     0.42358    -0.90586     0.00000
    -0.90586    -0.42358     0.00000
    -0.00000    -0.00000    -1.00000
           0           3           6           2
    11.70031     5.46432     6.49542
     0.42358    -0.90586     0.00000
    -0.90586    -0.42358     0.00000
    -0.00000    -0.00000    -1.00000
           0           3           6           3
    11.70031     5.46432     0.12002
     0.42358    -0.90586     0.00000
    -0.90586    -0.42358     0.00000
    -0.00000    -0.00000    -1.00000
           0           3           6           4
    11.70031     5.46432    -6.25538
     0.42358    -0.90586     0.00000
    -0.90586    -0.42358     0.00000
    -0.00000    -0.00000    -1.00000
           0           3           6           5
    11.70031     5.46432   -12.63078
     0.42358    -0.90586     0.00000
    -0.90586    -0.42358     0.00000
    -0.00000    -0.00000    -1.00000
           0           3           7           1
     8.88255     7.71406    12.85413
     0.65780    -0.75319     0.00000
    -0.75319    -0.65780     0.00000
    -0.00000    -0.00000    -1.00000
           0           3           7           2
     8.88255     7.71406     6.47873
     0.65780    -0.75319     0.00000
    -0.75319    -0.65780     0.00000
    -0.00000    -0.00000    -1.00000
           0           3           7           3
     8.88255     7.71406     0.10332
     0.65780    -0.75319     0.00000
    -0.75319    -0.65780     0.00000
    -0.00000    -0.00000    -1.00000
           0           3           7           4
     8.88255     7.71406    -6.27208
     0.65780    -0.75319     0.00000
    -0.75319    -0.65780     0.00000
    -0.00000    -0.00000    -1.00000
           0           3           7           5
     8.88255     7.71406   -12.64747
     0.65780    -0.75319     0.00000
    -0.75319    -0.65780     0.00000
    -0.00000    -0.00000    -1.00000
           0           3           8           1
     5.32359     8.86202    12.84068
     0.85837    -0.51303     0.00000
    -0.51303    -0.85837     0.00000
    -0.00000    -0.00000    -1.00000
           0           3           8           2
     5.32359     8.86202     6.46528
     0.85837    -0.51303     0.00000
    -0.51303    -0.85837     0.00000
    -0.00000    -0.00000    -1.00000
           0           3           8           3
     5.32359     8.86202     0.08988
     0.85837    -0.51303     0.00000
    -0.51303    -0.85837     0.00000
    -0.00000    -0.00000    -1.00000
           0           3           8           4
     5.32359     8.86202    -6.28552
     0.85837    -0.51303     0.00000
    -0.51303    -0.85837     0.00000
    -0.00000    -0.00000    -1.00000
           0           3           8           5
     5.32359     8.86202   -12.66092
     0.85837    -0.51303     0.00000
    -0.51303    -0.85837     0.00000
    -0.00000    -0.00000    -1.00000
           0           3           9           1
    -5.30744     8.87564   -12.77945
    -0.85798    -0.51368     0.00000
     0.51368    -0.85798     0.00000
     0.00000     0.00000     1.00000
           0           3           9           2
    -5.30744     8.87564    -6.40405
    -0.85798    -0.51368     0.00000
     0.51368    -0.85798     0.00000
     0.00000     0.00000     1.00000
           0           3           9           3
    -5.30744     8.87564    -0.02864
    -0.85798    -0.51368     0.00000
     0.51368    -0.85798     0.00000
     0.00000     0.00000     1.00000
           0           3           9           4
    -5.30744     8.87564     6.34676
    -0.85798    -0.51368     0.00000
     0.51368    -0.85798     0.00000
     0.00000     0.00000     1.00000
           0           3           9           5
    -5.30744     8.87564    12.72216
    -0.85798    -0.51368     0.00000
     0.51368    -0.85798     0.00000
     0.00000     0.00000     1.00000
           0           3          10           1
    -8.82440     7.71144   -12.77152
    -0.65685    -0.75402    -0.00000
     0.75402    -0.65685    -0.00000
     0.00000    -0.00000     1.00000
           0           3          10           2
    -8.82440     7.71144    -6.39612
    -0.65685    -0.75402    -0.00000
     0.75402    -0.65685    -0.00000
     0.00000    -0.00000     1.00000
           0           3          10           3
    -8.82440     7.71144    -0.02072
    -0.65685    -0.75402    -0.00000
     0.75402    -0.65685    -0.00000
     0.00000    -0.00000     1.00000
           0           3          10           4
    -8.82440     7.71144     6.35468
    -0.65685    -0.75402    -0.00000
     0.75402    -0.65685    -0.00000
     0.00000    -0.00000     1.00000
           0           3          10           5
    -8.82440     7.71144    12.73008
    -0.65685    -0.75402    -0.00000
     0.75402    -0.65685    -0.00000
     0.00000    -0.00000     1.00000
           0           3          11           1
   -11.60163     5.43315   -12.78195
    -0.42253    -0.90635    -0.00000
     0.90635    -0.42253    -0.00000
     0.00000     0.00000     1.00000
           0           3          11           2
   -11.60163     5.43315    -6.40655
    -0.42253    -0.90635    -0.00000
     0.90635    -0.42253    -0.00000
     0.00000     0.00000     1.00000
           0           3          11           3
   -11.60163     5.43315    -0.03115
    -0.42253    -0.90635    -0.00000
     0.90635    -0.42253    -0.00000
     0.00000     0.00000     1.00000
           0           3          11           4
   -11.60163     5.43315     6.34425
    -0.42253    -0.90635    -0.00000
     0.90635    -0.42253    -0.00000
     0.00000     0.00000     1.00000
           0           3          11           5
   -11.60163     5.43315    12.71965
    -0.42253    -0.90635    -0.00000
     0.90635    -0.42253    -0.00000
     0.00000     0.00000     1.00000
           0           3          12           1
   -10.24845     1.42824   -12.76510
    -0.13623    -0.99068    -0.00000
     0.99068    -0.13623    -0.00000
     0.00000    -0.00000     1.00000
           0           3          12           2
   -10.24845     1.42824    -6.38970
    -0.13623    -0.99068    -0.00000
     0.99068    -0.13623    -0.00000
     0.00000    -0.00000     1.00000
           0           3          12           3
   -10.24845     1.42824    -0.01430
    -0.13623    -0.99068    -0.00000
     0.99068    -0.13623    -0.00000
     0.00000    -0.00000     1.00000
           0           3          12           4
   -10.24845     1.42824     6.36110
    -0.13623    -0.99068    -0.00000
     0.99068    -0.13623    -0.00000
     0.00000    -0.00000     1.00000
           0           3          12           5
   -10.24845     1.42824    12.73650
    -0.13623    -0.99068    -0.00000
     0.99068    -0.13623    -0.00000
     0.00000    -0.00000     1.00000
           0           3          13           1
   -11.51607    -2.02877   -12.77696
     0.17745    -0.98413    -0.00000
     0.98413     0.17745    -0.00000
     0.00000     0.00000     1.00000
           0           3          13           2
   -11.51607    -2.02877    -6.40156
     0.17745    -0.98413    -0.00000
     0.98413     0.17745    -0.00000
     0.00000     0.00000     1.00000
           0           3          13           3
   -11.51607    -2.02877    -0.02616
     0.17745    -0.98413    -0.00000
     0.98413     0.17745    -0.00000
     0.00000     0.00000     1.00000
           0           3          13           4
   -11.51607    -2.02877     6.34924
     0.17745    -0.98413    -0.00000
     0.98413     0.17745    -0.00000
     0.00000     0.00000     1.00000
           0           3          13           5
   -11.51607    -2.02877    12.72464
     0.17745    -0.98413    -0.00000
     0.98413     0.17745    -0.00000
     0.00000     0.00000     1.00000
           0           3          14           1
   -11.50747    -5.62735   -12.80118
     0.44237    -0.89683    -0.00000
     0.89683     0.44237    -0.00000
     0.00000     0.00000     1.00000
           0           3          14           2
   -11.50747    -5.62735    -6.42578
     0.44237    -0.89683    -0.00000
     0.89683     0.44237    -0.00000
     0.00000     0.00000     1.00000
           0           3          14           3
   -11.50747    -5.62735    -0.05038
     0.44237    -0.89683    -0.00000
     0.89683     0.44237    -0.00000
     0.00000     0.00000     1.00000
           0           3          14           4
   -11.50747    -5.62735     6.32503
     0.44237    -0.89683    -0.00000
     0.89683     0.44237    -0.00000
     0.00000     0.00000     1.00000
           0           3          14           5
   -11.50747    -5.62735    12.70043
     0.44237    -0.89683    -0.00000
     0.89683     0.44237    -0.00000
     0.00000     0.00000     1.00000
           0           3          15           1
    -7.51097    -7.06431   -12.77382
     0.68754    -0.72615    -0.00000
     0.72615     0.68754    -0.00000
     0.00000     0.00000     1.00000
           0           3          15           2
    -7.51097    -7.06431    -6.39842
     0.68754    -0.72615    -0.00000
     0.72615     0.68754    -0.00000
     0.00000     0.00000     1.00000
           0           3          15           3
    -7.51097    -7.06431    -0.02302
     0.68754    -0.72615    -0.00000
     0.72615     0.68754    -0.00000
     0.00000     0.00000     1.00000
           0           3          15           4
    -7.51097    -7.06431     6.35238
     0.68754    -0.72615    -0.00000
     0.72615     0.68754    -0.00000
     0.00000     0.00000     1.00000
           0           3          15           5
    -7.51097    -7.06431    12.72778
     0.68754    -0.72615    -0.00000
     0.72615     0.68754    -0.00000
     0.00000     0.00000     1.00000
           0           3          16           1
    -5.72004   -10.33201   -12.76581
     0.87843    -0.47786    -0.00000
     0.47786     0.87843    -0.00000
     0.00000     0.00000     1.00000
           0           3          16           2
    -5.72004   -10.33201    -6.39041
     0.87843    -0.47786    -0.00000
     0.47786     0.87843    -0.00000
     0.00000     0.00000     1.00000
           0           3          16           3
