 SVX cage parameters:
     2.20000
     0.50000     0.20000
     0.00000
           6
   -40.00000   -26.50000   -26.50000    26.50000    26.50000    40.00000
    53.00000    53.00000    22.14782    22.14782    53.00000    53.00000
     0.00000     0.00000     0.00000
 SVX barrel parameters:
           4
     2.63000     5.19260    11.76500    16.68700     1.14100
     0.00000     0.00000     0.00000     0.00000
           4           4           5           6
     0.69600     0.69600     1.74500     1.74500
     0.01000     0.01000     0.03125     0.03125
     2.83600     2.83600     3.18770     3.18770
     0.01900     0.01900     0.00000     0.00000
     0.02000     0.02000     0.00000     0.00000
    26.70000    13.62600    17.00000    12.00000
   -13.00000   -12.98000     0.00000     0.00000
           2
           5           5
     0.00000   180.00000
           2
          10          10
     0.00000   180.00000
           2
           8           8
     0.00000   180.00000
           2
          12          12
     0.00000   180.00000
 SVX barrel sensor rotation matrices and translation vectors:
           0           1           1           1
     1.60445    -2.11293     8.68754
     0.63652     0.77126     0.00000
    -0.77126     0.63652     0.00000
     0.00000     0.00000     1.00000
           0           1           1           2
     1.60445    -2.11293     2.99555
     0.63652     0.77126     0.00000
    -0.77126     0.63652     0.00000
     0.00000     0.00000     1.00000
           0           1           1           3
     1.60445    -2.11293    -2.69647
     0.63652     0.77126     0.00000
    -0.77126     0.63652     0.00000
     0.00000     0.00000     1.00000
           0           1           1           4
     1.60445    -2.11293    -8.38847
     0.63652     0.77126     0.00000
    -0.77126     0.63652     0.00000
     0.00000     0.00000     1.00000
           0           1           2           1
     2.35481    -1.16422     8.68842
     0.22206     0.97503     0.00000
    -0.97503     0.22206     0.00000
     0.00000     0.00000     1.00000
           0           1           2           2
     2.35481    -1.16422     2.99643
     0.22206     0.97503     0.00000
    -0.97503     0.22206     0.00000
     0.00000     0.00000     1.00000
           0           1           2           3
     2.35481    -1.16422    -2.69558
     0.22206     0.97503     0.00000
    -0.97503     0.22206     0.00000
     0.00000     0.00000     1.00000
           0           1           2           4
     2.35481    -1.16422    -8.38758
     0.22206     0.97503     0.00000
    -0.97503     0.22206     0.00000
     0.00000     0.00000     1.00000
           0           1           3           1
     2.61479     0.01316     8.68080
    -0.23978     0.97083     0.00000
    -0.97083    -0.23978     0.00000
     0.00000     0.00000     1.00000
           0           1           3           2
     2.61479     0.01316     2.98881
    -0.23978     0.97083     0.00000
    -0.97083    -0.23978     0.00000
     0.00000     0.00000     1.00000
           0           1           3           3
     2.61479     0.01316    -2.70320
    -0.23978     0.97083     0.00000
    -0.97083    -0.23978     0.00000
     0.00000     0.00000     1.00000
           0           1           3           4
     2.61479     0.01316    -8.39520
    -0.23978     0.97083     0.00000
    -0.97083    -0.23978     0.00000
     0.00000     0.00000     1.00000
           0           1           4           1
     2.34237     1.19510     8.68725
    -0.65046     0.75954     0.00000
    -0.75954    -0.65046     0.00000
     0.00000     0.00000     1.00000
           0           1           4           2
     2.34237     1.19510     2.99526
    -0.65046     0.75954     0.00000
    -0.75954    -0.65046     0.00000
     0.00000     0.00000     1.00000
           0           1           4           3
     2.34237     1.19510    -2.69675
    -0.65046     0.75954     0.00000
    -0.75954    -0.65046     0.00000
     0.00000     0.00000     1.00000
           0           1           4           4
     2.34237     1.19510    -8.38875
    -0.65046     0.75954     0.00000
    -0.75954    -0.65046     0.00000
     0.00000     0.00000     1.00000
           0           1           5           1
     1.52831     2.09056     8.67063
    -0.92239     0.38625     0.00000
    -0.38625    -0.92239     0.00000
     0.00000     0.00000     1.00000
           0           1           5           2
     1.52831     2.09056     2.97864
    -0.92239     0.38625     0.00000
    -0.38625    -0.92239     0.00000
     0.00000     0.00000     1.00000
           0           1           5           3
     1.52831     2.09056    -2.71337
    -0.92239     0.38625     0.00000
    -0.38625    -0.92239     0.00000
     0.00000     0.00000     1.00000
           0           1           5           4
     1.52831     2.09056    -8.40537
    -0.92239     0.38625     0.00000
    -0.38625    -0.92239     0.00000
     0.00000     0.00000     1.00000
           0           1           6           1
    -1.53962     2.08107    -8.55427
     0.92149     0.38839     0.00000
     0.38839    -0.92149     0.00000
     0.00000    -0.00000    -1.00000
           0           1           6           2
    -1.53962     2.08107    -2.86227
     0.92149     0.38839     0.00000
     0.38839    -0.92149     0.00000
     0.00000    -0.00000    -1.00000
           0           1           6           3
    -1.53962     2.08107     2.82973
     0.92149     0.38839     0.00000
     0.38839    -0.92149     0.00000
     0.00000    -0.00000    -1.00000
           0           1           6           4
    -1.53962     2.08107     8.52173
     0.92149     0.38839     0.00000
     0.38839    -0.92149     0.00000
     0.00000    -0.00000    -1.00000
           0           1           7           1
    -2.33029     1.17163    -8.55325
     0.64868     0.76106     0.00000
     0.76106    -0.64868     0.00000
     0.00000    -0.00000    -1.00000
           0           1           7           2
    -2.33029     1.17163    -2.86125
     0.64868     0.76106     0.00000
     0.76106    -0.64868     0.00000
     0.00000    -0.00000    -1.00000
           0           1           7           3
    -2.33029     1.17163     2.83075
     0.64868     0.76106     0.00000
     0.76106    -0.64868     0.00000
     0.00000    -0.00000    -1.00000
           0           1           7           4
    -2.33029     1.17163     8.52275
     0.64868     0.76106     0.00000
     0.76106    -0.64868     0.00000
     0.00000    -0.00000    -1.00000
           0           1           8           1
    -2.64403     0.00841    -8.56417
     0.23750     0.97139     0.00000
     0.97139    -0.23750    -0.00000
    -0.00000     0.00000    -1.00000
           0           1           8           2
    -2.64403     0.00841    -2.87217
     0.23750     0.97139     0.00000
     0.97139    -0.23750    -0.00000
    -0.00000     0.00000    -1.00000
           0           1           8           3
    -2.64403     0.00841     2.81983
     0.23750     0.97139     0.00000
     0.97139    -0.23750    -0.00000
    -0.00000     0.00000    -1.00000
           0           1           8           4
    -2.64403     0.00841     8.51183
     0.23750     0.97139     0.00000
     0.97139    -0.23750    -0.00000
    -0.00000     0.00000    -1.00000
           0           1           9           1
    -2.36950    -1.17282    -8.54747
    -0.22432     0.97451     0.00000
     0.97451     0.22432    -0.00000
    -0.00000    -0.00000    -1.00000
           0           1           9           2
    -2.36950    -1.17282    -2.85547
    -0.22432     0.97451     0.00000
     0.97451     0.22432    -0.00000
    -0.00000    -0.00000    -1.00000
           0           1           9           3
    -2.36950    -1.17282     2.83653
    -0.22432     0.97451     0.00000
     0.97451     0.22432    -0.00000
    -0.00000    -0.00000    -1.00000
           0           1           9           4
    -2.36950    -1.17282     8.52853
    -0.22432     0.97451     0.00000
     0.97451     0.22432    -0.00000
    -0.00000    -0.00000    -1.00000
           0           1          10           1
    -1.63305    -2.13163    -8.54554
    -0.63828     0.76980     0.00000
     0.76980     0.63828    -0.00000
    -0.00000    -0.00000    -1.00000
           0           1          10           2
    -1.63305    -2.13163    -2.85354
    -0.63828     0.76980     0.00000
     0.76980     0.63828    -0.00000
    -0.00000    -0.00000    -1.00000
           0           1          10           3
    -1.63305    -2.13163     2.83846
    -0.63828     0.76980     0.00000
     0.76980     0.63828    -0.00000
    -0.00000    -0.00000    -1.00000
           0           1          10           4
    -1.63305    -2.13163     8.53046
    -0.63828     0.76980     0.00000
     0.76980     0.63828    -0.00000
    -0.00000    -0.00000    -1.00000
           0           2           1           1
     2.54910    -4.54467     8.68247
     0.74304     0.66925     0.00000
    -0.66925     0.74304     0.00000
     0.00000     0.00000     1.00000
           0           2           1           2
     2.54910    -4.54467     2.99048
     0.74304     0.66925     0.00000
    -0.66925     0.74304     0.00000
     0.00000     0.00000     1.00000
           0           2           1           3
     2.54910    -4.54467    -2.70152
     0.74304     0.66925     0.00000
    -0.66925     0.74304     0.00000
     0.00000     0.00000     1.00000
           0           2           1           4
     2.54910    -4.54467    -8.39353
     0.74304     0.66925     0.00000
    -0.66925     0.74304     0.00000
     0.00000     0.00000     1.00000
           0           2           2           1
     3.54090    -3.83046     8.68721
     0.56446     0.82546     0.00000
    -0.82546     0.56446     0.00000
     0.00000     0.00000     1.00000
           0           2           2           2
     3.54090    -3.83046     2.99521
     0.56446     0.82546     0.00000
    -0.82546     0.56446     0.00000
     0.00000     0.00000     1.00000
           0           2           2           3
     3.54090    -3.83046    -2.69679
     0.56446     0.82546     0.00000
    -0.82546     0.56446     0.00000
     0.00000     0.00000     1.00000
           0           2           2           4
     3.54090    -3.83046    -8.38879
     0.56446     0.82546     0.00000
    -0.82546     0.56446     0.00000
     0.00000     0.00000     1.00000
           0           2           3           1
     4.31587    -2.88122     8.67635
     0.35411     0.93520     0.00000
    -0.93520     0.35411     0.00000
     0.00000     0.00000     1.00000
           0           2           3           2
     4.31587    -2.88122     2.98435
     0.35411     0.93520     0.00000
    -0.93520     0.35411     0.00000
     0.00000     0.00000     1.00000
           0           2           3           3
     4.31587    -2.88122    -2.70765
     0.35411     0.93520     0.00000
    -0.93520     0.35411     0.00000
     0.00000     0.00000     1.00000
           0           2           3           4
     4.31587    -2.88122    -8.39965
     0.35411     0.93520     0.00000
    -0.93520     0.35411     0.00000
     0.00000     0.00000     1.00000
           0           2           4           1
     4.86196    -1.78341     8.67823
     0.12383     0.99230     0.00000
    -0.99230     0.12383     0.00000
     0.00000     0.00000     1.00000
           0           2           4           2
     4.86196    -1.78341     2.98623
     0.12383     0.99230     0.00000
    -0.99230     0.12383     0.00000
     0.00000     0.00000     1.00000
           0           2           4           3
     4.86196    -1.78341    -2.70577
     0.12383     0.99230     0.00000
    -0.99230     0.12383     0.00000
     0.00000     0.00000     1.00000
           0           2           4           4
     4.86196    -1.78341    -8.39777
     0.12383     0.99230     0.00000
    -0.99230     0.12383     0.00000
     0.00000     0.00000     1.00000
           0           2           5           1
     5.16425    -0.59428     8.67423
    -0.11344     0.99355     0.00000
    -0.99355    -0.11344     0.00000
     0.00000     0.00000     1.00000
           0           2           5           2
     5.16425    -0.59428     2.98223
    -0.11344     0.99355     0.00000
    -0.99355    -0.11344     0.00000
     0.00000     0.00000     1.00000
           0           2           5           3
     5.16425    -0.59428    -2.70977
    -0.11344     0.99355     0.00000
    -0.99355    -0.11344     0.00000
     0.00000     0.00000     1.00000
           0           2           5           4
     5.16425    -0.59428    -8.40178
    -0.11344     0.99355     0.00000
    -0.99355    -0.11344     0.00000
     0.00000     0.00000     1.00000
           0           2           6           1
     5.09225     0.61974     8.65894
    -0.34430     0.93886     0.00000
    -0.93886    -0.34430     0.00000
     0.00000     0.00000     1.00000
           0           2           6           2
     5.09225     0.61974     2.96694
    -0.34430     0.93886     0.00000
    -0.93886    -0.34430     0.00000
     0.00000     0.00000     1.00000
           0           2           6           3
     5.09225     0.61974    -2.72506
    -0.34430     0.93886     0.00000
    -0.93886    -0.34430     0.00000
     0.00000     0.00000     1.00000
           0           2           6           4
     5.09225     0.61974    -8.41706
    -0.34430     0.93886     0.00000
    -0.93886    -0.34430     0.00000
     0.00000     0.00000     1.00000
           0           2           7           1
     4.89618     1.84267     8.67847
    -0.55580     0.83131     0.00000
    -0.83131    -0.55580     0.00000
     0.00000     0.00000     1.00000
           0           2           7           2
     4.89618     1.84267     2.98647
    -0.55580     0.83131     0.00000
    -0.83131    -0.55580     0.00000
     0.00000     0.00000     1.00000
           0           2           7           3
     4.89618     1.84267    -2.70553
    -0.55580     0.83131     0.00000
    -0.83131    -0.55580     0.00000
     0.00000     0.00000     1.00000
           0           2           7           4
     4.89618     1.84267    -8.39753
    -0.55580     0.83131     0.00000
    -0.83131    -0.55580     0.00000
     0.00000     0.00000     1.00000
           0           2           8           1
     4.31251     2.91752     8.67536
    -0.73600     0.67698     0.00000
    -0.67698    -0.73600     0.00000
     0.00000     0.00000     1.00000
           0           2           8           2
     4.31251     2.91752     2.98336
    -0.73600     0.67698     0.00000
    -0.67698    -0.73600     0.00000
     0.00000     0.00000     1.00000
           0           2           8           3
     4.31251     2.91752    -2.70864
    -0.73600     0.67698     0.00000
    -0.67698    -0.73600     0.00000
     0.00000     0.00000     1.00000
           0           2           8           4
     4.31251     2.91752    -8.40064
    -0.73600     0.67698     0.00000
    -0.67698    -0.73600     0.00000
     0.00000     0.00000     1.00000
           0           2           9           1
     3.46995     3.81178     8.66251
    -0.87477     0.48454     0.00000
    -0.48454    -0.87477     0.00000
     0.00000     0.00000     1.00000
           0           2           9           2
     3.46995     3.81178     2.97051
    -0.87477     0.48454     0.00000
    -0.48454    -0.87477     0.00000
     0.00000     0.00000     1.00000
           0           2           9           3
     3.46995     3.81178    -2.72149
    -0.87477     0.48454     0.00000
    -0.48454    -0.87477     0.00000
     0.00000     0.00000     1.00000
           0           2           9           4
     3.46995     3.81178    -8.41349
    -0.87477     0.48454     0.00000
    -0.48454    -0.87477     0.00000
     0.00000     0.00000     1.00000
           0           2          10           1
     2.46886     4.50901     8.67332
    -0.96430     0.26482     0.00000
    -0.26482    -0.96430     0.00000
     0.00000     0.00000     1.00000
           0           2          10           2
     2.46886     4.50901     2.98132
    -0.96430     0.26482     0.00000
    -0.26482    -0.96430     0.00000
     0.00000     0.00000     1.00000
           0           2          10           3
     2.46886     4.50901    -2.71068
    -0.96430     0.26482     0.00000
    -0.26482    -0.96430     0.00000
     0.00000     0.00000     1.00000
           0           2          10           4
     2.46886     4.50901    -8.40268
    -0.96430     0.26482     0.00000
    -0.26482    -0.96430     0.00000
     0.00000     0.00000     1.00000
           0           2          11           1
    -2.46283     4.50570    -8.56831
     0.96424     0.26505     0.00000
     0.26505    -0.96424     0.00000
     0.00000    -0.00000    -1.00000
           0           2          11           2
    -2.46283     4.50570    -2.87631
     0.96424     0.26505     0.00000
     0.26505    -0.96424     0.00000
     0.00000    -0.00000    -1.00000
           0           2          11           3
    -2.46283     4.50570     2.81568
     0.96424     0.26505     0.00000
     0.26505    -0.96424     0.00000
     0.00000    -0.00000    -1.00000
           0           2          11           4
    -2.46283     4.50570     8.50769
     0.96424     0.26505     0.00000
     0.26505    -0.96424     0.00000
     0.00000    -0.00000    -1.00000
           0           2          12           1
    -3.50268     3.84286    -8.56457
     0.87466     0.48474     0.00000
     0.48474    -0.87466     0.00000
     0.00000    -0.00000    -1.00000
           0           2          12           2
    -3.50268     3.84286    -2.87257
     0.87466     0.48474     0.00000
     0.48474    -0.87466     0.00000
     0.00000    -0.00000    -1.00000
           0           2          12           3
    -3.50268     3.84286     2.81943
     0.87466     0.48474     0.00000
     0.48474    -0.87466     0.00000
     0.00000    -0.00000    -1.00000
           0           2          12           4
    -3.50268     3.84286     8.51143
     0.87466     0.48474     0.00000
     0.48474    -0.87466     0.00000
     0.00000    -0.00000    -1.00000
           0           2          13           1
    -4.28717     2.89858    -8.56709
     0.73584     0.67716     0.00000
     0.67716    -0.73584     0.00000
     0.00000    -0.00000    -1.00000
           0           2          13           2
    -4.28717     2.89858    -2.87509
     0.73584     0.67716     0.00000
     0.67716    -0.73584     0.00000
     0.00000    -0.00000    -1.00000
           0           2          13           3
    -4.28717     2.89858     2.81691
     0.73584     0.67716     0.00000
     0.67716    -0.73584     0.00000
     0.00000    -0.00000    -1.00000
           0           2          13           4
    -4.28717     2.89858     8.50891
     0.73584     0.67716     0.00000
     0.67716    -0.73584     0.00000
     0.00000    -0.00000    -1.00000
           0           2          14           1
    -4.84311     1.80903    -8.56779
     0.55559     0.83146     0.00000
     0.83146    -0.55559     0.00000
     0.00000    -0.00000    -1.00000
           0           2          14           2
    -4.84311     1.80903    -2.87579
     0.55559     0.83146     0.00000
     0.83146    -0.55559     0.00000
     0.00000    -0.00000    -1.00000
           0           2          14           3
    -4.84311     1.80903     2.81621
     0.55559     0.83146     0.00000
     0.83146    -0.55559     0.00000
     0.00000    -0.00000    -1.00000
           0           2          14           4
    -4.84311     1.80903     8.50821
     0.55559     0.83146     0.00000
     0.83146    -0.55559     0.00000
     0.00000    -0.00000    -1.00000
           0           2          15           1
    -5.18936     0.63142    -8.56596
     0.34407     0.93894     0.00000
     0.93894    -0.34407    -0.00000
    -0.00000     0.00000    -1.00000
           0           2          15           2
    -5.18936     0.63142    -2.87396
     0.34407     0.93894     0.00000
     0.93894    -0.34407    -0.00000
    -0.00000     0.00000    -1.00000
           0           2          15           3
    -5.18936     0.63142     2.81804
     0.34407     0.93894     0.00000
     0.93894    -0.34407    -0.00000
    -0.00000     0.00000    -1.00000
           0           2          15           4
    -5.18936     0.63142     8.51004
     0.34407     0.93894     0.00000
     0.93894    -0.34407    -0.00000
    -0.00000     0.00000    -1.00000
           0           2          16           1
    -5.16679    -0.59396    -8.55964
     0.11319     0.99357     0.00000
     0.99357    -0.11319    -0.00000
    -0.00000     0.00000    -1.00000
           0           2          16           2
    -5.16679    -0.59396    -2.86764
     0.11319     0.99357     0.00000
     0.99357    -0.11319    -0.00000
    -0.00000     0.00000    -1.00000
           0           2          16           3
    -5.16679    -0.59396     2.82436
     0.11319     0.99357     0.00000
     0.99357    -0.11319    -0.00000
    -0.00000     0.00000    -1.00000
           0           2          16           4
    -5.16679    -0.59396     8.51636
     0.11319     0.99357     0.00000
     0.99357    -0.11319    -0.00000
    -0.00000     0.00000    -1.00000
           0           2          17           1
    -4.86848    -1.78375    -8.56109
    -0.12407     0.99227     0.00000
     0.99227     0.12407    -0.00000
    -0.00000    -0.00000    -1.00000
           0           2          17           2
    -4.86848    -1.78375    -2.86909
    -0.12407     0.99227     0.00000
     0.99227     0.12407    -0.00000
    -0.00000    -0.00000    -1.00000
           0           2          17           3
    -4.86848    -1.78375     2.82291
    -0.12407     0.99227     0.00000
     0.99227     0.12407    -0.00000
    -0.00000    -0.00000    -1.00000
           0           2          17           4
    -4.86848    -1.78375     8.51491
    -0.12407     0.99227     0.00000
     0.99227     0.12407    -0.00000
    -0.00000    -0.00000    -1.00000
           0           2          18           1
    -4.33202    -2.88586    -8.56367
    -0.35434     0.93512     0.00000
     0.93512     0.35434    -0.00000
    -0.00000    -0.00000    -1.00000
           0           2          18           2
    -4.33202    -2.88586    -2.87167
    -0.35434     0.93512     0.00000
     0.93512     0.35434    -0.00000
    -0.00000    -0.00000    -1.00000
           0           2          18           3
    -4.33201    -2.88586     2.82033
    -0.35434     0.93512     0.00000
     0.93512     0.35434    -0.00000
    -0.00000    -0.00000    -1.00000
           0           2          18           4
    -4.33201    -2.88586     8.51233
    -0.35434     0.93512     0.00000
     0.93512     0.35434    -0.00000
    -0.00000    -0.00000    -1.00000
           0           2          19           1
    -3.55922    -3.83743    -8.55583
    -0.56467     0.82532     0.00000
     0.82532     0.56467    -0.00000
    -0.00000    -0.00000    -1.00000
           0           2          19           2
    -3.55922    -3.83743    -2.86383
    -0.56467     0.82532     0.00000
     0.82532     0.56467    -0.00000
    -0.00000    -0.00000    -1.00000
           0           2          19           3
    -3.55922    -3.83743     2.82817
    -0.56467     0.82532     0.00000
     0.82532     0.56467    -0.00000
    -0.00000    -0.00000    -1.00000
           0           2          19           4
    -3.55922    -3.83743     8.52017
    -0.56467     0.82532     0.00000
     0.82532     0.56467    -0.00000
    -0.00000    -0.00000    -1.00000
           0           2          20           1
    -2.58463    -4.57386    -8.55603
    -0.74320     0.66907     0.00000
     0.66907     0.74320    -0.00000
    -0.00000    -0.00000    -1.00000
           0           2          20           2
    -2.58463    -4.57386    -2.86403
    -0.74320     0.66907     0.00000
     0.66907     0.74320    -0.00000
    -0.00000    -0.00000    -1.00000
           0           2          20           3
    -2.58463    -4.57386     2.82797
    -0.74320     0.66907     0.00000
     0.66907     0.74320    -0.00000
    -0.00000    -0.00000    -1.00000
           0           2          20           4
    -2.58463    -4.57386     8.51997
    -0.74320     0.66907     0.00000
     0.66907     0.74320    -0.00000
    -0.00000    -0.00000    -1.00000
           0           3           1           1
     5.71852   -10.30902    12.84521
    -0.87599    -0.48233     0.00000
    -0.48233     0.87599     0.00000
    -0.00000     0.00000    -1.00000
           0           3           1           2
     5.71852   -10.30902     6.46981
    -0.87599    -0.48233     0.00000
    -0.48233     0.87599     0.00000
    -0.00000     0.00000    -1.00000
           0           3           1           3
     5.71852   -10.30902     0.09441
    -0.87599    -0.48233     0.00000
    -0.48233     0.87599     0.00000
    -0.00000     0.00000    -1.00000
           0           3           1           4
     5.71852   -10.30902    -6.28099
    -0.87599    -0.48233     0.00000
    -0.48233     0.87599     0.00000
    -0.00000     0.00000    -1.00000
           0           3           1           5
     5.71852   -10.30902   -12.65639
    -0.87599    -0.48233     0.00000
    -0.48233     0.87599     0.00000
    -0.00000     0.00000    -1.00000
           0           3           2           1
     7.60574    -7.11185    12.83558
    -0.68358    -0.72988     0.00000
    -0.72988     0.68358     0.00000
    -0.00000     0.00000    -1.00000
           0           3           2           2
     7.60574    -7.11185     6.46018
    -0.68358    -0.72988     0.00000
    -0.72988     0.68358     0.00000
    -0.00000     0.00000    -1.00000
           0           3           2           3
     7.60574    -7.11185     0.08478
    -0.68358    -0.72988     0.00000
    -0.72988     0.68358     0.00000
    -0.00000     0.00000    -1.00000
           0           3           2           4
     7.60574    -7.11185    -6.29062
    -0.68358    -0.72988     0.00000
    -0.72988     0.68358     0.00000
    -0.00000     0.00000    -1.00000
           0           3           2           5
     7.60574    -7.11185   -12.66602
    -0.68358    -0.72988     0.00000
    -0.72988     0.68358     0.00000
    -0.00000     0.00000    -1.00000
           0           3           3           1
    11.51425    -5.59288    12.83251
    -0.43777    -0.89909     0.00000
    -0.89909     0.43777     0.00000
    -0.00000     0.00000    -1.00000
           0           3           3           2
    11.51425    -5.59288     6.45711
    -0.43777    -0.89909     0.00000
    -0.89909     0.43777     0.00000
    -0.00000     0.00000    -1.00000
           0           3           3           3
    11.51424    -5.59288     0.08171
    -0.43777    -0.89909     0.00000
    -0.89909     0.43777     0.00000
    -0.00000     0.00000    -1.00000
           0           3           3           4
    11.51424    -5.59288    -6.29369
    -0.43777    -0.89909     0.00000
    -0.89909     0.43777     0.00000
    -0.00000     0.00000    -1.00000
           0           3           3           5
    11.51424    -5.59288   -12.66909
    -0.43777    -0.89909     0.00000
    -0.89909     0.43777     0.00000
    -0.00000     0.00000    -1.00000
           0           3           4           1
    11.56596    -2.01144    12.85005
    -0.17197    -0.98510     0.00000
    -0.98510     0.17197     0.00000
    -0.00000     0.00000    -1.00000
           0           3           4           2
    11.56596    -2.01144     6.47464
    -0.17197    -0.98510     0.00000
    -0.98510     0.17197     0.00000
    -0.00000     0.00000    -1.00000
           0           3           4           3
    11.56596    -2.01144     0.09924
    -0.17197    -0.98510     0.00000
    -0.98510     0.17197     0.00000
    -0.00000     0.00000    -1.00000
           0           3           4           4
    11.56596    -2.01144    -6.27616
    -0.17197    -0.98510     0.00000
    -0.98510     0.17197     0.00000
    -0.00000     0.00000    -1.00000
           0           3           4           5
    11.56596    -2.01144   -12.65156
    -0.17197    -0.98510     0.00000
    -0.98510     0.17197     0.00000
    -0.00000     0.00000    -1.00000
           0           3           5           1
    10.10755     1.44276    12.82157
     0.14153    -0.98993     0.00000
    -0.98993    -0.14153     0.00000
    -0.00000    -0.00000    -1.00000
           0           3           5           2
    10.10755     1.44276     6.44617
     0.14153    -0.98993     0.00000
    -0.98993    -0.14153     0.00000
    -0.00000    -0.00000    -1.00000
           0           3           5           3
    10.10755     1.44276     0.07077
     0.14153    -0.98993     0.00000
    -0.98993    -0.14153     0.00000
    -0.00000    -0.00000    -1.00000
           0           3           5           4
    10.10755     1.44276    -6.30463
     0.14153    -0.98993     0.00000
    -0.98993    -0.14153     0.00000
    -0.00000    -0.00000    -1.00000
           0           3           5           5
    10.10755     1.44276   -12.68003
     0.14153    -0.98993     0.00000
    -0.98993    -0.14153     0.00000
    -0.00000    -0.00000    -1.00000
           0           3           6           1
    11.70825     5.53177    12.87238
     0.42733    -0.90410     0.00000
    -0.90410    -0.42733     0.00000
    -0.00000    -0.00000    -1.00000
           0           3           6           2
    11.70825     5.53177     6.49698
     0.42733    -0.90410     0.00000
    -0.90410    -0.42733     0.00000
    -0.00000    -0.00000    -1.00000
           0           3           6           3
    11.70825     5.53177     0.12158
     0.42733    -0.90410     0.00000
    -0.90410    -0.42733     0.00000
    -0.00000    -0.00000    -1.00000
           0           3           6           4
    11.70825     5.53177    -6.25382
     0.42733    -0.90410     0.00000
    -0.90410    -0.42733     0.00000
    -0.00000    -0.00000    -1.00000
           0           3           6           5
    11.70825     5.53177   -12.62922
     0.42733    -0.90410     0.00000
    -0.90410    -0.42733     0.00000
    -0.00000    -0.00000    -1.00000
           0           3           7           1
     8.83308     7.73660    12.85295
     0.66075    -0.75060     0.00000
    -0.75060    -0.66075     0.00000
    -0.00000    -0.00000    -1.00000
           0           3           7           2
     8.83308     7.73660     6.47755
     0.66075    -0.75060     0.00000
    -0.75060    -0.66075     0.00000
    -0.00000    -0.00000    -1.00000
           0           3           7           3
     8.83308     7.73660     0.10214
     0.66075    -0.75060     0.00000
    -0.75060    -0.66075     0.00000
    -0.00000    -0.00000    -1.00000
           0           3           7           4
     8.83308     7.73660    -6.27326
     0.66075    -0.75060     0.00000
    -0.75060    -0.66075     0.00000
    -0.00000    -0.00000    -1.00000
           0           3           7           5
     8.83308     7.73660   -12.64865
     0.66075    -0.75060     0.00000
    -0.75060    -0.66075     0.00000
    -0.00000    -0.00000    -1.00000
           0           3           8           1
     5.28718     8.89781    12.84376
     0.86071    -0.50909     0.00000
    -0.50909    -0.86071     0.00000
    -0.00000    -0.00000    -1.00000
           0           3           8           2
     5.28718     8.89781     6.46836
     0.86071    -0.50909     0.00000
    -0.50909    -0.86071     0.00000
    -0.00000    -0.00000    -1.00000
           0           3           8           3
     5.28718     8.89781     0.09296
     0.86071    -0.50909     0.00000
    -0.50909    -0.86071     0.00000
    -0.00000    -0.00000    -1.00000
           0           3           8           4
     5.28718     8.89781    -6.28244
     0.86071    -0.50909     0.00000
    -0.50909    -0.86071     0.00000
    -0.00000    -0.00000    -1.00000
           0           3           8           5
     5.28718     8.89781   -12.65784
     0.86071    -0.50909     0.00000
    -0.50909    -0.86071     0.00000
    -0.00000    -0.00000    -1.00000
           0           3           9           1
    -5.30299     8.91169   -12.81584
    -0.85915    -0.51173     0.00000
     0.51173    -0.85915     0.00000
     0.00000     0.00000     1.00000
           0           3           9           2
    -5.30299     8.91169    -6.44044
    -0.85915    -0.51173     0.00000
     0.51173    -0.85915     0.00000
     0.00000     0.00000     1.00000
           0           3           9           3
    -5.30299     8.91169    -0.06503
    -0.85915    -0.51173     0.00000
     0.51173    -0.85915     0.00000
     0.00000     0.00000     1.00000
           0           3           9           4
    -5.30299     8.91169     6.31037
    -0.85915    -0.51173     0.00000
     0.51173    -0.85915     0.00000
     0.00000     0.00000     1.00000
           0           3           9           5
    -5.30299     8.91169    12.68577
    -0.85915    -0.51173     0.00000
     0.51173    -0.85915     0.00000
     0.00000     0.00000     1.00000
           0           3          10           1
    -8.81357     7.73442   -12.78970
    -0.65853    -0.75255     0.00000
     0.75255    -0.65853    -0.00000
     0.00000    -0.00000     1.00000
           0           3          10           2
    -8.81357     7.73442    -6.41430
    -0.65853    -0.75255     0.00000
     0.75255    -0.65853    -0.00000
     0.00000    -0.00000     1.00000
           0           3          10           3
    -8.81357     7.73442    -0.03890
    -0.65853    -0.75255     0.00000
     0.75255    -0.65853    -0.00000
     0.00000    -0.00000     1.00000
           0           3          10           4
    -8.81357     7.73442     6.33650
    -0.65853    -0.75255     0.00000
     0.75255    -0.65853    -0.00000
     0.00000    -0.00000     1.00000
           0           3          10           5
    -8.81357     7.73442    12.71190
    -0.65853    -0.75255     0.00000
     0.75255    -0.65853    -0.00000
     0.00000    -0.00000     1.00000
           0           3          11           1
   -11.59954     5.46401   -12.79908
    -0.42472    -0.90532     0.00000
     0.90532    -0.42472    -0.00000
     0.00000    -0.00000     1.00000
           0           3          11           2
   -11.59954     5.46401    -6.42368
    -0.42472    -0.90532     0.00000
     0.90532    -0.42472    -0.00000
     0.00000    -0.00000     1.00000
           0           3          11           3
   -11.59954     5.46401    -0.04828
    -0.42472    -0.90532     0.00000
     0.90532    -0.42472    -0.00000
     0.00000    -0.00000     1.00000
           0           3          11           4
   -11.59954     5.46401     6.32712
    -0.42472    -0.90532     0.00000
     0.90532    -0.42472    -0.00000
     0.00000    -0.00000     1.00000
           0           3          11           5
   -11.59954     5.46401    12.70252
    -0.42472    -0.90532     0.00000
     0.90532    -0.42472    -0.00000
     0.00000    -0.00000     1.00000
           0           3          12           1
   -10.28236     1.45457   -12.78317
    -0.13849    -0.99036     0.00000
     0.99036    -0.13849    -0.00000
     0.00000    -0.00000     1.00000
           0           3          12           2
   -10.28236     1.45457    -6.40777
    -0.13849    -0.99036     0.00000
     0.99036    -0.13849    -0.00000
     0.00000    -0.00000     1.00000
           0           3          12           3
   -10.28236     1.45457    -0.03237
    -0.13849    -0.99036     0.00000
     0.99036    -0.13849    -0.00000
     0.00000    -0.00000     1.00000
           0           3          12           4
   -10.28236     1.45457     6.34303
    -0.13849    -0.99036     0.00000
     0.99036    -0.13849    -0.00000
     0.00000    -0.00000     1.00000
           0           3          12           5
   -10.28236     1.45457    12.71843
    -0.13849    -0.99036     0.00000
     0.99036    -0.13849    -0.00000
     0.00000    -0.00000     1.00000
           0           3          13           1
   -11.50119    -1.99774   -12.79125
     0.17489    -0.98459    -0.00000
     0.98459     0.17489     0.00000
     0.00000     0.00000     1.00000
           0           3          13           2
   -11.50119    -1.99774    -6.41585
     0.17489    -0.98459    -0.00000
     0.98459     0.17489     0.00000
     0.00000     0.00000     1.00000
           0           3          13           3
   -11.50119    -1.99774    -0.04045
     0.17489    -0.98459    -0.00000
     0.98459     0.17489     0.00000
     0.00000     0.00000     1.00000
           0           3          13           4
   -11.50119    -1.99774     6.33495
     0.17489    -0.98459    -0.00000
     0.98459     0.17489     0.00000
     0.00000     0.00000     1.00000
           0           3          13           5
   -11.50119    -1.99774    12.71035
     0.17489    -0.98459    -0.00000
     0.98459     0.17489     0.00000
     0.00000     0.00000     1.00000
           0           3          14           1
   -11.52107    -5.60436   -12.81839
     0.44036    -0.89782    -0.00000
     0.89782     0.44036     0.00000
     0.00000     0.00000     1.00000
           0           3          14           2
   -11.52107    -5.60436    -6.44299
     0.44036    -0.89782    -0.00000
     0.89782     0.44036     0.00000
     0.00000     0.00000     1.00000
           0           3          14           3
   -11.52107    -5.60436    -0.06759
     0.44036    -0.89782    -0.00000
     0.89782     0.44036     0.00000
     0.00000     0.00000     1.00000
           0           3          14           4
   -11.52107    -5.60436     6.30781
     0.44036    -0.89782    -0.00000
     0.89782     0.44036     0.00000
     0.00000     0.00000     1.00000
           0           3          14           5
   -11.52107    -5.60436    12.68321
     0.44036    -0.89782    -0.00000
     0.89782     0.44036     0.00000
     0.00000     0.00000     1.00000
           0           3          15           1
    -7.53947    -7.05998   -12.79195
     0.68582    -0.72777    -0.00000
     0.72777     0.68582     0.00000
     0.00000     0.00000     1.00000
           0           3          15           2
    -7.53947    -7.05998    -6.41655
     0.68582    -0.72777    -0.00000
     0.72777     0.68582     0.00000
     0.00000     0.00000     1.00000
           0           3          15           3
    -7.53947    -7.05998    -0.04115
     0.68582    -0.72777    -0.00000
     0.72777     0.68582     0.00000
     0.00000     0.00000     1.00000
           0           3          15           4
    -7.53947    -7.05998     6.33425
     0.68582    -0.72777    -0.00000
     0.72777     0.68582     0.00000
     0.00000     0.00000     1.00000
           0           3          15           5
    -7.53947    -7.05998    12.70965
     0.68582    -0.72777    -0.00000
     0.72777     0.68582     0.00000
     0.00000     0.00000     1.00000
           0           3          16           1
    -5.77981   -10.39002   -12.78428
     0.87741    -0.47974    -0.00000
     0.47974     0.87741     0.00000
     0.00000     0.00000     1.00000
           0           3          16           2
    -5.77981   -10.39002    -6.40888
     0.87741    -0.47974    -0.00000
     0.47974     0.87741     0.00000
     0.00000     0.00000     1.00000
           0           3          16           3
