 SVX cage parameters:
     2.20000
     0.50000     0.20000
     0.00000
           6
   -40.00000   -26.50000   -26.50000    26.50000    26.50000    40.00000
    53.00000    53.00000    22.14782    22.14782    53.00000    53.00000
     0.00000     0.00000     0.00000
 SVX barrel parameters:
           4
     2.63000     5.19260    11.76500    16.68700     1.14100
     0.00000     0.00000     0.00000     0.00000
           4           4           5           6
     0.69600     0.69600     1.74500     1.74500
     0.01000     0.01000     0.03125     0.03125
     2.83600     2.83600     3.18770     3.18770
     0.01900     0.01900     0.00000     0.00000
     0.02000     0.02000     0.00000     0.00000
    26.70000    13.62600    17.00000    12.00000
   -13.00000   -12.98000     0.00000     0.00000
           2
           5           5
     0.00000   180.00000
           2
          10          10
     0.00000   180.00000
           2
           8           8
     0.00000   180.00000
           2
          12          12
     0.00000   180.00000
 SVX barrel sensor rotation matrices and translation vectors:
           0           1           1           1
     1.57917    -2.13147     8.66845
     0.63985     0.76850    -0.00000
    -0.76850     0.63985    -0.00034
    -0.00026     0.00022     1.00000
           0           1           1           2
     1.58543    -2.12701     2.97645
     0.63985     0.76850    -0.00000
    -0.76850     0.63985    -0.00034
    -0.00026     0.00022     1.00000
           0           1           1           3
     1.59169    -2.12256    -2.71554
     0.63985     0.76850    -0.00000
    -0.76850     0.63985    -0.00034
    -0.00026     0.00022     1.00000
           0           1           1           4
     1.59795    -2.11811    -8.40754
     0.63985     0.76850    -0.00000
    -0.76850     0.63985    -0.00034
    -0.00026     0.00022     1.00000
           0           1           2           1
     2.35098    -1.19257     8.67083
     0.22599     0.97413    -0.00000
    -0.97413     0.22599    -0.00089
    -0.00087     0.00020     1.00000
           0           1           2           2
     2.35723    -1.18812     2.97883
     0.22599     0.97413    -0.00000
    -0.97413     0.22599    -0.00089
    -0.00087     0.00020     1.00000
           0           1           2           3
     2.36349    -1.18366    -2.71316
     0.22599     0.97413    -0.00000
    -0.97413     0.22599    -0.00089
    -0.00087     0.00020     1.00000
           0           1           2           4
     2.36975    -1.17921    -8.40515
     0.22599     0.97413    -0.00000
    -0.97413     0.22599    -0.00089
    -0.00087     0.00020     1.00000
           0           1           3           1
     2.61820    -0.00921     8.66861
    -0.23528     0.97193    -0.00000
    -0.97193    -0.23528    -0.00125
    -0.00121    -0.00029     1.00000
           0           1           3           2
     2.62446    -0.00476     2.97662
    -0.23528     0.97193    -0.00000
    -0.97193    -0.23528    -0.00125
    -0.00121    -0.00029     1.00000
           0           1           3           3
     2.63072    -0.00031    -2.71538
    -0.23529     0.97193    -0.00000
    -0.97193    -0.23529    -0.00125
    -0.00121    -0.00029     1.00000
           0           1           3           4
     2.63698     0.00415    -8.40737
    -0.23529     0.97193    -0.00000
    -0.97193    -0.23529    -0.00125
    -0.00121    -0.00029     1.00000
           0           1           4           1
     2.32513     1.16966     8.67121
    -0.64696     0.76252    -0.00000
    -0.76252    -0.64696    -0.00134
    -0.00102    -0.00087     1.00000
           0           1           4           2
     2.33139     1.17412     2.97922
    -0.64697     0.76252    -0.00000
    -0.76252    -0.64696    -0.00134
    -0.00102    -0.00087     1.00000
           0           1           4           3
     2.33765     1.17857    -2.71278
    -0.64697     0.76252    -0.00000
    -0.76252    -0.64697    -0.00134
    -0.00102    -0.00087     1.00000
           0           1           4           4
     2.34391     1.18302    -8.40477
    -0.64697     0.76252    -0.00000
    -0.76252    -0.64697    -0.00134
    -0.00102    -0.00087     1.00000
           0           1           5           1
     1.53409     2.09066     8.66050
    -0.92053     0.39068    -0.00000
    -0.39068    -0.92053    -0.00115
    -0.00045    -0.00106     1.00000
           0           1           5           2
     1.54035     2.09511     2.96851
    -0.92053     0.39068    -0.00000
    -0.39068    -0.92053    -0.00115
    -0.00045    -0.00106     1.00000
           0           1           5           3
     1.54661     2.09956    -2.72349
    -0.92053     0.39068    -0.00000
    -0.39068    -0.92053    -0.00115
    -0.00045    -0.00106     1.00000
           0           1           5           4
     1.55287     2.10401    -8.41548
    -0.92053     0.39068    -0.00000
    -0.39068    -0.92053    -0.00115
    -0.00045    -0.00106     1.00000
           0           1           6           1
    -1.56104     2.09222    -8.55432
     0.92024     0.39136    -0.00000
     0.39136    -0.92024    -0.00088
    -0.00034     0.00081    -1.00000
           0           1           6           2
    -1.55847     2.08789    -2.86233
     0.92023     0.39137    -0.00000
     0.39137    -0.92023    -0.00088
    -0.00034     0.00081    -1.00000
           0           1           6           3
    -1.55591     2.08355     2.82967
     0.92023     0.39137    -0.00000
     0.39137    -0.92023    -0.00088
    -0.00034     0.00081    -1.00000
           0           1           6           4
    -1.55335     2.07921     8.52167
     0.92023     0.39137    -0.00000
     0.39137    -0.92023    -0.00088
    -0.00034     0.00081    -1.00000
           0           1           7           1
    -2.34893     1.18002    -8.55225
     0.64729     0.76224    -0.00000
     0.76224    -0.64729    -0.00084
    -0.00064     0.00054    -1.00000
           0           1           7           2
    -2.34637     1.17569    -2.86025
     0.64729     0.76224    -0.00000
     0.76224    -0.64729    -0.00084
    -0.00064     0.00054    -1.00000
           0           1           7           3
    -2.34380     1.17136     2.83175
     0.64729     0.76224    -0.00000
     0.76224    -0.64729    -0.00084
    -0.00064     0.00054    -1.00000
           0           1           7           4
    -2.34124     1.16703     8.52374
     0.64729     0.76224    -0.00000
     0.76224    -0.64729    -0.00084
    -0.00064     0.00054    -1.00000
           0           1           8           1
    -2.64440     0.00787    -8.56429
     0.23634     0.97167    -0.00000
     0.97167    -0.23634    -0.00062
    -0.00060     0.00015    -1.00000
           0           1           8           2
    -2.64185     0.00355    -2.87228
     0.23634     0.97167    -0.00000
     0.97167    -0.23634    -0.00062
    -0.00060     0.00015    -1.00000
           0           1           8           3
    -2.63929    -0.00078     2.81972
     0.23634     0.97167    -0.00000
     0.97167    -0.23634    -0.00062
    -0.00060     0.00015    -1.00000
           0           1           8           4
    -2.63673    -0.00510     8.51171
     0.23634     0.97167    -0.00000
     0.97167    -0.23634    -0.00062
    -0.00060     0.00015    -1.00000
           0           1           9           1
    -2.37545    -1.17563    -8.55078
    -0.22663     0.97398    -0.00000
     0.97398     0.22663    -0.00027
    -0.00026    -0.00006    -1.00000
           0           1           9           2
    -2.37289    -1.17995    -2.85878
    -0.22663     0.97398    -0.00000
     0.97398     0.22663    -0.00027
    -0.00026    -0.00006    -1.00000
           0           1           9           3
    -2.37033    -1.18428     2.83322
    -0.22663     0.97398    -0.00000
     0.97398     0.22663    -0.00027
    -0.00026    -0.00006    -1.00000
           0           1           9           4
    -2.36777    -1.18859     8.52521
    -0.22663     0.97398    -0.00000
     0.97398     0.22663    -0.00027
    -0.00026    -0.00006    -1.00000
           0           1          10           1
    -1.61124    -2.11064    -8.55242
    -0.63911     0.76911     0.00000
     0.76911     0.63911     0.00014
     0.00011     0.00009    -1.00000
           0           1          10           2
    -1.60869    -2.11498    -2.86042
    -0.63911     0.76911     0.00000
     0.76911     0.63911     0.00014
     0.00011     0.00009    -1.00000
           0           1          10           3
    -1.60614    -2.11930     2.83158
    -0.63911     0.76911     0.00000
     0.76911     0.63911     0.00014
     0.00011     0.00009    -1.00000
           0           1          10           4
    -1.60359    -2.12364     8.52357
    -0.63911     0.76911     0.00000
     0.76911     0.63911     0.00014
     0.00011     0.00009    -1.00000
           0           2           1           1
     2.50759    -4.57467     8.67062
     0.74556     0.66643    -0.00000
    -0.66643     0.74556    -0.00015
    -0.00010     0.00011     1.00000
           0           2           1           2
     2.51385    -4.57020     2.97863
     0.74556     0.66643    -0.00000
    -0.66643     0.74556    -0.00015
    -0.00010     0.00011     1.00000
           0           2           1           3
     2.52012    -4.56575    -2.71337
     0.74556     0.66643    -0.00000
    -0.66643     0.74556    -0.00015
    -0.00010     0.00011     1.00000
           0           2           1           4
     2.52638    -4.56130    -8.40536
     0.74556     0.66643    -0.00000
    -0.66643     0.74556    -0.00015
    -0.00010     0.00011     1.00000
           0           2           2           1
     3.50677    -3.85909     8.67464
     0.56806     0.82299    -0.00000
    -0.82299     0.56806    -0.00046
    -0.00038     0.00026     1.00000
           0           2           2           2
     3.51303    -3.85464     2.98264
     0.56806     0.82299    -0.00000
    -0.82299     0.56806    -0.00046
    -0.00038     0.00026     1.00000
           0           2           2           3
     3.51929    -3.85019    -2.70935
     0.56806     0.82299    -0.00000
    -0.82299     0.56806    -0.00046
    -0.00038     0.00026     1.00000
           0           2           2           4
     3.52555    -3.84573    -8.40135
     0.56806     0.82299    -0.00000
    -0.82299     0.56806    -0.00046
    -0.00038     0.00026     1.00000
           0           2           3           1
     4.31262    -2.92455     8.66816
     0.35783     0.93379    -0.00000
    -0.93379     0.35783    -0.00075
    -0.00070     0.00027     1.00000
           0           2           3           2
     4.31887    -2.92010     2.97617
     0.35783     0.93379    -0.00000
    -0.93379     0.35783    -0.00075
    -0.00070     0.00027     1.00000
           0           2           3           3
     4.32513    -2.91564    -2.71583
     0.35783     0.93379    -0.00000
    -0.93379     0.35783    -0.00075
    -0.00070     0.00027     1.00000
           0           2           3           4
     4.33139    -2.91119    -8.40782
     0.35783     0.93379    -0.00000
    -0.93379     0.35783    -0.00075
    -0.00070     0.00027     1.00000
           0           2           4           1
     4.87376    -1.83006     8.67070
     0.12816     0.99175    -0.00000
    -0.99175     0.12816    -0.00099
    -0.00098     0.00013     1.00000
           0           2           4           2
     4.88002    -1.82561     2.97870
     0.12816     0.99175    -0.00000
    -0.99175     0.12816    -0.00099
    -0.00098     0.00013     1.00000
           0           2           4           3
     4.88629    -1.82115    -2.71329
     0.12816     0.99175    -0.00000
    -0.99175     0.12816    -0.00099
    -0.00098     0.00013     1.00000
           0           2           4           4
     4.89255    -1.81670    -8.40529
     0.12816     0.99175    -0.00000
    -0.99175     0.12816    -0.00099
    -0.00098     0.00013     1.00000
           0           2           5           1
     5.16231    -0.62963     8.67039
    -0.10960     0.99398    -0.00000
    -0.99397    -0.10960    -0.00118
    -0.00117    -0.00013     1.00000
           0           2           5           2
     5.16857    -0.62517     2.97840
    -0.10960     0.99398    -0.00000
    -0.99397    -0.10960    -0.00118
    -0.00117    -0.00013     1.00000
           0           2           5           3
     5.17483    -0.62072    -2.71360
    -0.10960     0.99398    -0.00000
    -0.99397    -0.10960    -0.00118
    -0.00117    -0.00013     1.00000
           0           2           5           4
     5.18109    -0.61627    -8.40559
    -0.10960     0.99398    -0.00000
    -0.99397    -0.10960    -0.00118
    -0.00117    -0.00013     1.00000
           0           2           6           1
     5.16024     0.59709     8.66720
    -0.33971     0.94053    -0.00000
    -0.94053    -0.33971    -0.00130
    -0.00122    -0.00044     1.00000
           0           2           6           2
     5.16650     0.60154     2.97521
    -0.33972     0.94053    -0.00000
    -0.94053    -0.33972    -0.00130
    -0.00122    -0.00044     1.00000
           0           2           6           3
     5.17276     0.60600    -2.71679
    -0.33972     0.94053    -0.00000
    -0.94053    -0.33972    -0.00130
    -0.00122    -0.00044     1.00000
           0           2           6           4
     5.17903     0.61045    -8.40878
    -0.33972     0.94053    -0.00000
    -0.94053    -0.33972    -0.00130
    -0.00122    -0.00044     1.00000
           0           2           7           1
     4.86689     1.79874     8.67217
    -0.55252     0.83350    -0.00000
    -0.83350    -0.55252    -0.00135
    -0.00113    -0.00075     1.00000
           0           2           7           2
     4.87315     1.80319     2.98017
    -0.55252     0.83350    -0.00000
    -0.83350    -0.55252    -0.00135
    -0.00113    -0.00075     1.00000
           0           2           7           3
     4.87941     1.80765    -2.71182
    -0.55252     0.83350    -0.00000
    -0.83350    -0.55252    -0.00135
    -0.00113    -0.00075     1.00000
           0           2           7           4
     4.88567     1.81209    -8.40382
    -0.55252     0.83350    -0.00000
    -0.83350    -0.55252    -0.00135
    -0.00113    -0.00075     1.00000
           0           2           8           1
     4.30200     2.89043     8.67153
    -0.73296     0.68027    -0.00000
    -0.68027    -0.73296    -0.00132
    -0.00090    -0.00097     1.00000
           0           2           8           2
     4.30826     2.89488     2.97954
    -0.73296     0.68027    -0.00000
    -0.68027    -0.73296    -0.00132
    -0.00090    -0.00097     1.00000
           0           2           8           3
     4.31452     2.89933    -2.71246
    -0.73296     0.68027    -0.00000
    -0.68027    -0.73296    -0.00132
    -0.00090    -0.00097     1.00000
           0           2           8           4
     4.32078     2.90379    -8.40445
    -0.73296     0.68027    -0.00000
    -0.68027    -0.73296    -0.00132
    -0.00090    -0.00097     1.00000
           0           2           9           1
     3.49275     3.82205     8.66341
    -0.87279     0.48810    -0.00000
    -0.48810    -0.87279    -0.00122
    -0.00060    -0.00106     1.00000
           0           2           9           2
     3.49901     3.82651     2.97142
    -0.87279     0.48810    -0.00000
    -0.48810    -0.87279    -0.00122
    -0.00060    -0.00106     1.00000
           0           2           9           3
     3.50527     3.83096    -2.72058
    -0.87279     0.48810    -0.00000
    -0.48810    -0.87279    -0.00122
    -0.00060    -0.00106     1.00000
           0           2           9           4
     3.51153     3.83541    -8.41257
    -0.87279     0.48810    -0.00000
    -0.48810    -0.87279    -0.00122
    -0.00060    -0.00106     1.00000
           0           2          10           1
     2.49133     4.53378     8.67314
    -0.96303     0.26938    -0.00000
    -0.26938    -0.96303    -0.00105
    -0.00028    -0.00101     1.00000
           0           2          10           2
     2.49759     4.53823     2.98115
    -0.96304     0.26938    -0.00000
    -0.26938    -0.96303    -0.00105
    -0.00028    -0.00101     1.00000
           0           2          10           3
     2.50385     4.54267    -2.71085
    -0.96304     0.26938    -0.00000
    -0.26938    -0.96303    -0.00105
    -0.00028    -0.00101     1.00000
           0           2          10           4
     2.51011     4.54713    -8.40284
    -0.96304     0.26937    -0.00000
    -0.26937    -0.96303    -0.00105
    -0.00028    -0.00101     1.00000
           0           2          11           1
    -2.51923     4.55871    -8.56096
     0.96342     0.26798    -0.00000
     0.26798    -0.96342    -0.00085
    -0.00023     0.00082    -1.00000
           0           2          11           2
    -2.51667     4.55437    -2.86897
     0.96342     0.26798    -0.00000
     0.26798    -0.96342    -0.00085
    -0.00023     0.00082    -1.00000
           0           2          11           3
    -2.51411     4.55003     2.82303
     0.96342     0.26798    -0.00000
     0.26798    -0.96342    -0.00085
    -0.00023     0.00082    -1.00000
           0           2          11           4
    -2.51155     4.54569     8.51503
     0.96342     0.26798    -0.00000
     0.26798    -0.96342    -0.00085
    -0.00023     0.00082    -1.00000
           0           2          12           1
    -3.51654     3.84148    -8.55439
     0.87361     0.48663    -0.00000
     0.48663    -0.87361    -0.00088
    -0.00043     0.00077    -1.00000
           0           2          12           2
    -3.51398     3.83714    -2.86240
     0.87361     0.48663    -0.00000
     0.48663    -0.87361    -0.00088
    -0.00043     0.00077    -1.00000
           0           2          12           3
    -3.51142     3.83280     2.82960
     0.87361     0.48663    -0.00000
     0.48663    -0.87361    -0.00088
    -0.00043     0.00077    -1.00000
           0           2          12           4
    -3.50886     3.82846     8.52160
     0.87361     0.48663    -0.00000
     0.48663    -0.87361    -0.00088
    -0.00043     0.00077    -1.00000
           0           2          13           1
    -4.33265     2.91526    -8.55875
     0.73417     0.67897    -0.00000
     0.67897    -0.73417    -0.00087
    -0.00059     0.00064    -1.00000
           0           2          13           2
    -4.33009     2.91092    -2.86675
     0.73417     0.67897    -0.00000
     0.67897    -0.73417    -0.00087
    -0.00059     0.00064    -1.00000
           0           2          13           3
    -4.32753     2.90658     2.82525
     0.73417     0.67897    -0.00000
     0.67897    -0.73417    -0.00087
    -0.00059     0.00064    -1.00000
           0           2          13           4
    -4.32497     2.90224     8.51725
     0.73417     0.67897    -0.00000
     0.67897    -0.73417    -0.00087
    -0.00059     0.00064    -1.00000
           0           2          14           1
    -4.90555     1.82587    -8.55545
     0.55410     0.83245    -0.00000
     0.83245    -0.55410    -0.00080
    -0.00067     0.00044    -1.00000
           0           2          14           2
    -4.90300     1.82152    -2.86346
     0.55410     0.83245    -0.00000
     0.83245    -0.55410    -0.00080
    -0.00067     0.00044    -1.00000
           0           2          14           3
    -4.90044     1.81717     2.82854
     0.55410     0.83245    -0.00000
     0.83245    -0.55410    -0.00080
    -0.00067     0.00044    -1.00000
           0           2          14           4
    -4.89789     1.81283     8.52055
     0.55410     0.83245    -0.00000
     0.83245    -0.55410    -0.00080
    -0.00067     0.00044    -1.00000
           0           2          15           1
    -5.20689     0.62591    -8.55819
     0.34211     0.93966    -0.00000
     0.93966    -0.34211    -0.00068
    -0.00064     0.00023    -1.00000
           0           2          15           2
    -5.20433     0.62156    -2.86620
     0.34211     0.93966    -0.00000
     0.93966    -0.34211    -0.00068
    -0.00064     0.00023    -1.00000
           0           2          15           3
    -5.20177     0.61721     2.82580
     0.34211     0.93966    -0.00000
     0.93966    -0.34211    -0.00068
    -0.00064     0.00023    -1.00000
           0           2          15           4
    -5.19921     0.61286     8.51780
     0.34211     0.93966    -0.00000
     0.93966    -0.34211    -0.00068
    -0.00064     0.00023    -1.00000
           0           2          16           1
    -5.19044    -0.60864    -8.55516
     0.11097     0.99382    -0.00000
     0.99382    -0.11097    -0.00053
    -0.00053     0.00006    -1.00000
           0           2          16           2
    -5.18788    -0.61298    -2.86316
     0.11097     0.99382    -0.00000
     0.99382    -0.11097    -0.00053
    -0.00053     0.00006    -1.00000
           0           2          16           3
    -5.18532    -0.61730     2.82884
     0.11097     0.99382    -0.00000
     0.99382    -0.11097    -0.00053
    -0.00053     0.00006    -1.00000
           0           2          16           4
    -5.18275    -0.62164     8.52083
     0.11097     0.99382    -0.00000
     0.99382    -0.11097    -0.00053
    -0.00053     0.00006    -1.00000
           0           2          17           1
    -4.90821    -1.80818    -8.55580
    -0.12640     0.99198    -0.00000
     0.99198     0.12640    -0.00035
    -0.00035    -0.00004    -1.00000
           0           2          17           2
    -4.90564    -1.81251    -2.86380
    -0.12640     0.99198    -0.00000
     0.99198     0.12640    -0.00035
    -0.00035    -0.00004    -1.00000
           0           2          17           3
    -4.90308    -1.81685     2.82819
    -0.12640     0.99198    -0.00000
     0.99198     0.12640    -0.00035
    -0.00035    -0.00004    -1.00000
           0           2          17           4
    -4.90052    -1.82119     8.52019
    -0.12640     0.99198    -0.00000
     0.99198     0.12640    -0.00035
    -0.00035    -0.00004    -1.00000
           0           2          18           1
    -4.35277    -2.90780    -8.55766
    -0.35636     0.93435    -0.00000
     0.93435     0.35636    -0.00015
    -0.00014    -0.00005    -1.00000
           0           2          18           2
    -4.35021    -2.91214    -2.86566
    -0.35636     0.93435    -0.00000
     0.93435     0.35636    -0.00015
    -0.00014    -0.00005    -1.00000
           0           2          18           3
    -4.34764    -2.91648     2.82633
    -0.35636     0.93435    -0.00000
     0.93435     0.35636    -0.00015
    -0.00014    -0.00005    -1.00000
           0           2          18           4
    -4.34506    -2.92083     8.51833
    -0.35636     0.93435    -0.00000
     0.93435     0.35636    -0.00015
    -0.00014    -0.00005    -1.00000
           0           2          19           1
    -3.54304    -3.83639    -8.55540
    -0.56638     0.82414     0.00000
     0.82414     0.56638     0.00006
     0.00005     0.00003    -1.00000
           0           2          19           2
    -3.54047    -3.84072    -2.86341
    -0.56638     0.82414     0.00000
     0.82414     0.56638     0.00006
     0.00005     0.00003    -1.00000
           0           2          19           3
    -3.53791    -3.84505     2.82859
    -0.56638     0.82414     0.00000
     0.82414     0.56638     0.00006
     0.00005     0.00003    -1.00000
           0           2          19           4
    -3.53535    -3.84939     8.52060
    -0.56638     0.82414     0.00000
     0.82414     0.56638     0.00006
     0.00005     0.00003    -1.00000
           0           2          20           1
    -2.54540    -4.55720    -8.55652
    -0.74448     0.66765     0.00000
     0.66765     0.74448     0.00027
     0.00018     0.00020    -1.00000
           0           2          20           2
    -2.54284    -4.56154    -2.86452
    -0.74448     0.66765     0.00000
     0.66765     0.74448     0.00027
     0.00018     0.00020    -1.00000
           0           2          20           3
    -2.54028    -4.56587     2.82747
    -0.74448     0.66765     0.00000
     0.66765     0.74448     0.00027
     0.00018     0.00020    -1.00000
           0           2          20           4
    -2.53771    -4.57022     8.51947
    -0.74448     0.66765     0.00000
     0.66765     0.74448     0.00027
     0.00018     0.00020    -1.00000
           0           3           1           1
     5.61667   -10.34183    12.85477
    -0.87802    -0.47861     0.00000
    -0.47861     0.87802     0.00016
    -0.00008     0.00014    -1.00000
           0           3           1           2
     5.62368   -10.33684     6.47937
    -0.87802    -0.47861     0.00000
    -0.47861     0.87802     0.00016
    -0.00008     0.00014    -1.00000
           0           3           1           3
     5.63070   -10.33185     0.10398
    -0.87802    -0.47861     0.00000
    -0.47861     0.87802     0.00016
    -0.00008     0.00014    -1.00000
           0           3           1           4
     5.63771   -10.32686    -6.27142
    -0.87802    -0.47861     0.00000
    -0.47861     0.87802     0.00016
    -0.00008     0.00014    -1.00000
           0           3           1           5
     5.64472   -10.32188   -12.64681
    -0.87802    -0.47861     0.00000
    -0.47861     0.87802     0.00016
    -0.00008     0.00014    -1.00000
           0           3           2           1
     7.53459    -7.14662    12.84809
    -0.68689    -0.72676    -0.00000
    -0.72676     0.68689    -0.00026
     0.00019    -0.00018    -1.00000
           0           3           2           2
     7.54160    -7.14163     6.47270
    -0.68689    -0.72676    -0.00000
    -0.72676     0.68689    -0.00026
     0.00019    -0.00018    -1.00000
           0           3           2           3
     7.54861    -7.13664     0.09730
    -0.68689    -0.72676    -0.00000
    -0.72676     0.68689    -0.00026
     0.00019    -0.00018    -1.00000
           0           3           2           4
     7.55563    -7.13165    -6.27809
    -0.68689    -0.72676    -0.00000
    -0.72676     0.68689    -0.00026
     0.00019    -0.00018    -1.00000
           0           3           2           5
     7.56264    -7.12666   -12.65349
    -0.68689    -0.72676    -0.00000
    -0.72676     0.68689    -0.00026
     0.00019    -0.00018    -1.00000
           0           3           3           1
    11.51629    -5.67910    12.86202
    -0.44110    -0.89746    -0.00000
    -0.89746     0.44110    -0.00064
     0.00057    -0.00028    -1.00000
           0           3           3           2
    11.52330    -5.67412     6.48662
    -0.44110    -0.89746    -0.00000
    -0.89746     0.44110    -0.00064
     0.00057    -0.00028    -1.00000
           0           3           3           3
    11.53030    -5.66913     0.11123
    -0.44110    -0.89746    -0.00000
    -0.89746     0.44110    -0.00064
     0.00057    -0.00028    -1.00000
           0           3           3           4
    11.53731    -5.66414    -6.26417
    -0.44110    -0.89746    -0.00000
    -0.89746     0.44110    -0.00064
     0.00057    -0.00028    -1.00000
           0           3           3           5
    11.54431    -5.65915   -12.63956
    -0.44110    -0.89746    -0.00000
    -0.89746     0.44110    -0.00064
     0.00057    -0.00028    -1.00000
           0           3           4           1
    11.56655    -2.08536    12.86871
    -0.17625    -0.98435    -0.00000
    -0.98435     0.17625    -0.00094
     0.00093    -0.00017    -1.00000
           0           3           4           2
    11.57356    -2.08037     6.49332
    -0.17625    -0.98435    -0.00000
    -0.98435     0.17625    -0.00094
     0.00093    -0.00017    -1.00000
           0           3           4           3
    11.58057    -2.07539     0.11792
    -0.17625    -0.98435    -0.00000
    -0.98435     0.17625    -0.00094
     0.00093    -0.00017    -1.00000
           0           3           4           4
    11.58758    -2.07040    -6.25747
    -0.17625    -0.98435    -0.00000
    -0.98435     0.17625    -0.00094
     0.00093    -0.00017    -1.00000
           0           3           4           5
    11.59460    -2.06541   -12.63286
    -0.17625    -0.98435    -0.00000
    -0.98435     0.17625    -0.00094
     0.00093    -0.00017    -1.00000
           0           3           5           1
    10.27461     1.41213    12.86293
     0.13709    -0.99056    -0.00000
    -0.99056    -0.13709    -0.00120
     0.00119     0.00016    -1.00000
           0           3           5           2
    10.28162     1.41712     6.48754
     0.13709    -0.99056    -0.00000
    -0.99056    -0.13709    -0.00120
     0.00119     0.00016    -1.00000
           0           3           5           3
    10.28864     1.42211     0.11214
     0.13709    -0.99056    -0.00000
    -0.99056    -0.13709    -0.00120
     0.00119     0.00016    -1.00000
           0           3           5           4
    10.29565     1.42709    -6.26325
     0.13709    -0.99056    -0.00000
    -0.99056    -0.13709    -0.00120
     0.00119     0.00016    -1.00000
           0           3           5           5
    10.30266     1.43208   -12.63865
     0.13709    -0.99056    -0.00000
    -0.99056    -0.13709    -0.00120
     0.00119     0.00016    -1.00000
           0           3           6           1
    11.62448     5.42958    12.88867
     0.42352    -0.90589    -0.00000
    -0.90589    -0.42352    -0.00133
     0.00120     0.00056    -1.00000
           0           3           6           2
    11.63150     5.43457     6.51327
     0.42352    -0.90589    -0.00000
    -0.90589    -0.42352    -0.00133
     0.00120     0.00056    -1.00000
           0           3           6           3
    11.63850     5.43955     0.13788
     0.42352    -0.90589    -0.00000
    -0.90589    -0.42352    -0.00133
     0.00120     0.00056    -1.00000
           0           3           6           4
    11.64552     5.44454    -6.23752
     0.42352    -0.90589    -0.00000
    -0.90589    -0.42352    -0.00133
     0.00120     0.00056    -1.00000
           0           3           6           5
    11.65252     5.44953   -12.61291
     0.42352    -0.90589    -0.00000
    -0.90589    -0.42352    -0.00133
     0.00120     0.00056    -1.00000
           0           3           7           1
     8.85178     7.72164    12.87588
     0.65733    -0.75360    -0.00000
    -0.75360    -0.65733    -0.00134
     0.00101     0.00088    -1.00000
           0           3           7           2
     8.85879     7.72663     6.50049
     0.65733    -0.75360    -0.00000
    -0.75360    -0.65733    -0.00134
     0.00101     0.00088    -1.00000
           0           3           7           3
     8.86581     7.73162     0.12509
     0.65733    -0.75360    -0.00000
    -0.75360    -0.65733    -0.00134
     0.00101     0.00088    -1.00000
           0           3           7           4
     8.87282     7.73661    -6.25030
     0.65733    -0.75360    -0.00000
    -0.75360    -0.65733    -0.00134
     0.00101     0.00088    -1.00000
           0           3           7           5
     8.87983     7.74159   -12.62570
     0.65733    -0.75360    -0.00000
    -0.75360    -0.65733    -0.00134
     0.00101     0.00088    -1.00000
           0           3           8           1
     5.31055     8.90636    12.87002
     0.85860    -0.51265    -0.00000
    -0.51265    -0.85860    -0.00124
     0.00064     0.00106    -1.00000
           0           3           8           2
     5.31756     8.91135     6.49463
     0.85860    -0.51265    -0.00000
    -0.51265    -0.85860    -0.00124
     0.00064     0.00106    -1.00000
           0           3           8           3
     5.32457     8.91634     0.11923
     0.85860    -0.51265    -0.00000
    -0.51265    -0.85860    -0.00124
     0.00064     0.00106    -1.00000
           0           3           8           4
     5.33159     8.92133    -6.25616
     0.85860    -0.51265    -0.00000
    -0.51265    -0.85860    -0.00124
     0.00064     0.00106    -1.00000
           0           3           8           5
     5.33860     8.92631   -12.63155
     0.85860    -0.51265    -0.00000
    -0.51265    -0.85860    -0.00124
     0.00064     0.00106    -1.00000
           0           3           9           1
    -5.36316     8.94468   -12.77910
    -0.85767    -0.51420    -0.00000
     0.51420    -0.85767    -0.00089
     0.00046    -0.00076     1.00000
           0           3           9           2
    -5.36030     8.93982    -6.40370
    -0.85767    -0.51420    -0.00000
     0.51420    -0.85767    -0.00089
     0.00046    -0.00076     1.00000
           0           3           9           3
    -5.35743     8.93496    -0.02830
    -0.85767    -0.51420    -0.00000
     0.51420    -0.85767    -0.00089
     0.00046    -0.00076     1.00000
           0           3           9           4
    -5.35456     8.93010     6.34709
    -0.85767    -0.51420    -0.00000
     0.51420    -0.85767    -0.00089
     0.00046    -0.00076     1.00000
           0           3           9           5
    -5.35169     8.92525    12.72249
    -0.85767    -0.51420    -0.00000
     0.51420    -0.85767    -0.00089
     0.00046    -0.00076     1.00000
           0           3          10           1
    -8.91557     7.77486   -12.76231
    -0.65655    -0.75428    -0.00000
     0.75428    -0.65655    -0.00084
     0.00063    -0.00055     1.00000
           0           3          10           2
    -8.91270     7.76999    -6.38691
    -0.65655    -0.75428    -0.00000
     0.75428    -0.65655    -0.00084
     0.00063    -0.00055     1.00000
           0           3          10           3
    -8.90983     7.76513    -0.01152
    -0.65655    -0.75428    -0.00000
     0.75428    -0.65655    -0.00084
     0.00063    -0.00055     1.00000
           0           3          10           4
    -8.90696     7.76026     6.36388
    -0.65655    -0.75428    -0.00000
     0.75428    -0.65655    -0.00084
     0.00063    -0.00055     1.00000
           0           3          10           5
    -8.90411     7.75541    12.73928
    -0.65655    -0.75428    -0.00000
     0.75428    -0.65655    -0.00084
     0.00063    -0.00055     1.00000
           0           3          11           1
   -11.70831     5.48463   -12.76772
    -0.42278    -0.90623    -0.00000
     0.90623    -0.42278    -0.00073
     0.00066    -0.00031     1.00000
           0           3          11           2
   -11.70545     5.47976    -6.39232
    -0.42278    -0.90623    -0.00000
     0.90623    -0.42278    -0.00073
     0.00066    -0.00031     1.00000
           0           3          11           3
   -11.70258     5.47489    -0.01692
    -0.42278    -0.90623    -0.00000
     0.90623    -0.42278    -0.00073
     0.00066    -0.00031     1.00000
           0           3          11           4
   -11.69972     5.47003     6.35848
    -0.42278    -0.90623    -0.00000
     0.90623    -0.42278    -0.00073
     0.00066    -0.00031     1.00000
           0           3          11           5
   -11.69686     5.46516    12.73387
    -0.42278    -0.90623    -0.00000
     0.90623    -0.42278    -0.00073
     0.00066    -0.00031     1.00000
           0           3          12           1
   -10.31744     1.44094   -12.75784
    -0.13560    -0.99076    -0.00000
     0.99076    -0.13560    -0.00055
     0.00054    -0.00007     1.00000
           0           3          12           2
   -10.31457     1.43607    -6.38245
    -0.13560    -0.99076    -0.00000
     0.99076    -0.13560    -0.00055
     0.00054    -0.00007     1.00000
           0           3          12           3
   -10.31171     1.43121    -0.00705
    -0.13560    -0.99076    -0.00000
     0.99076    -0.13560    -0.00055
     0.00054    -0.00007     1.00000
           0           3          12           4
   -10.30884     1.42635     6.36835
    -0.13560    -0.99076    -0.00000
     0.99076    -0.13560    -0.00055
     0.00054    -0.00007     1.00000
           0           3          12           5
   -10.30596     1.42148    12.74374
    -0.13560    -0.99076    -0.00000
     0.99076    -0.13560    -0.00055
     0.00054    -0.00007     1.00000
           0           3          13           1
   -11.58501    -2.04880   -12.76650
     0.17702    -0.98421    -0.00000
     0.98421     0.17702    -0.00031
     0.00031     0.00005     1.00000
           0           3          13           2
   -11.58214    -2.05365    -6.39111
     0.17702    -0.98421    -0.00000
     0.98421     0.17702    -0.00031
     0.00031     0.00005     1.00000
           0           3          13           3
   -11.57928    -2.05851    -0.01571
     0.17702    -0.98421    -0.00000
     0.98421     0.17702    -0.00031
     0.00031     0.00005     1.00000
           0           3          13           4
   -11.57642    -2.06336     6.35968
     0.17702    -0.98421    -0.00000
     0.98421     0.17702    -0.00031
     0.00031     0.00005     1.00000
           0           3          13           5
   -11.57355    -2.06820    12.73509
     0.17702    -0.98421    -0.00000
     0.98421     0.17702    -0.00031
     0.00031     0.00005     1.00000
           0           3          14           1
   -11.57063    -5.66093   -12.78376
     0.44203    -0.89700    -0.00000
     0.89700     0.44203    -0.00007
     0.00006     0.00003     1.00000
           0           3          14           2
   -11.56776    -5.66580    -6.40836
     0.44203    -0.89700    -0.00000
     0.89700     0.44203    -0.00007
     0.00006     0.00003     1.00000
           0           3          14           3
   -11.56489    -5.67067    -0.03297
     0.44203    -0.89700    -0.00000
     0.89700     0.44203    -0.00007
     0.00006     0.00003     1.00000
           0           3          14           4
   -11.56201    -5.67555     6.34243
     0.44203    -0.89700    -0.00000
     0.89700     0.44203    -0.00007
     0.00006     0.00003     1.00000
           0           3          14           5
   -11.55914    -5.68042    12.71783
     0.44203    -0.89700    -0.00000
     0.89700     0.44203    -0.00007
     0.00006     0.00003     1.00000
           0           3          15           1
    -7.53509    -7.09088   -12.77556
     0.68785    -0.72586     0.00000
     0.72586     0.68785     0.00020
    -0.00015    -0.00014     1.00000
           0           3          15           2
    -7.53223    -7.09573    -6.40016
     0.68785    -0.72586     0.00000
     0.72586     0.68785     0.00020
    -0.00015    -0.00014     1.00000
           0           3          15           3
    -7.52937    -7.10057    -0.02477
     0.68785    -0.72586     0.00000
     0.72586     0.68785     0.00020
    -0.00015    -0.00014     1.00000
           0           3          15           4
    -7.52651    -7.10542     6.35063
     0.68785    -0.72586     0.00000
     0.72586     0.68785     0.00020
    -0.00015    -0.00014     1.00000
           0           3          15           5
    -7.52365    -7.11027    12.72603
     0.68785    -0.72586     0.00000
     0.72586     0.68785     0.00020
    -0.00015    -0.00014     1.00000
           0           3          16           1
    -5.64068   -10.31089   -12.77989
     0.87861    -0.47753     0.00000
     0.47753     0.87861     0.00045
    -0.00021    -0.00040     1.00000
           0           3          16           2
    -5.63782   -10.31575    -6.40449
     0.87861    -0.47753     0.00000
     0.47753     0.87861     0.00045
    -0.00021    -0.00040     1.00000
           0           3          16           3
