 SVX cage parameters:
     2.20000
     0.50000     0.20000
     0.00000
           6
   -40.00000   -26.50000   -26.50000    26.50000    26.50000    40.00000
    53.00000    53.00000    22.00000    22.00000    53.00000    53.00000
     0.00000     0.00000     0.00000
 SVX barrel parameters:
           4
     2.63000     5.13000    11.76500    16.68700     1.21400
     0.00000     0.00000     0.00000     0.00000
           4           4           5           6
     0.69600     0.69600     1.74500     1.74500
     0.01000     0.01000     0.03125     0.03125
     2.83600     2.83600     3.18770     3.18770
     0.01900     0.01900     0.00000     0.00000
     0.02000     0.02000     0.00000     0.00000
    26.70000    13.60000    17.00000    12.00000
   -13.00000   -13.02000     0.00000     0.00000
           2
           5           5
     0.00000   180.00000
           2
          10          10
     0.00000   180.00000
           2
           8           8
     0.00000   180.00000
           2
          12          12
     0.00000   180.00000
 SVX barrel sensor rotation matrices and translation vectors:
           0           1           1           1
     1.58971    -2.12353     8.58434
     0.63907     0.76915    -0.00000
    -0.76915     0.63907    -0.00000
    -0.00000     0.00000     1.00000
           0           1           1           2
     1.58971    -2.12353     2.89234
     0.63907     0.76915    -0.00000
    -0.76915     0.63907    -0.00000
    -0.00000     0.00000     1.00000
           0           1           1           3
     1.58971    -2.12353    -2.79966
     0.63907     0.76915    -0.00000
    -0.76915     0.63907    -0.00000
    -0.00000     0.00000     1.00000
           0           1           1           4
     1.58971    -2.12353    -8.49166
     0.63907     0.76915    -0.00000
    -0.76915     0.63907    -0.00000
    -0.00000     0.00000     1.00000
           0           1           2           1
     2.36139    -1.18553     8.58434
     0.22530     0.97429    -0.00000
    -0.97429     0.22530    -0.00000
    -0.00000     0.00000     1.00000
           0           1           2           2
     2.36139    -1.18553     2.89234
     0.22530     0.97429    -0.00000
    -0.97429     0.22530    -0.00000
    -0.00000     0.00000     1.00000
           0           1           2           3
     2.36139    -1.18553    -2.79966
     0.22530     0.97429    -0.00000
    -0.97429     0.22530    -0.00000
    -0.00000     0.00000     1.00000
           0           1           2           4
     2.36139    -1.18553    -8.49166
     0.22530     0.97429    -0.00000
    -0.97429     0.22530    -0.00000
    -0.00000     0.00000     1.00000
           0           1           3           1
     2.62928    -0.00077     8.58434
    -0.23654     0.97162     0.00000
    -0.97162    -0.23654     0.00000
     0.00000     0.00000     1.00000
           0           1           3           2
     2.62928    -0.00077     2.89234
    -0.23654     0.97162     0.00000
    -0.97162    -0.23654     0.00000
     0.00000     0.00000     1.00000
           0           1           3           3
     2.62928    -0.00077    -2.79966
    -0.23654     0.97162     0.00000
    -0.97162    -0.23654     0.00000
     0.00000     0.00000     1.00000
           0           1           3           4
     2.62928    -0.00077    -8.49166
    -0.23654     0.97162     0.00000
    -0.97162    -0.23654     0.00000
     0.00000     0.00000     1.00000
           0           1           4           1
     2.33621     1.17800     8.58434
    -0.64793     0.76170     0.00000
    -0.76170    -0.64793     0.00000
     0.00000     0.00000     1.00000
           0           1           4           2
     2.33621     1.17800     2.89234
    -0.64793     0.76170     0.00000
    -0.76170    -0.64793     0.00000
     0.00000     0.00000     1.00000
           0           1           4           3
     2.33621     1.17800    -2.79966
    -0.64793     0.76170     0.00000
    -0.76170    -0.64793     0.00000
     0.00000     0.00000     1.00000
           0           1           4           4
     2.33621     1.17800    -8.49166
    -0.64793     0.76170     0.00000
    -0.76170    -0.64793     0.00000
     0.00000     0.00000     1.00000
           0           1           5           1
     1.54472     2.09935     8.58434
    -0.92110     0.38932     0.00000
    -0.38932    -0.92110     0.00000
     0.00000     0.00000     1.00000
           0           1           5           2
     1.54472     2.09935     2.89234
    -0.92110     0.38932     0.00000
    -0.38932    -0.92110     0.00000
     0.00000     0.00000     1.00000
           0           1           5           3
     1.54472     2.09935    -2.79966
    -0.92110     0.38932     0.00000
    -0.38932    -0.92110     0.00000
     0.00000     0.00000     1.00000
           0           1           5           4
     1.54472     2.09935    -8.49166
    -0.92110     0.38932     0.00000
    -0.38932    -0.92110     0.00000
     0.00000     0.00000     1.00000
           0           1           6           1
    -1.56040     2.10152    -8.54872
     0.92073     0.39019     0.00000
     0.39019    -0.92073     0.00000
     0.00000    -0.00000    -1.00000
           0           1           6           2
    -1.56040     2.10152    -2.85672
     0.92073     0.39019     0.00000
     0.39019    -0.92073     0.00000
     0.00000    -0.00000    -1.00000
           0           1           6           3
    -1.56040     2.10152     2.83528
     0.92073     0.39019     0.00000
     0.39019    -0.92073     0.00000
     0.00000    -0.00000    -1.00000
           0           1           6           4
    -1.56040     2.10152     8.52728
     0.92073     0.39019     0.00000
     0.39019    -0.92073     0.00000
     0.00000    -0.00000    -1.00000
           0           1           7           1
    -2.35102     1.17941    -8.54872
     0.64720     0.76232    -0.00000
     0.76232    -0.64720    -0.00000
    -0.00000     0.00000    -1.00000
           0           1           7           2
    -2.35102     1.17941    -2.85672
     0.64720     0.76232    -0.00000
     0.76232    -0.64720    -0.00000
    -0.00000     0.00000    -1.00000
           0           1           7           3
    -2.35102     1.17941     2.83528
     0.64720     0.76232    -0.00000
     0.76232    -0.64720    -0.00000
    -0.00000     0.00000    -1.00000
           0           1           7           4
    -2.35102     1.17941     8.52728
     0.64720     0.76232    -0.00000
     0.76232    -0.64720    -0.00000
    -0.00000     0.00000    -1.00000
           0           1           8           1
    -2.64297     0.00037    -8.54872
     0.23562     0.97185    -0.00000
     0.97185    -0.23562    -0.00000
    -0.00000     0.00000    -1.00000
           0           1           8           2
    -2.64296     0.00037    -2.85672
     0.23562     0.97185    -0.00000
     0.97185    -0.23562    -0.00000
    -0.00000     0.00000    -1.00000
           0           1           8           3
    -2.64296     0.00037     2.83528
     0.23562     0.97185    -0.00000
     0.97185    -0.23562    -0.00000
    -0.00000     0.00000    -1.00000
           0           1           8           4
    -2.64296     0.00037     8.52728
     0.23562     0.97185    -0.00000
     0.97185    -0.23562    -0.00000
    -0.00000     0.00000    -1.00000
           0           1           9           1
    -2.37397    -1.18410    -8.54872
    -0.22621     0.97408    -0.00000
     0.97408     0.22621    -0.00000
    -0.00000    -0.00000    -1.00000
           0           1           9           2
    -2.37397    -1.18410    -2.85672
    -0.22621     0.97408    -0.00000
     0.97408     0.22621    -0.00000
    -0.00000    -0.00000    -1.00000
           0           1           9           3
    -2.37397    -1.18410     2.83528
    -0.22621     0.97408    -0.00000
     0.97408     0.22621    -0.00000
    -0.00000    -0.00000    -1.00000
           0           1           9           4
    -2.37397    -1.18410     8.52728
    -0.22621     0.97408    -0.00000
     0.97408     0.22621    -0.00000
    -0.00000    -0.00000    -1.00000
           0           1          10           1
    -1.60147    -2.12133    -8.54872
    -0.63977     0.76856    -0.00000
     0.76856     0.63977    -0.00000
    -0.00000    -0.00000    -1.00000
           0           1          10           2
    -1.60147    -2.12133    -2.85672
    -0.63977     0.76856    -0.00000
     0.76856     0.63977    -0.00000
    -0.00000    -0.00000    -1.00000
           0           1          10           3
    -1.60147    -2.12133     2.83528
    -0.63977     0.76856    -0.00000
     0.76856     0.63977    -0.00000
    -0.00000    -0.00000    -1.00000
           0           1          10           4
    -1.60147    -2.12133     8.52728
    -0.63977     0.76856    -0.00000
     0.76856     0.63977    -0.00000
    -0.00000    -0.00000    -1.00000
           0           2           1           1
     2.48676    -4.50804     8.57674
     0.74348     0.66876    -0.00000
    -0.66876     0.74348    -0.00000
    -0.00000     0.00000     1.00000
           0           2           1           2
     2.48676    -4.50804     2.88474
     0.74348     0.66876    -0.00000
    -0.66876     0.74348    -0.00000
    -0.00000     0.00000     1.00000
           0           2           1           3
     2.48676    -4.50804    -2.80726
     0.74348     0.66876    -0.00000
    -0.66876     0.74348    -0.00000
    -0.00000     0.00000     1.00000
           0           2           1           4
     2.48676    -4.50804    -8.49926
     0.74348     0.66876    -0.00000
    -0.66876     0.74348    -0.00000
    -0.00000     0.00000     1.00000
           0           2           2           1
     3.47313    -3.79889     8.57674
     0.56538     0.82483    -0.00000
    -0.82483     0.56538    -0.00000
    -0.00000     0.00000     1.00000
           0           2           2           2
     3.47313    -3.79889     2.88474
     0.56538     0.82483    -0.00000
    -0.82483     0.56538    -0.00000
    -0.00000     0.00000     1.00000
           0           2           2           3
     3.47313    -3.79889    -2.80726
     0.56538     0.82483    -0.00000
    -0.82483     0.56538    -0.00000
    -0.00000     0.00000     1.00000
           0           2           2           4
     3.47313    -3.79889    -8.49926
     0.56538     0.82483    -0.00000
    -0.82483     0.56538    -0.00000
    -0.00000     0.00000     1.00000
           0           2           3           1
     4.26508    -2.87770     8.57674
     0.35557     0.93465    -0.00000
    -0.93465     0.35557    -0.00000
    -0.00000     0.00000     1.00000
           0           2           3           2
     4.26508    -2.87770     2.88474
     0.35557     0.93465    -0.00000
    -0.93465     0.35557    -0.00000
    -0.00000     0.00000     1.00000
           0           2           3           3
     4.26508    -2.87770    -2.80726
     0.35557     0.93465    -0.00000
    -0.93465     0.35557    -0.00000
    -0.00000     0.00000     1.00000
           0           2           3           4
     4.26508    -2.87770    -8.49926
     0.35557     0.93465    -0.00000
    -0.93465     0.35557    -0.00000
    -0.00000     0.00000     1.00000
           0           2           4           1
     4.81823    -1.79610     8.57674
     0.12583     0.99205    -0.00000
    -0.99205     0.12583    -0.00000
    -0.00000     0.00000     1.00000
           0           2           4           2
     4.81823    -1.79610     2.88474
     0.12583     0.99205    -0.00000
    -0.99205     0.12583    -0.00000
    -0.00000     0.00000     1.00000
           0           2           4           3
     4.81823    -1.79610    -2.80726
     0.12583     0.99205    -0.00000
    -0.99205     0.12583    -0.00000
    -0.00000     0.00000     1.00000
           0           2           4           4
     4.81823    -1.79610    -8.49926
     0.12583     0.99205    -0.00000
    -0.99205     0.12583    -0.00000
    -0.00000     0.00000     1.00000
           0           2           5           1
     5.10152    -0.61476     8.57674
    -0.11098     0.99382     0.00000
    -0.99382    -0.11098     0.00000
     0.00000     0.00000     1.00000
           0           2           5           2
     5.10152    -0.61476     2.88474
    -0.11098     0.99382     0.00000
    -0.99382    -0.11098     0.00000
     0.00000     0.00000     1.00000
           0           2           5           3
     5.10152    -0.61476    -2.80726
    -0.11098     0.99382     0.00000
    -0.99382    -0.11098     0.00000
     0.00000     0.00000     1.00000
           0           2           5           4
     5.10152    -0.61476    -8.49926
    -0.11098     0.99382     0.00000
    -0.99382    -0.11098     0.00000
     0.00000     0.00000     1.00000
           0           2           6           1
     5.09910     0.60006     8.57674
    -0.34155     0.93986     0.00000
    -0.93986    -0.34155     0.00000
     0.00000     0.00000     1.00000
           0           2           6           2
     5.09910     0.60006     2.88474
    -0.34155     0.93986     0.00000
    -0.93986    -0.34155     0.00000
     0.00000     0.00000     1.00000
           0           2           6           3
     5.09910     0.60006    -2.80726
    -0.34155     0.93986     0.00000
    -0.93986    -0.34155     0.00000
     0.00000     0.00000     1.00000
           0           2           6           4
     5.09910     0.60006    -8.49926
    -0.34155     0.93986     0.00000
    -0.93986    -0.34155     0.00000
     0.00000     0.00000     1.00000
           0           2           7           1
     4.81108     1.78027     8.57674
    -0.55298     0.83320     0.00000
    -0.83320    -0.55298     0.00000
     0.00000     0.00000     1.00000
           0           2           7           2
     4.81108     1.78027     2.88474
    -0.55298     0.83320     0.00000
    -0.83320    -0.55298     0.00000
     0.00000     0.00000     1.00000
           0           2           7           3
     4.81108     1.78027    -2.80726
    -0.55298     0.83320     0.00000
    -0.83320    -0.55298     0.00000
     0.00000     0.00000     1.00000
           0           2           7           4
     4.81108     1.78027    -8.49926
    -0.55298     0.83320     0.00000
    -0.83320    -0.55298     0.00000
     0.00000     0.00000     1.00000
           0           2           8           1
     4.25362     2.85964     8.57674
    -0.73339     0.67980     0.00000
    -0.67980    -0.73339     0.00000
     0.00000     0.00000     1.00000
           0           2           8           2
     4.25362     2.85964     2.88474
    -0.73339     0.67980     0.00000
    -0.67980    -0.73339     0.00000
     0.00000     0.00000     1.00000
           0           2           8           3
     4.25362     2.85964    -2.80726
    -0.73339     0.67980     0.00000
    -0.67980    -0.73339     0.00000
     0.00000     0.00000     1.00000
           0           2           8           4
     4.25362     2.85964    -8.49926
    -0.73339     0.67980     0.00000
    -0.67980    -0.73339     0.00000
     0.00000     0.00000     1.00000
           0           2           9           1
     3.45799     3.77767     8.57674
    -0.87268     0.48829     0.00000
    -0.48829    -0.87268     0.00000
     0.00000     0.00000     1.00000
           0           2           9           2
     3.45799     3.77767     2.88474
    -0.87268     0.48829     0.00000
    -0.48829    -0.87268     0.00000
     0.00000     0.00000     1.00000
           0           2           9           3
     3.45799     3.77767    -2.80726
    -0.87268     0.48829     0.00000
    -0.48829    -0.87268     0.00000
     0.00000     0.00000     1.00000
           0           2           9           4
     3.45799     3.77767    -8.49926
    -0.87268     0.48829     0.00000
    -0.48829    -0.87268     0.00000
     0.00000     0.00000     1.00000
           0           2          10           1
     2.46879     4.48288     8.57674
    -0.96303     0.26939     0.00000
    -0.26939    -0.96303     0.00000
     0.00000     0.00000     1.00000
           0           2          10           2
     2.46879     4.48288     2.88474
    -0.96303     0.26939     0.00000
    -0.26939    -0.96303     0.00000
     0.00000     0.00000     1.00000
           0           2          10           3
     2.46879     4.48288    -2.80726
    -0.96303     0.26939     0.00000
    -0.26939    -0.96303     0.00000
     0.00000     0.00000     1.00000
           0           2          10           4
     2.46879     4.48288    -8.49926
    -0.96303     0.26939     0.00000
    -0.26939    -0.96303     0.00000
     0.00000     0.00000     1.00000
           0           2          11           1
    -2.46220     4.48783    -8.54725
     0.96336     0.26820     0.00000
     0.26820    -0.96336     0.00000
     0.00000    -0.00000    -1.00000
           0           2          11           2
    -2.46220     4.48783    -2.85524
     0.96336     0.26820     0.00000
     0.26820    -0.96336     0.00000
     0.00000    -0.00000    -1.00000
           0           2          11           3
    -2.46220     4.48783     2.83676
     0.96336     0.26820     0.00000
     0.26820    -0.96336     0.00000
     0.00000    -0.00000    -1.00000
           0           2          11           4
    -2.46220     4.48783     8.52876
     0.96336     0.26820     0.00000
     0.26820    -0.96336     0.00000
     0.00000    -0.00000    -1.00000
           0           2          12           1
    -3.45227     3.78385    -8.54725
     0.87328     0.48722     0.00000
     0.48722    -0.87328     0.00000
     0.00000    -0.00000    -1.00000
           0           2          12           2
    -3.45227     3.78385    -2.85524
     0.87328     0.48722     0.00000
     0.48722    -0.87328     0.00000
     0.00000    -0.00000    -1.00000
           0           2          12           3
    -3.45227     3.78385     2.83676
     0.87328     0.48722     0.00000
     0.48722    -0.87328     0.00000
     0.00000    -0.00000    -1.00000
           0           2          12           4
    -3.45227     3.78385     8.52876
     0.87328     0.48722     0.00000
     0.48722    -0.87328     0.00000
     0.00000    -0.00000    -1.00000
           0           2          13           1
    -4.24903     2.86679    -8.54725
     0.73423     0.67890     0.00000
     0.67890    -0.73423     0.00000
     0.00000    -0.00000    -1.00000
           0           2          13           2
    -4.24903     2.86679    -2.85524
     0.73423     0.67890     0.00000
     0.67890    -0.73423     0.00000
     0.00000    -0.00000    -1.00000
           0           2          13           3
    -4.24903     2.86679     2.83676
     0.73423     0.67890     0.00000
     0.67890    -0.73423     0.00000
     0.00000    -0.00000    -1.00000
           0           2          13           4
    -4.24903     2.86679     8.52876
     0.73423     0.67890     0.00000
     0.67890    -0.73423     0.00000
     0.00000    -0.00000    -1.00000
           0           2          14           1
    -4.80782     1.78810    -8.54725
     0.55400     0.83252    -0.00000
     0.83252    -0.55400    -0.00000
    -0.00000     0.00000    -1.00000
           0           2          14           2
    -4.80782     1.78810    -2.85524
     0.55400     0.83252    -0.00000
     0.83252    -0.55400    -0.00000
    -0.00000     0.00000    -1.00000
           0           2          14           3
    -4.80782     1.78810     2.83676
     0.55400     0.83252    -0.00000
     0.83252    -0.55400    -0.00000
    -0.00000     0.00000    -1.00000
           0           2          14           4
    -4.80782     1.78810     8.52876
     0.55400     0.83252    -0.00000
     0.83252    -0.55400    -0.00000
    -0.00000     0.00000    -1.00000
           0           2          15           1
    -5.09729     0.60825    -8.54725
     0.34271     0.93944    -0.00000
     0.93944    -0.34271    -0.00000
    -0.00000     0.00000    -1.00000
           0           2          15           2
    -5.09729     0.60825    -2.85524
     0.34271     0.93944    -0.00000
     0.93944    -0.34271    -0.00000
    -0.00000     0.00000    -1.00000
           0           2          15           3
    -5.09729     0.60825     2.83676
     0.34271     0.93944    -0.00000
     0.93944    -0.34271    -0.00000
    -0.00000     0.00000    -1.00000
           0           2          15           4
    -5.09729     0.60825     8.52876
     0.34271     0.93944    -0.00000
     0.93944    -0.34271    -0.00000
    -0.00000     0.00000    -1.00000
           0           2          16           1
    -5.10120    -0.60658    -8.54725
     0.11220     0.99369    -0.00000
     0.99369    -0.11220    -0.00000
    -0.00000     0.00000    -1.00000
           0           2          16           2
    -5.10120    -0.60658    -2.85524
     0.11220     0.99369    -0.00000
     0.99369    -0.11220    -0.00000
    -0.00000     0.00000    -1.00000
           0           2          16           3
    -5.10120    -0.60658     2.83676
     0.11220     0.99369    -0.00000
     0.99369    -0.11220    -0.00000
    -0.00000     0.00000    -1.00000
           0           2          16           4
    -5.10120    -0.60658     8.52876
     0.11220     0.99369    -0.00000
     0.99369    -0.11220    -0.00000
    -0.00000     0.00000    -1.00000
           0           2          17           1
    -4.81936    -1.78826    -8.54725
    -0.12461     0.99221    -0.00000
     0.99221     0.12461    -0.00000
    -0.00000    -0.00000    -1.00000
           0           2          17           2
    -4.81936    -1.78826    -2.85524
    -0.12461     0.99221    -0.00000
     0.99221     0.12461    -0.00000
    -0.00000    -0.00000    -1.00000
           0           2          17           3
    -4.81936    -1.78826     2.83676
    -0.12461     0.99221    -0.00000
     0.99221     0.12461    -0.00000
    -0.00000    -0.00000    -1.00000
           0           2          17           4
    -4.81936    -1.78826     8.52876
    -0.12461     0.99221    -0.00000
     0.99221     0.12461    -0.00000
    -0.00000    -0.00000    -1.00000
           0           2          18           1
    -4.26754    -2.87055    -8.54725
    -0.35443     0.93508    -0.00000
     0.93508     0.35443    -0.00000
    -0.00000    -0.00000    -1.00000
           0           2          18           2
    -4.26754    -2.87055    -2.85524
    -0.35443     0.93508    -0.00000
     0.93508     0.35443    -0.00000
    -0.00000    -0.00000    -1.00000
           0           2          18           3
    -4.26754    -2.87055     2.83676
    -0.35443     0.93508    -0.00000
     0.93508     0.35443    -0.00000
    -0.00000    -0.00000    -1.00000
           0           2          18           4
    -4.26754    -2.87055     8.52876
    -0.35443     0.93508    -0.00000
     0.93508     0.35443    -0.00000
    -0.00000    -0.00000    -1.00000
           0           2          19           1
    -3.47671    -3.79271    -8.54725
    -0.56437     0.82552    -0.00000
     0.82552     0.56437    -0.00000
    -0.00000    -0.00000    -1.00000
           0           2          19           2
    -3.47671    -3.79271    -2.85524
    -0.56437     0.82552    -0.00000
     0.82552     0.56437    -0.00000
    -0.00000    -0.00000    -1.00000
           0           2          19           3
    -3.47671    -3.79271     2.83676
    -0.56437     0.82552    -0.00000
     0.82552     0.56437    -0.00000
    -0.00000    -0.00000    -1.00000
           0           2          19           4
    -3.47671    -3.79271     8.52876
    -0.56437     0.82552    -0.00000
     0.82552     0.56437    -0.00000
    -0.00000    -0.00000    -1.00000
           0           2          20           1
    -2.49121    -4.50307    -8.54725
    -0.74266     0.66967    -0.00000
     0.66967     0.74266    -0.00000
    -0.00000    -0.00000    -1.00000
           0           2          20           2
    -2.49121    -4.50307    -2.85524
    -0.74266     0.66967    -0.00000
     0.66967     0.74266    -0.00000
    -0.00000    -0.00000    -1.00000
           0           2          20           3
    -2.49121    -4.50307     2.83676
    -0.74266     0.66967    -0.00000
     0.66967     0.74266    -0.00000
    -0.00000    -0.00000    -1.00000
           0           2          20           4
    -2.49121    -4.50307     8.52876
    -0.74266     0.66967    -0.00000
     0.66967     0.74266    -0.00000
    -0.00000    -0.00000    -1.00000
           0           3           1           1
     5.62623   -10.33281    12.75472
    -0.87817    -0.47836    -0.00000
    -0.47836     0.87817    -0.00000
     0.00000    -0.00000    -1.00000
           0           3           1           2
     5.62623   -10.33281     6.37932
    -0.87817    -0.47836    -0.00000
    -0.47836     0.87817    -0.00000
     0.00000    -0.00000    -1.00000
           0           3           1           3
     5.62623   -10.33281     0.00392
    -0.87817    -0.47836    -0.00000
    -0.47836     0.87817    -0.00000
     0.00000    -0.00000    -1.00000
           0           3           1           4
     5.62623   -10.33281    -6.37148
    -0.87817    -0.47836    -0.00000
    -0.47836     0.87817    -0.00000
     0.00000    -0.00000    -1.00000
           0           3           1           5
     5.62623   -10.33281   -12.74688
    -0.87817    -0.47836    -0.00000
    -0.47836     0.87817    -0.00000
     0.00000    -0.00000    -1.00000
           0           3           2           1
     7.52773    -7.11725    12.75472
    -0.68688    -0.72677     0.00000
    -0.72677     0.68688     0.00000
    -0.00000     0.00000    -1.00000
           0           3           2           2
     7.52773    -7.11725     6.37932
    -0.68688    -0.72677     0.00000
    -0.72677     0.68688     0.00000
    -0.00000     0.00000    -1.00000
           0           3           2           3
     7.52773    -7.11725     0.00392
    -0.68688    -0.72677     0.00000
    -0.72677     0.68688     0.00000
    -0.00000     0.00000    -1.00000
           0           3           2           4
     7.52773    -7.11725    -6.37148
    -0.68688    -0.72677     0.00000
    -0.72677     0.68688     0.00000
    -0.00000     0.00000    -1.00000
           0           3           2           5
     7.52773    -7.11725   -12.74688
    -0.68688    -0.72677     0.00000
    -0.72677     0.68688     0.00000
    -0.00000     0.00000    -1.00000
           0           3           3           1
    11.52428    -5.67786    12.75472
    -0.44183    -0.89710     0.00000
    -0.89710     0.44183     0.00000
    -0.00000     0.00000    -1.00000
           0           3           3           2
    11.52428    -5.67786     6.37932
    -0.44183    -0.89710     0.00000
    -0.89710     0.44183     0.00000
    -0.00000     0.00000    -1.00000
           0           3           3           3
    11.52428    -5.67786     0.00392
    -0.44183    -0.89710     0.00000
    -0.89710     0.44183     0.00000
    -0.00000     0.00000    -1.00000
           0           3           3           4
    11.52428    -5.67786    -6.37148
    -0.44183    -0.89710     0.00000
    -0.89710     0.44183     0.00000
    -0.00000     0.00000    -1.00000
           0           3           3           5
    11.52428    -5.67786   -12.74688
    -0.44183    -0.89710     0.00000
    -0.89710     0.44183     0.00000
    -0.00000     0.00000    -1.00000
           0           3           4           1
    11.57882    -2.07690    12.75472
    -0.17643    -0.98431     0.00000
    -0.98431     0.17643     0.00000
    -0.00000     0.00000    -1.00000
           0           3           4           2
    11.57882    -2.07690     6.37932
    -0.17643    -0.98431     0.00000
    -0.98431     0.17643     0.00000
    -0.00000     0.00000    -1.00000
           0           3           4           3
    11.57882    -2.07690     0.00392
    -0.17643    -0.98431     0.00000
    -0.98431     0.17643     0.00000
    -0.00000     0.00000    -1.00000
           0           3           4           4
    11.57882    -2.07690    -6.37148
    -0.17643    -0.98431     0.00000
    -0.98431     0.17643     0.00000
    -0.00000     0.00000    -1.00000
           0           3           4           5
    11.57882    -2.07690   -12.74688
    -0.17643    -0.98431     0.00000
    -0.98431     0.17643     0.00000
    -0.00000     0.00000    -1.00000
           0           3           5           1
    10.26064     1.41853    12.75472
     0.13704    -0.99057     0.00000
    -0.99057    -0.13704     0.00000
    -0.00000    -0.00000    -1.00000
           0           3           5           2
    10.26064     1.41853     6.37932
     0.13704    -0.99057     0.00000
    -0.99057    -0.13704     0.00000
    -0.00000    -0.00000    -1.00000
           0           3           5           3
    10.26064     1.41853     0.00392
     0.13704    -0.99057     0.00000
    -0.99057    -0.13704     0.00000
    -0.00000    -0.00000    -1.00000
           0           3           5           4
    10.26064     1.41853    -6.37148
     0.13704    -0.99057     0.00000
    -0.99057    -0.13704     0.00000
    -0.00000    -0.00000    -1.00000
           0           3           5           5
    10.26064     1.41853   -12.74688
     0.13704    -0.99057     0.00000
    -0.99057    -0.13704     0.00000
    -0.00000    -0.00000    -1.00000
           0           3           6           1
    11.63891     5.43656    12.75472
     0.42324    -0.90602     0.00000
    -0.90602    -0.42324     0.00000
    -0.00000    -0.00000    -1.00000
           0           3           6           2
    11.63891     5.43656     6.37932
     0.42324    -0.90602     0.00000
    -0.90602    -0.42324     0.00000
    -0.00000    -0.00000    -1.00000
           0           3           6           3
    11.63891     5.43656     0.00392
     0.42324    -0.90602     0.00000
    -0.90602    -0.42324     0.00000
    -0.00000    -0.00000    -1.00000
           0           3           6           4
    11.63891     5.43656    -6.37148
     0.42324    -0.90602     0.00000
    -0.90602    -0.42324     0.00000
    -0.00000    -0.00000    -1.00000
           0           3           6           5
    11.63891     5.43656   -12.74688
     0.42324    -0.90602     0.00000
    -0.90602    -0.42324     0.00000
    -0.00000    -0.00000    -1.00000
           0           3           7           1
     8.86430     7.73254    12.75472
     0.65735    -0.75358     0.00000
    -0.75358    -0.65735     0.00000
    -0.00000    -0.00000    -1.00000
           0           3           7           2
     8.86430     7.73254     6.37932
     0.65735    -0.75358     0.00000
    -0.75358    -0.65735     0.00000
    -0.00000    -0.00000    -1.00000
           0           3           7           3
     8.86430     7.73254     0.00392
     0.65735    -0.75358     0.00000
    -0.75358    -0.65735     0.00000
    -0.00000    -0.00000    -1.00000
           0           3           7           4
     8.86430     7.73254    -6.37148
     0.65735    -0.75358     0.00000
    -0.75358    -0.65735     0.00000
    -0.00000    -0.00000    -1.00000
           0           3           7           5
     8.86430     7.73254   -12.74688
     0.65735    -0.75358     0.00000
    -0.75358    -0.65735     0.00000
    -0.00000    -0.00000    -1.00000
           0           3           8           1
     5.31300     8.89175    12.75472
     0.85839    -0.51299     0.00000
    -0.51299    -0.85839     0.00000
    -0.00000    -0.00000    -1.00000
           0           3           8           2
     5.31300     8.89175     6.37932
     0.85839    -0.51299     0.00000
    -0.51299    -0.85839     0.00000
    -0.00000    -0.00000    -1.00000
           0           3           8           3
     5.31300     8.89175     0.00392
     0.85839    -0.51299     0.00000
    -0.51299    -0.85839     0.00000
    -0.00000    -0.00000    -1.00000
           0           3           8           4
     5.31300     8.89175    -6.37148
     0.85839    -0.51299     0.00000
    -0.51299    -0.85839     0.00000
    -0.00000    -0.00000    -1.00000
           0           3           8           5
     5.31300     8.89175   -12.74688
     0.85839    -0.51299     0.00000
    -0.51299    -0.85839     0.00000
    -0.00000    -0.00000    -1.00000
           0           3           9           1
    -5.31265     8.90516   -12.74323
    -0.85815    -0.51340    -0.00000
     0.51340    -0.85815    -0.00000
     0.00000     0.00000     1.00000
           0           3           9           2
    -5.31265     8.90516    -6.36783
    -0.85815    -0.51340    -0.00000
     0.51340    -0.85815    -0.00000
     0.00000     0.00000     1.00000
           0           3           9           3
    -5.31265     8.90516     0.00757
    -0.85815    -0.51340    -0.00000
     0.51340    -0.85815    -0.00000
     0.00000     0.00000     1.00000
           0           3           9           4
    -5.31265     8.90516     6.38297
    -0.85815    -0.51340    -0.00000
     0.51340    -0.85815    -0.00000
     0.00000     0.00000     1.00000
           0           3           9           5
    -5.31265     8.90516    12.75838
    -0.85815    -0.51340    -0.00000
     0.51340    -0.85815    -0.00000
     0.00000     0.00000     1.00000
           0           3          10           1
    -8.86297     7.74478   -12.74323
    -0.65704    -0.75386    -0.00000
     0.75386    -0.65704    -0.00000
     0.00000     0.00000     1.00000
           0           3          10           2
    -8.86297     7.74478    -6.36783
    -0.65704    -0.75386    -0.00000
     0.75386    -0.65704    -0.00000
     0.00000     0.00000     1.00000
           0           3          10           3
    -8.86297     7.74478     0.00757
    -0.65704    -0.75386    -0.00000
     0.75386    -0.65704    -0.00000
     0.00000     0.00000     1.00000
           0           3          10           4
    -8.86297     7.74478     6.38297
    -0.65704    -0.75386    -0.00000
     0.75386    -0.65704    -0.00000
     0.00000     0.00000     1.00000
           0           3          10           5
    -8.86297     7.74478    12.75838
    -0.65704    -0.75386    -0.00000
     0.75386    -0.65704    -0.00000
     0.00000     0.00000     1.00000
           0           3          11           1
   -11.63643     5.44805   -12.74323
    -0.42289    -0.90618    -0.00000
     0.90618    -0.42289    -0.00000
     0.00000     0.00000     1.00000
           0           3          11           2
   -11.63643     5.44805    -6.36783
    -0.42289    -0.90618    -0.00000
     0.90618    -0.42289    -0.00000
     0.00000     0.00000     1.00000
           0           3          11           3
   -11.63643     5.44805     0.00757
    -0.42289    -0.90618    -0.00000
     0.90618    -0.42289    -0.00000
     0.00000     0.00000     1.00000
           0           3          11           4
   -11.63643     5.44805     6.38297
    -0.42289    -0.90618    -0.00000
     0.90618    -0.42289    -0.00000
     0.00000     0.00000     1.00000
           0           3          11           5
   -11.63643     5.44805    12.75838
    -0.42289    -0.90618    -0.00000
     0.90618    -0.42289    -0.00000
     0.00000     0.00000     1.00000
           0           3          12           1
   -10.25677     1.42960   -12.74323
    -0.13657    -0.99063    -0.00000
     0.99063    -0.13657    -0.00000
     0.00000     0.00000     1.00000
           0           3          12           2
   -10.25677     1.42960    -6.36783
    -0.13657    -0.99063    -0.00000
     0.99063    -0.13657    -0.00000
     0.00000     0.00000     1.00000
           0           3          12           3
   -10.25677     1.42960     0.00757
    -0.13657    -0.99063    -0.00000
     0.99063    -0.13657    -0.00000
     0.00000     0.00000     1.00000
           0           3          12           4
   -10.25677     1.42960     6.38297
    -0.13657    -0.99063    -0.00000
     0.99063    -0.13657    -0.00000
     0.00000     0.00000     1.00000
           0           3          12           5
   -10.25677     1.42960    12.75838
    -0.13657    -0.99063    -0.00000
     0.99063    -0.13657    -0.00000
     0.00000     0.00000     1.00000
           0           3          13           1
   -11.57342    -2.06579   -12.74323
     0.17684    -0.98424    -0.00000
     0.98424     0.17684    -0.00000
     0.00000     0.00000     1.00000
           0           3          13           2
   -11.57342    -2.06579    -6.36783
     0.17684    -0.98424    -0.00000
     0.98424     0.17684    -0.00000
     0.00000     0.00000     1.00000
           0           3          13           3
   -11.57342    -2.06579     0.00757
     0.17684    -0.98424    -0.00000
     0.98424     0.17684    -0.00000
     0.00000     0.00000     1.00000
           0           3          13           4
   -11.57342    -2.06579     6.38297
     0.17684    -0.98424    -0.00000
     0.98424     0.17684    -0.00000
     0.00000     0.00000     1.00000
           0           3          13           5
   -11.57342    -2.06579    12.75838
     0.17684    -0.98424    -0.00000
     0.98424     0.17684    -0.00000
     0.00000     0.00000     1.00000
           0           3          14           1
   -11.51757    -5.66633   -12.74323
     0.44217    -0.89693    -0.00000
     0.89693     0.44217    -0.00000
     0.00000     0.00000     1.00000
           0           3          14           2
   -11.51757    -5.66633    -6.36783
     0.44217    -0.89693    -0.00000
     0.89693     0.44217    -0.00000
     0.00000     0.00000     1.00000
           0           3          14           3
   -11.51757    -5.66633     0.00757
     0.44217    -0.89693    -0.00000
     0.89693     0.44217    -0.00000
     0.00000     0.00000     1.00000
           0           3          14           4
   -11.51757    -5.66633     6.38297
     0.44217    -0.89693    -0.00000
     0.89693     0.44217    -0.00000
     0.00000     0.00000     1.00000
           0           3          14           5
   -11.51757    -5.66633    12.75838
     0.44217    -0.89693    -0.00000
     0.89693     0.44217    -0.00000
     0.00000     0.00000     1.00000
           0           3          15           1
    -7.51983    -7.10489   -12.74323
     0.68723    -0.72644    -0.00000
     0.72644     0.68723    -0.00000
     0.00000     0.00000     1.00000
           0           3          15           2
    -7.51983    -7.10489    -6.36783
     0.68723    -0.72644    -0.00000
     0.72644     0.68723    -0.00000
     0.00000     0.00000     1.00000
           0           3          15           3
    -7.51983    -7.10489     0.00757
     0.68723    -0.72644    -0.00000
     0.72644     0.68723    -0.00000
     0.00000     0.00000     1.00000
           0           3          15           4
    -7.51983    -7.10489     6.38297
     0.68723    -0.72644    -0.00000
     0.72644     0.68723    -0.00000
     0.00000     0.00000     1.00000
           0           3          15           5
    -7.51983    -7.10489    12.75838
     0.68723    -0.72644    -0.00000
     0.72644     0.68723    -0.00000
     0.00000     0.00000     1.00000
           0           3          16           1
    -5.61740   -10.31923   -12.74323
     0.87837    -0.47799    -0.00000
     0.47799     0.87837    -0.00000
     0.00000     0.00000     1.00000
           0           3          16           2
    -5.61740   -10.31923    -6.36783
     0.87837    -0.47799    -0.00000
     0.47799     0.87837    -0.00000
     0.00000     0.00000     1.00000
           0           3          16           3
