 SVX cage parameters:
     2.20000
     0.50000     0.20000
     0.00000
           6
   -40.00000   -26.50000   -26.50000    26.50000    26.50000    40.00000
    53.00000    53.00000    22.14782    22.14782    53.00000    53.00000
     0.00000     0.00000     0.00000
 SVX barrel parameters:
           4
     2.63000     5.19260    11.76500    16.68700     1.14100
     0.00000     0.00000     0.00000     0.00000
           4           4           5           6
     0.69600     0.69600     1.74500     1.74500
     0.01000     0.01000     0.03125     0.03125
     2.83600     2.83600     3.18770     3.18770
     0.01900     0.01900     0.00000     0.00000
     0.02000     0.02000     0.00000     0.00000
    26.70000    13.62600    17.00000    12.00000
   -13.00000   -12.98000     0.00000     0.00000
           2
           5           5
     0.00000   180.00000
           2
          10          10
     0.00000   180.00000
           2
           8           8
     0.00000   180.00000
           2
          12          12
     0.00000   180.00000
 SVX barrel sensor rotation matrices and translation vectors:
           0           1           1           1
     1.58622    -2.13137     8.67690
     0.63958     0.76872    -0.00000
    -0.76872     0.63958    -0.00033
    -0.00025     0.00021     1.00000
           0           1           1           2
     1.59243    -2.12686     2.98491
     0.63958     0.76872    -0.00000
    -0.76872     0.63958    -0.00033
    -0.00025     0.00021     1.00000
           0           1           1           3
     1.59864    -2.12236    -2.70709
     0.63958     0.76872    -0.00000
    -0.76872     0.63958    -0.00033
    -0.00025     0.00021     1.00000
           0           1           1           4
     1.60484    -2.11785    -8.39908
     0.63958     0.76872    -0.00000
    -0.76872     0.63958    -0.00033
    -0.00025     0.00021     1.00000
           0           1           2           1
     2.33175    -1.17913     8.67986
     0.22534     0.97428    -0.00000
    -0.97428     0.22534    -0.00088
    -0.00086     0.00020     1.00000
           0           1           2           2
     2.33795    -1.17462     2.98788
     0.22534     0.97428    -0.00000
    -0.97428     0.22534    -0.00088
    -0.00086     0.00020     1.00000
           0           1           2           3
     2.34415    -1.17012    -2.70412
     0.22534     0.97428    -0.00000
    -0.97428     0.22534    -0.00088
    -0.00086     0.00020     1.00000
           0           1           2           4
     2.35036    -1.16561    -8.39612
     0.22534     0.97428    -0.00000
    -0.97428     0.22534    -0.00088
    -0.00086     0.00020     1.00000
           0           1           3           1
     2.60317    -0.00847     8.67485
    -0.23594     0.97177    -0.00000
    -0.97177    -0.23594    -0.00125
    -0.00121    -0.00029     1.00000
           0           1           3           2
     2.60937    -0.00397     2.98285
    -0.23594     0.97177    -0.00000
    -0.97177    -0.23594    -0.00125
    -0.00121    -0.00029     1.00000
           0           1           3           3
     2.61558     0.00054    -2.70914
    -0.23594     0.97177    -0.00000
    -0.97177    -0.23594    -0.00125
    -0.00121    -0.00029     1.00000
           0           1           3           4
     2.62178     0.00504    -8.40114
    -0.23594     0.97177    -0.00000
    -0.97177    -0.23594    -0.00125
    -0.00121    -0.00029     1.00000
           0           1           4           1
     2.33668     1.17354     8.67937
    -0.64739     0.76216    -0.00000
    -0.76216    -0.64739    -0.00134
    -0.00102    -0.00087     1.00000
           0           1           4           2
     2.34289     1.17805     2.98738
    -0.64739     0.76216    -0.00000
    -0.76216    -0.64739    -0.00134
    -0.00102    -0.00087     1.00000
           0           1           4           3
     2.34909     1.18255    -2.70462
    -0.64739     0.76216    -0.00000
    -0.76216    -0.64739    -0.00134
    -0.00102    -0.00087     1.00000
           0           1           4           4
     2.35530     1.18706    -8.39661
    -0.64739     0.76216    -0.00000
    -0.76216    -0.64739    -0.00134
    -0.00102    -0.00087     1.00000
           0           1           5           1
     1.53684     2.08459     8.66561
    -0.92059     0.39054    -0.00000
    -0.39054    -0.92058    -0.00115
    -0.00045    -0.00106     1.00000
           0           1           5           2
     1.54305     2.08909     2.97362
    -0.92059     0.39054    -0.00000
    -0.39054    -0.92059    -0.00115
    -0.00045    -0.00106     1.00000
           0           1           5           3
     1.54925     2.09360    -2.71838
    -0.92059     0.39054    -0.00000
    -0.39054    -0.92059    -0.00115
    -0.00045    -0.00106     1.00000
           0           1           5           4
     1.55546     2.09810    -8.41037
    -0.92059     0.39054    -0.00000
    -0.39054    -0.92059    -0.00115
    -0.00045    -0.00106     1.00000
           0           1           6           1
    -1.55169     2.08419    -8.54557
     0.92073     0.39020    -0.00000
     0.39020    -0.92073    -0.00089
    -0.00035     0.00082    -1.00000
           0           1           6           2
    -1.54880     2.07990    -2.85357
     0.92073     0.39020    -0.00000
     0.39020    -0.92073    -0.00089
    -0.00035     0.00082    -1.00000
           0           1           6           3
    -1.54592     2.07562     2.83843
     0.92073     0.39020    -0.00000
     0.39020    -0.92073    -0.00089
    -0.00035     0.00082    -1.00000
           0           1           6           4
    -1.54304     2.07133     8.53043
     0.92073     0.39021    -0.00000
     0.39021    -0.92073    -0.00089
    -0.00035     0.00082    -1.00000
           0           1           7           1
    -2.33740     1.17627    -8.54369
     0.64841     0.76129    -0.00000
     0.76129    -0.64841    -0.00087
    -0.00066     0.00056    -1.00000
           0           1           7           2
    -2.33451     1.17201    -2.85169
     0.64841     0.76129    -0.00000
     0.76129    -0.64841    -0.00087
    -0.00066     0.00056    -1.00000
           0           1           7           3
    -2.33162     1.16774     2.84031
     0.64841     0.76129    -0.00000
     0.76129    -0.64841    -0.00087
    -0.00066     0.00056    -1.00000
           0           1           7           4
    -2.32873     1.16349     8.53231
     0.64842     0.76129    -0.00000
     0.76129    -0.64841    -0.00087
    -0.00066     0.00056    -1.00000
           0           1           8           1
    -2.63308     0.01182    -8.55637
     0.23674     0.97157    -0.00000
     0.97157    -0.23674    -0.00067
    -0.00065     0.00016    -1.00000
           0           1           8           2
    -2.63020     0.00759    -2.86437
     0.23674     0.97157    -0.00000
     0.97157    -0.23674    -0.00067
    -0.00065     0.00016    -1.00000
           0           1           8           3
    -2.62732     0.00335     2.82763
     0.23674     0.97157    -0.00000
     0.97157    -0.23674    -0.00067
    -0.00065     0.00016    -1.00000
           0           1           8           4
    -2.62444    -0.00088     8.51963
     0.23674     0.97157    -0.00000
     0.97157    -0.23674    -0.00067
    -0.00065     0.00016    -1.00000
           0           1           9           1
    -2.36401    -1.16493    -8.54229
    -0.22522     0.97431    -0.00000
     0.97431     0.22522    -0.00032
    -0.00031    -0.00007    -1.00000
           0           1           9           2
    -2.36115    -1.16916    -2.85029
    -0.22522     0.97431    -0.00000
     0.97431     0.22522    -0.00032
    -0.00031    -0.00007    -1.00000
           0           1           9           3
    -2.35829    -1.17341     2.84170
    -0.22522     0.97431    -0.00000
     0.97431     0.22522    -0.00032
    -0.00031    -0.00007    -1.00000
           0           1           9           4
    -2.35544    -1.17764     8.53370
    -0.22522     0.97431    -0.00000
     0.97431     0.22522    -0.00032
    -0.00031    -0.00007    -1.00000
           0           1          10           1
    -1.62494    -2.11266    -8.54359
    -0.63844     0.76967     0.00000
     0.76967     0.63844     0.00009
     0.00007     0.00006    -1.00000
           0           1          10           2
    -1.62210    -2.11692    -2.85159
    -0.63844     0.76967     0.00000
     0.76967     0.63844     0.00009
     0.00007     0.00006    -1.00000
           0           1          10           3
    -1.61926    -2.12118     2.84040
    -0.63844     0.76967     0.00000
     0.76967     0.63844     0.00009
     0.00007     0.00006    -1.00000
           0           1          10           4
    -1.61642    -2.12544     8.53240
    -0.63844     0.76967     0.00000
     0.76967     0.63844     0.00009
     0.00007     0.00006    -1.00000
           0           2           1           1
     2.50965    -4.54865     8.67684
     0.74573     0.66625    -0.00000
    -0.66625     0.74573    -0.00014
    -0.00009     0.00010     1.00000
           0           2           1           2
     2.51586    -4.54414     2.98485
     0.74573     0.66625    -0.00000
    -0.66625     0.74573    -0.00014
    -0.00009     0.00010     1.00000
           0           2           1           3
     2.52207    -4.53963    -2.70715
     0.74573     0.66625    -0.00000
    -0.66625     0.74573    -0.00014
    -0.00009     0.00010     1.00000
           0           2           1           4
     2.52827    -4.53513    -8.39914
     0.74573     0.66625    -0.00000
    -0.66625     0.74573    -0.00014
    -0.00009     0.00010     1.00000
           0           2           2           1
     3.50178    -3.84159     8.68417
     0.56770     0.82323    -0.00000
    -0.82323     0.56770    -0.00045
    -0.00037     0.00026     1.00000
           0           2           2           2
     3.50799    -3.83708     2.99218
     0.56770     0.82323    -0.00000
    -0.82323     0.56770    -0.00045
    -0.00037     0.00026     1.00000
           0           2           2           3
     3.51419    -3.83257    -2.69982
     0.56770     0.82323    -0.00000
    -0.82323     0.56770    -0.00045
    -0.00037     0.00026     1.00000
           0           2           2           4
     3.52040    -3.82807    -8.39181
     0.56770     0.82323    -0.00000
    -0.82323     0.56770    -0.00045
    -0.00037     0.00026     1.00000
           0           2           3           1
     4.27896    -2.89799     8.67521
     0.35754     0.93390    -0.00000
    -0.93390     0.35754    -0.00073
    -0.00068     0.00026     1.00000
           0           2           3           2
     4.28516    -2.89348     2.98321
     0.35754     0.93390    -0.00000
    -0.93390     0.35754    -0.00073
    -0.00068     0.00026     1.00000
           0           2           3           3
     4.29136    -2.88898    -2.70878
     0.35754     0.93390    -0.00000
    -0.93390     0.35754    -0.00073
    -0.00068     0.00026     1.00000
           0           2           3           4
     4.29757    -2.88447    -8.40077
     0.35754     0.93390    -0.00000
    -0.93390     0.35754    -0.00073
    -0.00068     0.00026     1.00000
           0           2           4           1
     4.83344    -1.80845     8.67719
     0.12743     0.99185    -0.00000
    -0.99185     0.12743    -0.00098
    -0.00097     0.00012     1.00000
           0           2           4           2
     4.83963    -1.80395     2.98520
     0.12743     0.99185    -0.00000
    -0.99185     0.12743    -0.00098
    -0.00097     0.00012     1.00000
           0           2           4           3
     4.84584    -1.79944    -2.70680
     0.12743     0.99185    -0.00000
    -0.99185     0.12743    -0.00098
    -0.00097     0.00012     1.00000
           0           2           4           4
     4.85204    -1.79493    -8.39879
     0.12744     0.99185    -0.00000
    -0.99185     0.12744    -0.00098
    -0.00097     0.00012     1.00000
           0           2           5           1
     5.13810    -0.62431     8.67419
    -0.10960     0.99398    -0.00000
    -0.99397    -0.10960    -0.00117
    -0.00116    -0.00013     1.00000
           0           2           5           2
     5.14430    -0.61980     2.98219
    -0.10960     0.99398    -0.00000
    -0.99397    -0.10960    -0.00117
    -0.00116    -0.00013     1.00000
           0           2           5           3
     5.15051    -0.61529    -2.70980
    -0.10960     0.99398    -0.00000
    -0.99397    -0.10960    -0.00117
    -0.00116    -0.00013     1.00000
           0           2           5           4
     5.15671    -0.61079    -8.40180
    -0.10960     0.99398    -0.00000
    -0.99397    -0.10960    -0.00117
    -0.00116    -0.00013     1.00000
           0           2           6           1
     5.10665     0.59053     8.66790
    -0.34055     0.94023    -0.00000
    -0.94023    -0.34055    -0.00129
    -0.00121    -0.00044     1.00000
           0           2           6           2
     5.11285     0.59503     2.97591
    -0.34055     0.94023    -0.00000
    -0.94023    -0.34055    -0.00129
    -0.00121    -0.00044     1.00000
           0           2           6           3
     5.11906     0.59954    -2.71609
    -0.34055     0.94023    -0.00000
    -0.94023    -0.34055    -0.00129
    -0.00121    -0.00044     1.00000
           0           2           6           4
     5.12526     0.60404    -8.40808
    -0.34055     0.94023    -0.00000
    -0.94023    -0.34055    -0.00129
    -0.00121    -0.00044     1.00000
           0           2           7           1
     4.89199     1.80909     8.67848
    -0.55249     0.83352    -0.00000
    -0.83352    -0.55249    -0.00135
    -0.00113    -0.00075     1.00000
           0           2           7           2
     4.89819     1.81359     2.98649
    -0.55249     0.83352    -0.00000
    -0.83352    -0.55249    -0.00135
    -0.00113    -0.00075     1.00000
           0           2           7           3
     4.90440     1.81810    -2.70551
    -0.55249     0.83352    -0.00000
    -0.83352    -0.55249    -0.00135
    -0.00113    -0.00075     1.00000
           0           2           7           4
     4.91061     1.82261    -8.39750
    -0.55249     0.83352    -0.00000
    -0.83352    -0.55249    -0.00135
    -0.00113    -0.00075     1.00000
           0           2           8           1
     4.32277     2.89363     8.67716
    -0.73323     0.67998    -0.00000
    -0.67998    -0.73323    -0.00132
    -0.00090    -0.00097     1.00000
           0           2           8           2
     4.32897     2.89814     2.98517
    -0.73323     0.67998    -0.00000
    -0.67998    -0.73323    -0.00132
    -0.00090    -0.00097     1.00000
           0           2           8           3
     4.33518     2.90265    -2.70683
    -0.73323     0.67998    -0.00000
    -0.67998    -0.73323    -0.00132
    -0.00090    -0.00097     1.00000
           0           2           8           4
     4.34138     2.90715    -8.39882
    -0.73323     0.67998    -0.00000
    -0.67998    -0.73323    -0.00132
    -0.00090    -0.00097     1.00000
           0           2           9           1
     3.49005     3.80121     8.66751
    -0.87271     0.48824    -0.00000
    -0.48824    -0.87271    -0.00122
    -0.00060    -0.00106     1.00000
           0           2           9           2
     3.49626     3.80572     2.97552
    -0.87271     0.48824    -0.00000
    -0.48824    -0.87271    -0.00122
    -0.00060    -0.00106     1.00000
           0           2           9           3
     3.50247     3.81023    -2.71648
    -0.87271     0.48824    -0.00000
    -0.48824    -0.87271    -0.00122
    -0.00060    -0.00106     1.00000
           0           2           9           4
     3.50867     3.81473    -8.40847
    -0.87271     0.48824    -0.00000
    -0.48824    -0.87271    -0.00122
    -0.00060    -0.00106     1.00000
           0           2          10           1
     2.49748     4.52072     8.67680
    -0.96314     0.26899    -0.00000
    -0.26899    -0.96314    -0.00106
    -0.00029    -0.00102     1.00000
           0           2          10           2
     2.50369     4.52523     2.98480
    -0.96314     0.26899    -0.00000
    -0.26898    -0.96314    -0.00106
    -0.00029    -0.00102     1.00000
           0           2          10           3
     2.50990     4.52973    -2.70719
    -0.96314     0.26898    -0.00000
    -0.26898    -0.96314    -0.00106
    -0.00029    -0.00102     1.00000
           0           2          10           4
     2.51610     4.53424    -8.39919
    -0.96314     0.26898    -0.00000
    -0.26898    -0.96314    -0.00106
    -0.00029    -0.00102     1.00000
           0           2          11           1
    -2.49620     4.53502    -8.55701
     0.96365     0.26718    -0.00000
     0.26718    -0.96365    -0.00086
    -0.00023     0.00083    -1.00000
           0           2          11           2
    -2.49332     4.53074    -2.86501
     0.96365     0.26718    -0.00000
     0.26718    -0.96365    -0.00086
    -0.00023     0.00083    -1.00000
           0           2          11           3
    -2.49044     4.52645     2.82699
     0.96365     0.26718    -0.00000
     0.26718    -0.96365    -0.00086
    -0.00023     0.00083    -1.00000
           0           2          11           4
    -2.48756     4.52217     8.51899
     0.96365     0.26718    -0.00000
     0.26718    -0.96365    -0.00086
    -0.00023     0.00083    -1.00000
           0           2          12           1
    -3.51517     3.84385    -8.54865
     0.87388     0.48615    -0.00000
     0.48615    -0.87388    -0.00090
    -0.00044     0.00079    -1.00000
           0           2          12           2
    -3.51229     3.83957    -2.85665
     0.87388     0.48615    -0.00000
     0.48615    -0.87388    -0.00090
    -0.00044     0.00079    -1.00000
           0           2          12           3
    -3.50941     3.83528     2.83534
     0.87388     0.48615    -0.00000
     0.48615    -0.87388    -0.00090
    -0.00044     0.00079    -1.00000
           0           2          12           4
    -3.50653     3.83100     8.52734
     0.87388     0.48615    -0.00000
     0.48615    -0.87388    -0.00090
    -0.00044     0.00079    -1.00000
           0           2          13           1
    -4.31078     2.90741    -8.55432
     0.73494     0.67813    -0.00000
     0.67813    -0.73494    -0.00090
    -0.00061     0.00066    -1.00000
           0           2          13           2
    -4.30791     2.90313    -2.86232
     0.73495     0.67813    -0.00000
     0.67813    -0.73494    -0.00090
    -0.00061     0.00066    -1.00000
           0           2          13           3
    -4.30503     2.89884     2.82968
     0.73495     0.67813    -0.00000
     0.67813    -0.73494    -0.00090
    -0.00061     0.00066    -1.00000
           0           2          13           4
    -4.30215     2.89455     8.52167
     0.73495     0.67813    -0.00000
     0.67813    -0.73495    -0.00090
    -0.00061     0.00066    -1.00000
           0           2          14           1
    -4.87767     1.81954    -8.55027
     0.55465     0.83208    -0.00000
     0.83208    -0.55465    -0.00084
    -0.00070     0.00047    -1.00000
           0           2          14           2
    -4.87480     1.81523    -2.85828
     0.55465     0.83208    -0.00000
     0.83208    -0.55465    -0.00084
    -0.00070     0.00047    -1.00000
           0           2          14           3
    -4.87192     1.81094     2.83372
     0.55465     0.83208    -0.00000
     0.83208    -0.55465    -0.00084
    -0.00070     0.00047    -1.00000
           0           2          14           4
    -4.86905     1.80664     8.52572
     0.55465     0.83208    -0.00000
     0.83208    -0.55465    -0.00084
    -0.00070     0.00047    -1.00000
           0           2          15           1
    -5.19400     0.62888    -8.55193
     0.34242     0.93955    -0.00000
     0.93955    -0.34242    -0.00073
    -0.00069     0.00025    -1.00000
           0           2          15           2
    -5.19112     0.62459    -2.85993
     0.34242     0.93955    -0.00000
     0.93955    -0.34241    -0.00073
    -0.00069     0.00025    -1.00000
           0           2          15           3
    -5.18824     0.62029     2.83207
     0.34241     0.93955    -0.00000
     0.93955    -0.34241    -0.00073
    -0.00069     0.00025    -1.00000
           0           2          15           4
    -5.18536     0.61601     8.52407
     0.34241     0.93955    -0.00000
     0.93955    -0.34241    -0.00073
    -0.00069     0.00025    -1.00000
           0           2          16           1
    -5.15804    -0.59415    -8.54713
     0.11175     0.99374    -0.00000
     0.99374    -0.11175    -0.00059
    -0.00059     0.00007    -1.00000
           0           2          16           2
    -5.15517    -0.59843    -2.85513
     0.11175     0.99374    -0.00000
     0.99374    -0.11175    -0.00059
    -0.00059     0.00007    -1.00000
           0           2          16           3
    -5.15229    -0.60269     2.83687
     0.11175     0.99374    -0.00000
     0.99374    -0.11175    -0.00059
    -0.00059     0.00007    -1.00000
           0           2          16           4
    -5.14941    -0.60697     8.52887
     0.11175     0.99374    -0.00000
     0.99374    -0.11175    -0.00059
    -0.00059     0.00007    -1.00000
           0           2          17           1
    -4.87548    -1.78943    -8.55030
    -0.12605     0.99202    -0.00000
     0.99202     0.12605    -0.00041
    -0.00041    -0.00005    -1.00000
           0           2          17           2
    -4.87259    -1.79372    -2.85830
    -0.12605     0.99202    -0.00000
     0.99202     0.12605    -0.00041
    -0.00041    -0.00005    -1.00000
           0           2          17           3
    -4.86971    -1.79799     2.83369
    -0.12605     0.99202    -0.00000
     0.99202     0.12605    -0.00041
    -0.00041    -0.00005    -1.00000
           0           2          17           4
    -4.86683    -1.80228     8.52569
    -0.12605     0.99202    -0.00000
     0.99202     0.12605    -0.00041
    -0.00041    -0.00005    -1.00000
           0           2          18           1
    -4.33592    -2.88946    -8.55220
    -0.35593     0.93451    -0.00000
     0.93451     0.35593    -0.00020
    -0.00019    -0.00007    -1.00000
           0           2          18           2
    -4.33304    -2.89374    -2.86021
    -0.35593     0.93451    -0.00000
     0.93451     0.35593    -0.00020
    -0.00019    -0.00007    -1.00000
           0           2          18           3
    -4.33015    -2.89803     2.83179
    -0.35593     0.93451    -0.00000
     0.93451     0.35593    -0.00020
    -0.00019    -0.00007    -1.00000
           0           2          18           4
    -4.32727    -2.90231     8.52379
    -0.35593     0.93451    -0.00000
     0.93451     0.35593    -0.00020
    -0.00019    -0.00007    -1.00000
           0           2          19           1
    -3.55934    -3.83843    -8.54734
    -0.56588     0.82449     0.00000
     0.82449     0.56588     0.00001
     0.00001     0.00001    -1.00000
           0           2          19           2
    -3.55646    -3.84272    -2.85535
    -0.56588     0.82449     0.00000
     0.82449     0.56588     0.00001
     0.00001     0.00001    -1.00000
           0           2          19           3
    -3.55359    -3.84700     2.83665
    -0.56588     0.82449     0.00000
     0.82449     0.56588     0.00001
     0.00001     0.00001    -1.00000
           0           2          19           4
    -3.55071    -3.85129     8.52865
    -0.56588     0.82449     0.00000
     0.82449     0.56588     0.00001
     0.00001     0.00001    -1.00000
           0           2          20           1
    -2.58127    -4.57380    -8.54831
    -0.74406     0.66811     0.00000
     0.66811     0.74406     0.00022
     0.00015     0.00016    -1.00000
           0           2          20           2
    -2.57838    -4.57810    -2.85632
    -0.74406     0.66811     0.00000
     0.66811     0.74406     0.00022
     0.00015     0.00016    -1.00000
           0           2          20           3
    -2.57549    -4.58238     2.83568
    -0.74406     0.66811     0.00000
     0.66811     0.74406     0.00022
     0.00015     0.00016    -1.00000
           0           2          20           4
    -2.57261    -4.58668     8.52768
    -0.74406     0.66811     0.00000
     0.66811     0.74406     0.00022
     0.00015     0.00016    -1.00000
           0           3           1           1
     5.63618   -10.30629    12.85469
    -0.87783    -0.47897     0.00000
    -0.47897     0.87783     0.00017
    -0.00008     0.00015    -1.00000
           0           3           1           2
     5.64313   -10.30124     6.47929
    -0.87783    -0.47897     0.00000
    -0.47897     0.87783     0.00017
    -0.00008     0.00015    -1.00000
           0           3           1           3
     5.65008   -10.29619     0.10390
    -0.87783    -0.47897     0.00000
    -0.47897     0.87783     0.00017
    -0.00008     0.00015    -1.00000
           0           3           1           4
     5.65703   -10.29115    -6.27150
    -0.87783    -0.47897     0.00000
    -0.47897     0.87783     0.00017
    -0.00008     0.00015    -1.00000
           0           3           1           5
     5.66398   -10.28610   -12.64690
    -0.87783    -0.47897     0.00000
    -0.47897     0.87783     0.00017
    -0.00008     0.00015    -1.00000
           0           3           2           1
     7.52693    -7.12147    12.84641
    -0.68607    -0.72754    -0.00000
    -0.72754     0.68607    -0.00025
     0.00018    -0.00017    -1.00000
           0           3           2           2
     7.53388    -7.11643     6.47102
    -0.68607    -0.72754    -0.00000
    -0.72754     0.68607    -0.00025
     0.00018    -0.00017    -1.00000
           0           3           2           3
     7.54083    -7.11138     0.09563
    -0.68607    -0.72754    -0.00000
    -0.72754     0.68607    -0.00025
     0.00018    -0.00017    -1.00000
           0           3           2           4
     7.54777    -7.10633    -6.27977
    -0.68607    -0.72754    -0.00000
    -0.72754     0.68607    -0.00025
     0.00018    -0.00017    -1.00000
           0           3           2           5
     7.55472    -7.10128   -12.65516
    -0.68607    -0.72754    -0.00000
    -0.72754     0.68607    -0.00025
     0.00018    -0.00017    -1.00000
           0           3           3           1
    11.45798    -5.64547    12.86047
    -0.44110    -0.89746    -0.00000
    -0.89746     0.44110    -0.00063
     0.00057    -0.00028    -1.00000
           0           3           3           2
    11.46493    -5.64043     6.48509
    -0.44110    -0.89746    -0.00000
    -0.89746     0.44110    -0.00063
     0.00057    -0.00028    -1.00000
           0           3           3           3
    11.47187    -5.63538     0.10970
    -0.44110    -0.89746    -0.00000
    -0.89746     0.44110    -0.00063
     0.00057    -0.00028    -1.00000
           0           3           3           4
    11.47882    -5.63033    -6.26570
    -0.44110    -0.89746    -0.00000
    -0.89746     0.44110    -0.00063
     0.00057    -0.00028    -1.00000
           0           3           3           5
    11.48577    -5.62529   -12.64109
    -0.44110    -0.89746    -0.00000
    -0.89746     0.44110    -0.00063
     0.00057    -0.00028    -1.00000
           0           3           4           1
    11.52969    -2.06985    12.86637
    -0.17552    -0.98448    -0.00000
    -0.98448     0.17552    -0.00093
     0.00092    -0.00016    -1.00000
           0           3           4           2
    11.53664    -2.06481     6.49098
    -0.17552    -0.98448    -0.00000
    -0.98448     0.17552    -0.00093
     0.00092    -0.00016    -1.00000
           0           3           4           3
    11.54359    -2.05976     0.11559
    -0.17552    -0.98448    -0.00000
    -0.98448     0.17552    -0.00093
     0.00092    -0.00016    -1.00000
           0           3           4           4
    11.55054    -2.05471    -6.25980
    -0.17552    -0.98448    -0.00000
    -0.98448     0.17552    -0.00093
     0.00092    -0.00016    -1.00000
           0           3           4           5
    11.55749    -2.04967   -12.63521
    -0.17552    -0.98448    -0.00000
    -0.98448     0.17552    -0.00093
     0.00092    -0.00016    -1.00000
           0           3           5           1
    10.14984     1.39334    12.85525
     0.13787    -0.99045    -0.00000
    -0.99045    -0.13787    -0.00119
     0.00118     0.00016    -1.00000
           0           3           5           2
    10.15679     1.39838     6.47986
     0.13787    -0.99045    -0.00000
    -0.99045    -0.13787    -0.00119
     0.00118     0.00016    -1.00000
           0           3           5           3
    10.16374     1.40343     0.10446
     0.13787    -0.99045    -0.00000
    -0.99045    -0.13787    -0.00119
     0.00118     0.00016    -1.00000
           0           3           5           4
    10.17069     1.40848    -6.27094
     0.13787    -0.99045    -0.00000
    -0.99045    -0.13787    -0.00119
     0.00118     0.00016    -1.00000
           0           3           5           5
    10.17764     1.41353   -12.64634
     0.13787    -0.99045    -0.00000
    -0.99045    -0.13787    -0.00119
     0.00118     0.00016    -1.00000
           0           3           6           1
    11.72020     5.46833    12.89366
     0.42383    -0.90574    -0.00000
    -0.90574    -0.42382    -0.00132
     0.00120     0.00056    -1.00000
           0           3           6           2
    11.72715     5.47337     6.51827
     0.42383    -0.90574    -0.00000
    -0.90574    -0.42382    -0.00132
     0.00120     0.00056    -1.00000
           0           3           6           3
    11.73410     5.47843     0.14288
     0.42383    -0.90574    -0.00000
    -0.90574    -0.42382    -0.00132
     0.00120     0.00056    -1.00000
           0           3           6           4
    11.74105     5.48347    -6.23251
     0.42383    -0.90574    -0.00000
    -0.90574    -0.42382    -0.00132
     0.00120     0.00056    -1.00000
           0           3           6           5
    11.74800     5.48851   -12.60791
     0.42383    -0.90574    -0.00000
    -0.90574    -0.42382    -0.00132
     0.00120     0.00056    -1.00000
           0           3           7           1
     8.88066     7.70962    12.88105
     0.65756    -0.75340    -0.00000
    -0.75340    -0.65756    -0.00134
     0.00101     0.00088    -1.00000
           0           3           7           2
     8.88761     7.71467     6.50564
     0.65756    -0.75340    -0.00000
    -0.75340    -0.65756    -0.00134
     0.00101     0.00088    -1.00000
           0           3           7           3
     8.89456     7.71971     0.13026
     0.65756    -0.75340    -0.00000
    -0.75340    -0.65756    -0.00134
     0.00101     0.00088    -1.00000
           0           3           7           4
     8.90151     7.72476    -6.24514
     0.65756    -0.75340    -0.00000
    -0.75340    -0.65756    -0.00134
     0.00101     0.00088    -1.00000
           0           3           7           5
     8.90846     7.72981   -12.62053
     0.65756    -0.75340    -0.00000
    -0.75340    -0.65756    -0.00134
     0.00101     0.00088    -1.00000
           0           3           8           1
     5.34423     8.92567    12.86740
     0.85882    -0.51228    -0.00000
    -0.51228    -0.85882    -0.00124
     0.00064     0.00106    -1.00000
           0           3           8           2
     5.35119     8.93072     6.49200
     0.85882    -0.51228    -0.00000
    -0.51228    -0.85882    -0.00124
     0.00064     0.00106    -1.00000
           0           3           8           3
     5.35814     8.93576     0.11661
     0.85882    -0.51228    -0.00000
    -0.51228    -0.85882    -0.00124
     0.00064     0.00106    -1.00000
           0           3           8           4
     5.36509     8.94081    -6.25878
     0.85882    -0.51228    -0.00000
    -0.51228    -0.85882    -0.00124
     0.00064     0.00106    -1.00000
           0           3           8           5
     5.37204     8.94586   -12.63418
     0.85882    -0.51228    -0.00000
    -0.51228    -0.85882    -0.00124
     0.00064     0.00106    -1.00000
           0           3           9           1
    -5.36341     8.96317   -12.78741
    -0.85802    -0.51361    -0.00000
     0.51361    -0.85802    -0.00091
     0.00047    -0.00078     1.00000
           0           3           9           2
    -5.36019     8.95837    -6.41201
    -0.85802    -0.51361    -0.00000
     0.51361    -0.85802    -0.00091
     0.00047    -0.00078     1.00000
           0           3           9           3
    -5.35696     8.95357    -0.03661
    -0.85802    -0.51361    -0.00000
     0.51361    -0.85802    -0.00091
     0.00047    -0.00078     1.00000
           0           3           9           4
    -5.35374     8.94877     6.33878
    -0.85802    -0.51361    -0.00000
     0.51361    -0.85802    -0.00091
     0.00047    -0.00078     1.00000
           0           3           9           5
    -5.35051     8.94397    12.71418
    -0.85802    -0.51361    -0.00000
     0.51361    -0.85802    -0.00091
     0.00047    -0.00078     1.00000
           0           3          10           1
    -8.85849     7.75024   -12.75962
    -0.65748    -0.75347    -0.00000
     0.75347    -0.65748    -0.00088
     0.00066    -0.00058     1.00000
           0           3          10           2
    -8.85526     7.74543    -6.38422
    -0.65748    -0.75347    -0.00000
     0.75347    -0.65748    -0.00088
     0.00066    -0.00058     1.00000
           0           3          10           3
    -8.85204     7.74063    -0.00883
    -0.65748    -0.75347    -0.00000
     0.75347    -0.65748    -0.00088
     0.00066    -0.00058     1.00000
           0           3          10           4
    -8.84882     7.73583     6.36657
    -0.65748    -0.75347    -0.00000
     0.75347    -0.65748    -0.00088
     0.00066    -0.00058     1.00000
           0           3          10           5
    -8.84560     7.73103    12.74197
    -0.65748    -0.75347    -0.00000
     0.75347    -0.65748    -0.00088
     0.00066    -0.00058     1.00000
           0           3          11           1
   -11.66651     5.47652   -12.76815
    -0.42315    -0.90606    -0.00000
     0.90606    -0.42315    -0.00078
     0.00071    -0.00033     1.00000
           0           3          11           2
   -11.66329     5.47171    -6.39275
    -0.42315    -0.90606    -0.00000
     0.90606    -0.42315    -0.00078
     0.00071    -0.00033     1.00000
           0           3          11           3
   -11.66008     5.46689    -0.01735
    -0.42315    -0.90606    -0.00000
     0.90606    -0.42315    -0.00078
     0.00071    -0.00033     1.00000
           0           3          11           4
   -11.65685     5.46207     6.35805
    -0.42315    -0.90606    -0.00000
     0.90606    -0.42315    -0.00078
     0.00071    -0.00033     1.00000
           0           3          11           5
   -11.65364     5.45725    12.73344
    -0.42315    -0.90606    -0.00000
     0.90606    -0.42315    -0.00078
     0.00071    -0.00033     1.00000
           0           3          12           1
   -10.30639     1.44699   -12.75376
    -0.13648    -0.99064    -0.00000
     0.99064    -0.13648    -0.00060
     0.00059    -0.00008     1.00000
           0           3          12           2
   -10.30316     1.44218    -6.37837
    -0.13648    -0.99064    -0.00000
     0.99064    -0.13648    -0.00060
     0.00059    -0.00008     1.00000
           0           3          12           3
   -10.29994     1.43738    -0.00297
    -0.13648    -0.99064    -0.00000
     0.99064    -0.13648    -0.00060
     0.00059    -0.00008     1.00000
           0           3          12           4
   -10.29671     1.43258     6.37243
    -0.13648    -0.99064    -0.00000
     0.99064    -0.13648    -0.00060
     0.00059    -0.00008     1.00000
           0           3          12           5
   -10.29349     1.42778    12.74783
    -0.13648    -0.99064    -0.00000
     0.99064    -0.13648    -0.00060
     0.00059    -0.00008     1.00000
           0           3          13           1
   -11.50699    -2.01271   -12.76515
     0.17684    -0.98424    -0.00000
     0.98424     0.17684    -0.00036
     0.00035     0.00006     1.00000
           0           3          13           2
   -11.50377    -2.01751    -6.38974
     0.17684    -0.98424    -0.00000
     0.98424     0.17684    -0.00036
     0.00035     0.00006     1.00000
           0           3          13           3
   -11.50054    -2.02231    -0.01434
     0.17684    -0.98424    -0.00000
     0.98424     0.17684    -0.00036
     0.00035     0.00006     1.00000
           0           3          13           4
   -11.49732    -2.02711     6.36105
     0.17684    -0.98424    -0.00000
     0.98424     0.17684    -0.00036
     0.00035     0.00006     1.00000
           0           3          13           5
   -11.49409    -2.03190    12.73644
     0.17684    -0.98424    -0.00000
     0.98424     0.17684    -0.00036
     0.00035     0.00006     1.00000
           0           3          14           1
   -11.52034    -5.62337   -12.78816
     0.44235    -0.89684    -0.00000
     0.89684     0.44235    -0.00012
     0.00011     0.00005     1.00000
           0           3          14           2
   -11.51711    -5.62818    -6.41276
     0.44235    -0.89684    -0.00000
     0.89684     0.44235    -0.00012
     0.00011     0.00005     1.00000
           0           3          14           3
   -11.51388    -5.63298    -0.03736
     0.44235    -0.89684    -0.00000
     0.89684     0.44235    -0.00012
     0.00011     0.00005     1.00000
           0           3          14           4
   -11.51065    -5.63779     6.33803
     0.44235    -0.89684    -0.00000
     0.89684     0.44235    -0.00012
     0.00011     0.00005     1.00000
           0           3          14           5
   -11.50742    -5.64260    12.71343
     0.44235    -0.89684    -0.00000
     0.89684     0.44235    -0.00012
     0.00011     0.00005     1.00000
           0           3          15           1
    -7.56048    -7.08994   -12.77243
     0.68721    -0.72646     0.00000
     0.72646     0.68721     0.00015
    -0.00011    -0.00010     1.00000
           0           3          15           2
    -7.55726    -7.09474    -6.39703
     0.68721    -0.72646     0.00000
     0.72646     0.68721     0.00015
    -0.00011    -0.00010     1.00000
           0           3          15           3
    -7.55403    -7.09954    -0.02163
     0.68721    -0.72646     0.00000
     0.72646     0.68721     0.00015
    -0.00011    -0.00010     1.00000
           0           3          15           4
    -7.55081    -7.10434     6.35376
     0.68721    -0.72646     0.00000
     0.72646     0.68721     0.00015
    -0.00011    -0.00010     1.00000
           0           3          15           5
    -7.54757    -7.10914    12.72916
     0.68721    -0.72646     0.00000
     0.72646     0.68721     0.00015
    -0.00011    -0.00010     1.00000
           0           3          16           1
    -5.74849   -10.37835   -12.77724
     0.87837    -0.47799     0.00000
     0.47799     0.87837     0.00042
    -0.00020    -0.00037     1.00000
           0           3          16           2
    -5.74527   -10.38315    -6.40184
     0.87837    -0.47799     0.00000
     0.47799     0.87837     0.00042
    -0.00020    -0.00037     1.00000
           0           3          16           3
