 SVX cage parameters:
     2.20000
     0.50000     0.20000
     0.00000
           6
   -40.00000   -26.50000   -26.50000    26.50000    26.50000    40.00000
    53.00000    53.00000    22.00000    22.00000    53.00000    53.00000
     0.00000     0.00000     0.00000
 SVX barrel parameters:
           4
     2.63000     5.13000    11.76500    16.68700     1.21400
     0.00000     0.00000     0.00000     0.00000
           4           4           5           6
     0.69600     0.69600     1.74500     1.74500
     0.01000     0.01000     0.03125     0.03125
     2.83600     2.83600     3.18770     3.18770
     0.01900     0.01900     0.00000     0.00000
     0.02000     0.02000     0.00000     0.00000
    26.70000    13.60000    17.00000    12.00000
   -13.00000   -13.02000     0.00000     0.00000
           2
           5           5
     0.00000   180.00000
           2
          10          10
     0.00000   180.00000
           2
           8           8
     0.00000   180.00000
           2
          12          12
     0.00000   180.00000
 SVX barrel sensor rotation matrices and translation vectors:
           0           1           1           1
     1.57114    -2.10913     8.53800
     0.64605     0.76329    -0.00000
    -0.76329     0.64605    -0.00000
    -0.00000     0.00000     1.00000
           0           1           1           2
     1.57114    -2.10913     2.84600
     0.64605     0.76329    -0.00000
    -0.76329     0.64605    -0.00000
    -0.00000     0.00000     1.00000
           0           1           1           3
     1.57114    -2.10913    -2.84600
     0.64605     0.76329    -0.00000
    -0.76329     0.64605    -0.00000
    -0.00000     0.00000     1.00000
           0           1           1           4
     1.57114    -2.10913    -8.53800
     0.64605     0.76329    -0.00000
    -0.76329     0.64605    -0.00000
    -0.00000     0.00000     1.00000
           0           1           2           1
     2.37922    -1.18996     8.54047
     0.23344     0.97237    -0.00000
    -0.97237     0.23344    -0.00000
    -0.00000     0.00000     1.00000
           0           1           2           2
     2.37922    -1.18996     2.84847
     0.23344     0.97237    -0.00000
    -0.97237     0.23344    -0.00000
    -0.00000     0.00000     1.00000
           0           1           2           3
     2.37922    -1.18996    -2.84353
     0.23344     0.97237    -0.00000
    -0.97237     0.23344    -0.00000
    -0.00000     0.00000     1.00000
           0           1           2           4
     2.37922    -1.18996    -8.53553
     0.23344     0.97237    -0.00000
    -0.97237     0.23344    -0.00000
    -0.00000     0.00000     1.00000
           0           1           3           1
     2.67535     0.00548     8.53911
    -0.22817     0.97362     0.00000
    -0.97362    -0.22817     0.00000
     0.00000     0.00000     1.00000
           0           1           3           2
     2.67535     0.00548     2.84712
    -0.22817     0.97362     0.00000
    -0.97362    -0.22817     0.00000
     0.00000     0.00000     1.00000
           0           1           3           3
     2.67535     0.00548    -2.84488
    -0.22817     0.97362     0.00000
    -0.97362    -0.22817     0.00000
     0.00000     0.00000     1.00000
           0           1           3           4
     2.67535     0.00548    -8.53689
    -0.22817     0.97362     0.00000
    -0.97362    -0.22817     0.00000
     0.00000     0.00000     1.00000
           0           1           4           1
     2.36955     1.20175     8.53857
    -0.64231     0.76644     0.00000
    -0.76644    -0.64231     0.00000
     0.00000     0.00000     1.00000
           0           1           4           2
     2.36955     1.20175     2.84657
    -0.64231     0.76644     0.00000
    -0.76644    -0.64231     0.00000
     0.00000     0.00000     1.00000
           0           1           4           3
     2.36955     1.20175    -2.84543
    -0.64231     0.76644     0.00000
    -0.76644    -0.64231     0.00000
     0.00000     0.00000     1.00000
           0           1           4           4
     2.36955     1.20175    -8.53743
    -0.64231     0.76644     0.00000
    -0.76644    -0.64231     0.00000
     0.00000     0.00000     1.00000
           0           1           5           1
     1.56741     2.13031     8.53742
    -0.91864     0.39510     0.00000
    -0.39510    -0.91864     0.00000
     0.00000     0.00000     1.00000
           0           1           5           2
     1.56741     2.13031     2.84542
    -0.91864     0.39510     0.00000
    -0.39510    -0.91864     0.00000
     0.00000     0.00000     1.00000
           0           1           5           3
     1.56741     2.13031    -2.84658
    -0.91864     0.39510     0.00000
    -0.39510    -0.91864     0.00000
     0.00000     0.00000     1.00000
           0           1           5           4
     1.56741     2.13031    -8.53858
    -0.91864     0.39510     0.00000
    -0.39510    -0.91864     0.00000
     0.00000     0.00000     1.00000
           0           1           6           1
    -1.56097     2.11203    -8.54249
     0.91779     0.39707     0.00000
     0.39707    -0.91779     0.00000
     0.00000    -0.00000    -1.00000
           0           1           6           2
    -1.56097     2.11203    -2.85049
     0.91779     0.39707     0.00000
     0.39707    -0.91779     0.00000
     0.00000    -0.00000    -1.00000
           0           1           6           3
    -1.56097     2.11203     2.84151
     0.91779     0.39707     0.00000
     0.39707    -0.91779     0.00000
     0.00000    -0.00000    -1.00000
           0           1           6           4
    -1.56097     2.11203     8.53351
     0.91779     0.39707     0.00000
     0.39707    -0.91779     0.00000
     0.00000    -0.00000    -1.00000
           0           1           7           1
    -2.34394     1.17826    -8.54143
     0.63958     0.76873    -0.00000
     0.76873    -0.63958    -0.00000
    -0.00000     0.00000    -1.00000
           0           1           7           2
    -2.34394     1.17826    -2.84943
     0.63958     0.76873    -0.00000
     0.76873    -0.63958    -0.00000
    -0.00000     0.00000    -1.00000
           0           1           7           3
    -2.34394     1.17826     2.84257
     0.63958     0.76873    -0.00000
     0.76873    -0.63958    -0.00000
    -0.00000     0.00000    -1.00000
           0           1           7           4
    -2.34394     1.17826     8.53457
     0.63958     0.76873    -0.00000
     0.76873    -0.63958    -0.00000
    -0.00000     0.00000    -1.00000
           0           1           8           1
    -2.66593     0.00050    -8.54430
     0.22636     0.97404    -0.00000
     0.97404    -0.22636    -0.00000
    -0.00000     0.00000    -1.00000
           0           1           8           2
    -2.66592     0.00050    -2.85230
     0.22636     0.97404    -0.00000
     0.97404    -0.22636    -0.00000
    -0.00000     0.00000    -1.00000
           0           1           8           3
    -2.66592     0.00050     2.83970
     0.22636     0.97404    -0.00000
     0.97404    -0.22636    -0.00000
    -0.00000     0.00000    -1.00000
           0           1           8           4
    -2.66592     0.00050     8.53170
     0.22636     0.97404    -0.00000
     0.97404    -0.22636    -0.00000
    -0.00000     0.00000    -1.00000
           0           1           9           1
    -2.37428    -1.19559    -8.53807
    -0.23609     0.97173    -0.00000
     0.97173     0.23609    -0.00000
    -0.00000    -0.00000    -1.00000
           0           1           9           2
    -2.37428    -1.19559    -2.84607
    -0.23609     0.97173    -0.00000
     0.97173     0.23609    -0.00000
    -0.00000    -0.00000    -1.00000
           0           1           9           3
    -2.37428    -1.19559     2.84593
    -0.23609     0.97173    -0.00000
     0.97173     0.23609    -0.00000
    -0.00000    -0.00000    -1.00000
           0           1           9           4
    -2.37428    -1.19559     8.53793
    -0.23609     0.97173    -0.00000
     0.97173     0.23609    -0.00000
    -0.00000    -0.00000    -1.00000
           0           1          10           1
    -1.58687    -2.13760    -8.54001
    -0.64732     0.76222    -0.00000
     0.76222     0.64732    -0.00000
    -0.00000    -0.00000    -1.00000
           0           1          10           2
    -1.58687    -2.13760    -2.84801
    -0.64732     0.76222    -0.00000
     0.76222     0.64732    -0.00000
    -0.00000    -0.00000    -1.00000
           0           1          10           3
    -1.58687    -2.13760     2.84399
    -0.64732     0.76222    -0.00000
     0.76222     0.64732    -0.00000
    -0.00000    -0.00000    -1.00000
           0           1          10           4
    -1.58687    -2.13760     8.53599
    -0.64732     0.76222    -0.00000
     0.76222     0.64732    -0.00000
    -0.00000    -0.00000    -1.00000
           0           2           1           1
     2.49445    -4.53731     8.53985
     0.74480     0.66728    -0.00000
    -0.66728     0.74480    -0.00000
     0.00000     0.00000     1.00000
           0           2           1           2
     2.49445    -4.53731     2.84785
     0.74480     0.66728    -0.00000
    -0.66728     0.74480    -0.00000
     0.00000     0.00000     1.00000
           0           2           1           3
     2.49445    -4.53731    -2.84415
     0.74480     0.66728    -0.00000
    -0.66728     0.74480    -0.00000
     0.00000     0.00000     1.00000
           0           2           1           4
     2.49445    -4.53731    -8.53615
     0.74480     0.66728    -0.00000
    -0.66728     0.74480    -0.00000
     0.00000     0.00000     1.00000
           0           2           2           1
     3.48925    -3.82605     8.54275
     0.56754     0.82334    -0.00000
    -0.82334     0.56754    -0.00000
     0.00000     0.00000     1.00000
           0           2           2           2
     3.48925    -3.82605     2.85075
     0.56754     0.82334    -0.00000
    -0.82334     0.56754    -0.00000
     0.00000     0.00000     1.00000
           0           2           2           3
     3.48925    -3.82605    -2.84125
     0.56754     0.82334    -0.00000
    -0.82334     0.56754    -0.00000
     0.00000     0.00000     1.00000
           0           2           2           4
     3.48925    -3.82605    -8.53325
     0.56754     0.82334    -0.00000
    -0.82334     0.56754    -0.00000
     0.00000     0.00000     1.00000
           0           2           3           1
     4.29868    -2.89939     8.54014
     0.35742     0.93394    -0.00000
    -0.93394     0.35742    -0.00000
     0.00000     0.00000     1.00000
           0           2           3           2
     4.29868    -2.89939     2.84814
     0.35742     0.93394    -0.00000
    -0.93394     0.35742    -0.00000
     0.00000     0.00000     1.00000
           0           2           3           3
     4.29868    -2.89939    -2.84386
     0.35742     0.93394    -0.00000
    -0.93394     0.35742    -0.00000
     0.00000     0.00000     1.00000
           0           2           3           4
     4.29868    -2.89939    -8.53586
     0.35742     0.93394    -0.00000
    -0.93394     0.35742    -0.00000
     0.00000     0.00000     1.00000
           0           2           4           1
     4.86009    -1.80795     8.54128
     0.12789     0.99179    -0.00000
    -0.99179     0.12789    -0.00000
     0.00000     0.00000     1.00000
           0           2           4           2
     4.86009    -1.80795     2.84928
     0.12789     0.99179    -0.00000
    -0.99179     0.12789    -0.00000
     0.00000     0.00000     1.00000
           0           2           4           3
     4.86009    -1.80795    -2.84272
     0.12789     0.99179    -0.00000
    -0.99179     0.12789    -0.00000
     0.00000     0.00000     1.00000
           0           2           4           4
     4.86009    -1.80795    -8.53472
     0.12789     0.99179    -0.00000
    -0.99179     0.12789    -0.00000
     0.00000     0.00000     1.00000
           0           2           5           1
     5.15792    -0.61237     8.53936
    -0.10950     0.99399     0.00000
    -0.99399    -0.10950     0.00000
     0.00000     0.00000     1.00000
           0           2           5           2
     5.15792    -0.61237     2.84736
    -0.10950     0.99399     0.00000
    -0.99399    -0.10950     0.00000
     0.00000     0.00000     1.00000
           0           2           5           3
     5.15792    -0.61237    -2.84464
    -0.10950     0.99399     0.00000
    -0.99399    -0.10950     0.00000
     0.00000     0.00000     1.00000
           0           2           5           4
     5.15792    -0.61237    -8.53664
    -0.10950     0.99399     0.00000
    -0.99399    -0.10950     0.00000
     0.00000     0.00000     1.00000
           0           2           6           1
     5.15468     0.60601     8.53877
    -0.33812     0.94110     0.00000
    -0.94110    -0.33812     0.00000
     0.00000     0.00000     1.00000
           0           2           6           2
     5.15468     0.60601     2.84677
    -0.33812     0.94110     0.00000
    -0.94110    -0.33812     0.00000
     0.00000     0.00000     1.00000
           0           2           6           3
     5.15468     0.60601    -2.84523
    -0.33812     0.94110     0.00000
    -0.94110    -0.33812     0.00000
     0.00000     0.00000     1.00000
           0           2           6           4
     5.15468     0.60601    -8.53723
    -0.33812     0.94110     0.00000
    -0.94110    -0.33812     0.00000
     0.00000     0.00000     1.00000
           0           2           7           1
     4.85837     1.80537     8.53814
    -0.55109     0.83445     0.00000
    -0.83445    -0.55109     0.00000
     0.00000     0.00000     1.00000
           0           2           7           2
     4.85837     1.80537     2.84614
    -0.55109     0.83445     0.00000
    -0.83445    -0.55109     0.00000
     0.00000     0.00000     1.00000
           0           2           7           3
     4.85837     1.80537    -2.84586
    -0.55109     0.83445     0.00000
    -0.83445    -0.55109     0.00000
     0.00000     0.00000     1.00000
           0           2           7           4
     4.85837     1.80537    -8.53786
    -0.55109     0.83445     0.00000
    -0.83445    -0.55109     0.00000
     0.00000     0.00000     1.00000
           0           2           8           1
     4.30082     2.89286     8.53784
    -0.73115     0.68221     0.00000
    -0.68221    -0.73115     0.00000
     0.00000     0.00000     1.00000
           0           2           8           2
     4.30082     2.89286     2.84584
    -0.73115     0.68221     0.00000
    -0.68221    -0.73115     0.00000
     0.00000     0.00000     1.00000
           0           2           8           3
     4.30082     2.89286    -2.84616
    -0.73115     0.68221     0.00000
    -0.68221    -0.73115     0.00000
     0.00000     0.00000     1.00000
           0           2           8           4
     4.30082     2.89286    -8.53816
    -0.73115     0.68221     0.00000
    -0.68221    -0.73115     0.00000
     0.00000     0.00000     1.00000
           0           2           9           1
     3.49033     3.81729     8.53667
    -0.87137     0.49062     0.00000
    -0.49062    -0.87137     0.00000
     0.00000     0.00000     1.00000
           0           2           9           2
     3.49033     3.81729     2.84467
    -0.87137     0.49062     0.00000
    -0.49062    -0.87137     0.00000
     0.00000     0.00000     1.00000
           0           2           9           3
     3.49033     3.81729    -2.84733
    -0.87137     0.49062     0.00000
    -0.49062    -0.87137     0.00000
     0.00000     0.00000     1.00000
           0           2           9           4
     3.49033     3.81729    -8.53933
    -0.87137     0.49062     0.00000
    -0.49062    -0.87137     0.00000
     0.00000     0.00000     1.00000
           0           2          10           1
     2.49846     4.53242     8.54329
    -0.96218     0.27242     0.00000
    -0.27242    -0.96218     0.00000
     0.00000     0.00000     1.00000
           0           2          10           2
     2.49846     4.53242     2.85129
    -0.96218     0.27242     0.00000
    -0.27242    -0.96218     0.00000
     0.00000     0.00000     1.00000
           0           2          10           3
     2.49846     4.53242    -2.84071
    -0.96218     0.27242     0.00000
    -0.27242    -0.96218     0.00000
     0.00000     0.00000     1.00000
           0           2          10           4
     2.49846     4.53242    -8.53271
    -0.96218     0.27242     0.00000
    -0.27242    -0.96218     0.00000
     0.00000     0.00000     1.00000
           0           2          11           1
    -2.48214     4.52075    -8.53815
     0.96264     0.27080     0.00000
     0.27080    -0.96264     0.00000
     0.00000    -0.00000    -1.00000
           0           2          11           2
    -2.48214     4.52075    -2.84615
     0.96264     0.27080     0.00000
     0.27080    -0.96264     0.00000
     0.00000    -0.00000    -1.00000
           0           2          11           3
    -2.48214     4.52075     2.84585
     0.96264     0.27080     0.00000
     0.27080    -0.96264     0.00000
     0.00000    -0.00000    -1.00000
           0           2          11           4
    -2.48214     4.52075     8.53785
     0.96264     0.27080     0.00000
     0.27080    -0.96264     0.00000
     0.00000    -0.00000    -1.00000
           0           2          12           1
    -3.45918     3.78827    -8.53800
     0.87170     0.49004     0.00000
     0.49004    -0.87170     0.00000
     0.00000    -0.00000    -1.00000
           0           2          12           2
    -3.45918     3.78827    -2.84600
     0.87170     0.49004     0.00000
     0.49004    -0.87170     0.00000
     0.00000    -0.00000    -1.00000
           0           2          12           3
    -3.45918     3.78827     2.84600
     0.87170     0.49004     0.00000
     0.49004    -0.87170     0.00000
     0.00000    -0.00000    -1.00000
           0           2          12           4
    -3.45918     3.78827     8.53800
     0.87170     0.49004     0.00000
     0.49004    -0.87170     0.00000
     0.00000    -0.00000    -1.00000
           0           2          13           1
    -4.25031     2.87258    -8.54274
     0.73266     0.68060     0.00000
     0.68060    -0.73266     0.00000
     0.00000    -0.00000    -1.00000
           0           2          13           2
    -4.25031     2.87258    -2.85074
     0.73266     0.68060     0.00000
     0.68060    -0.73266     0.00000
     0.00000    -0.00000    -1.00000
           0           2          13           3
    -4.25031     2.87258     2.84126
     0.73266     0.68060     0.00000
     0.68060    -0.73266     0.00000
     0.00000    -0.00000    -1.00000
           0           2          13           4
    -4.25031     2.87258     8.53326
     0.73266     0.68060     0.00000
     0.68060    -0.73266     0.00000
     0.00000    -0.00000    -1.00000
           0           2          14           1
    -4.83101     1.79776    -8.53906
     0.55148     0.83419    -0.00000
     0.83419    -0.55148    -0.00000
    -0.00000     0.00000    -1.00000
           0           2          14           2
    -4.83101     1.79776    -2.84705
     0.55148     0.83419    -0.00000
     0.83419    -0.55148    -0.00000
    -0.00000     0.00000    -1.00000
           0           2          14           3
    -4.83101     1.79776     2.84495
     0.55148     0.83419    -0.00000
     0.83419    -0.55148    -0.00000
    -0.00000     0.00000    -1.00000
           0           2          14           4
    -4.83101     1.79776     8.53694
     0.55148     0.83419    -0.00000
     0.83419    -0.55148    -0.00000
    -0.00000     0.00000    -1.00000
           0           2          15           1
    -5.15554     0.60691    -8.54039
     0.33826     0.94105    -0.00000
     0.94105    -0.33826    -0.00000
    -0.00000     0.00000    -1.00000
           0           2          15           2
    -5.15554     0.60691    -2.84839
     0.33826     0.94105    -0.00000
     0.94105    -0.33826    -0.00000
    -0.00000     0.00000    -1.00000
           0           2          15           3
    -5.15554     0.60691     2.84361
     0.33826     0.94105    -0.00000
     0.94105    -0.33826    -0.00000
    -0.00000     0.00000    -1.00000
           0           2          15           4
    -5.15554     0.60691     8.53561
     0.33826     0.94105    -0.00000
     0.94105    -0.33826    -0.00000
    -0.00000     0.00000    -1.00000
           0           2          16           1
    -5.15006    -0.61651    -8.53828
     0.10854     0.99409    -0.00000
     0.99409    -0.10854    -0.00000
    -0.00000     0.00000    -1.00000
           0           2          16           2
    -5.15006    -0.61651    -2.84628
     0.10854     0.99409    -0.00000
     0.99409    -0.10854    -0.00000
    -0.00000     0.00000    -1.00000
           0           2          16           3
    -5.15006    -0.61651     2.84572
     0.10854     0.99409    -0.00000
     0.99409    -0.10854    -0.00000
    -0.00000     0.00000    -1.00000
           0           2          16           4
    -5.15006    -0.61651     8.53772
     0.10854     0.99409    -0.00000
     0.99409    -0.10854    -0.00000
    -0.00000     0.00000    -1.00000
           0           2          17           1
    -4.85902    -1.80893    -8.53738
    -0.12814     0.99176    -0.00000
     0.99176     0.12814    -0.00000
    -0.00000    -0.00000    -1.00000
           0           2          17           2
    -4.85902    -1.80893    -2.84538
    -0.12814     0.99176    -0.00000
     0.99176     0.12814    -0.00000
    -0.00000    -0.00000    -1.00000
           0           2          17           3
    -4.85902    -1.80893     2.84662
    -0.12814     0.99176    -0.00000
     0.99176     0.12814    -0.00000
    -0.00000    -0.00000    -1.00000
           0           2          17           4
    -4.85902    -1.80893     8.53862
    -0.12814     0.99176    -0.00000
     0.99176     0.12814    -0.00000
    -0.00000    -0.00000    -1.00000
           0           2          18           1
    -4.29533    -2.89856    -8.53845
    -0.35763     0.93386    -0.00000
     0.93386     0.35763    -0.00000
    -0.00000    -0.00000    -1.00000
           0           2          18           2
    -4.29533    -2.89856    -2.84645
    -0.35763     0.93386    -0.00000
     0.93386     0.35763    -0.00000
    -0.00000    -0.00000    -1.00000
           0           2          18           3
    -4.29533    -2.89856     2.84555
    -0.35763     0.93386    -0.00000
     0.93386     0.35763    -0.00000
    -0.00000    -0.00000    -1.00000
           0           2          18           4
    -4.29533    -2.89856     8.53755
    -0.35763     0.93386    -0.00000
     0.93386     0.35763    -0.00000
    -0.00000    -0.00000    -1.00000
           0           2          19           1
    -3.49409    -3.82840    -8.53781
    -0.56723     0.82356    -0.00000
     0.82356     0.56723    -0.00000
    -0.00000    -0.00000    -1.00000
           0           2          19           2
    -3.49409    -3.82840    -2.84581
    -0.56723     0.82356    -0.00000
     0.82356     0.56723    -0.00000
    -0.00000    -0.00000    -1.00000
           0           2          19           3
    -3.49409    -3.82840     2.84619
    -0.56723     0.82356    -0.00000
     0.82356     0.56723    -0.00000
    -0.00000    -0.00000    -1.00000
           0           2          19           4
    -3.49409    -3.82840     8.53819
    -0.56723     0.82356    -0.00000
     0.82356     0.56723    -0.00000
    -0.00000    -0.00000    -1.00000
           0           2          20           1
    -2.49873    -4.54505    -8.53839
    -0.74481     0.66728    -0.00000
     0.66728     0.74481    -0.00000
    -0.00000    -0.00000    -1.00000
           0           2          20           2
    -2.49873    -4.54505    -2.84639
    -0.74481     0.66728    -0.00000
     0.66728     0.74481    -0.00000
    -0.00000    -0.00000    -1.00000
           0           2          20           3
    -2.49873    -4.54505     2.84561
    -0.74481     0.66728    -0.00000
     0.66728     0.74481    -0.00000
    -0.00000    -0.00000    -1.00000
           0           2          20           4
    -2.49873    -4.54505     8.53761
    -0.74481     0.66728    -0.00000
     0.66728     0.74481    -0.00000
    -0.00000    -0.00000    -1.00000
           0           3           1           1
     5.61670   -10.31582    12.75016
    -0.87826    -0.47819    -0.00000
    -0.47819     0.87826    -0.00000
     0.00000    -0.00000    -1.00000
           0           3           1           2
     5.61670   -10.31582     6.37476
    -0.87826    -0.47819    -0.00000
    -0.47819     0.87826    -0.00000
     0.00000    -0.00000    -1.00000
           0           3           1           3
     5.61670   -10.31582    -0.00064
    -0.87826    -0.47819    -0.00000
    -0.47819     0.87826    -0.00000
     0.00000    -0.00000    -1.00000
           0           3           1           4
     5.61670   -10.31582    -6.37604
    -0.87826    -0.47819    -0.00000
    -0.47819     0.87826    -0.00000
     0.00000    -0.00000    -1.00000
           0           3           1           5
     5.61670   -10.31582   -12.75144
    -0.87826    -0.47819    -0.00000
    -0.47819     0.87826    -0.00000
     0.00000    -0.00000    -1.00000
           0           3           2           1
     7.53418    -7.13295    12.74285
    -0.68751    -0.72617     0.00000
    -0.72617     0.68751     0.00000
    -0.00000     0.00000    -1.00000
           0           3           2           2
     7.53418    -7.13295     6.36745
    -0.68751    -0.72617     0.00000
    -0.72617     0.68751     0.00000
    -0.00000     0.00000    -1.00000
           0           3           2           3
     7.53418    -7.13295    -0.00795
    -0.68751    -0.72617     0.00000
    -0.72617     0.68751     0.00000
    -0.00000     0.00000    -1.00000
           0           3           2           4
     7.53418    -7.13295    -6.38335
    -0.68751    -0.72617     0.00000
    -0.72617     0.68751     0.00000
    -0.00000     0.00000    -1.00000
           0           3           2           5
     7.53418    -7.13295   -12.75875
    -0.68751    -0.72617     0.00000
    -0.72617     0.68751     0.00000
    -0.00000     0.00000    -1.00000
           0           3           3           1
    11.50055    -5.66045    12.74820
    -0.44160    -0.89721     0.00000
    -0.89721     0.44160     0.00000
    -0.00000     0.00000    -1.00000
           0           3           3           2
    11.50055    -5.66045     6.37280
    -0.44160    -0.89721     0.00000
    -0.89721     0.44160     0.00000
    -0.00000     0.00000    -1.00000
           0           3           3           3
    11.50055    -5.66045    -0.00260
    -0.44160    -0.89721     0.00000
    -0.89721     0.44160     0.00000
    -0.00000     0.00000    -1.00000
           0           3           3           4
    11.50055    -5.66045    -6.37800
    -0.44160    -0.89721     0.00000
    -0.89721     0.44160     0.00000
    -0.00000     0.00000    -1.00000
           0           3           3           5
    11.50055    -5.66045   -12.75340
    -0.44160    -0.89721     0.00000
    -0.89721     0.44160     0.00000
    -0.00000     0.00000    -1.00000
           0           3           4           1
    11.57080    -2.07322    12.74569
    -0.17637    -0.98432     0.00000
    -0.98432     0.17637     0.00000
    -0.00000     0.00000    -1.00000
           0           3           4           2
    11.57080    -2.07322     6.37029
    -0.17637    -0.98432     0.00000
    -0.98432     0.17637     0.00000
    -0.00000     0.00000    -1.00000
           0           3           4           3
    11.57080    -2.07322    -0.00511
    -0.17637    -0.98432     0.00000
    -0.98432     0.17637     0.00000
    -0.00000     0.00000    -1.00000
           0           3           4           4
    11.57080    -2.07322    -6.38051
    -0.17637    -0.98432     0.00000
    -0.98432     0.17637     0.00000
    -0.00000     0.00000    -1.00000
           0           3           4           5
    11.57080    -2.07322   -12.75591
    -0.17637    -0.98432     0.00000
    -0.98432     0.17637     0.00000
    -0.00000     0.00000    -1.00000
           0           3           5           1
    10.26570     1.41860    12.74499
     0.13688    -0.99059     0.00000
    -0.99059    -0.13688     0.00000
    -0.00000    -0.00000    -1.00000
           0           3           5           2
    10.26570     1.41860     6.36959
     0.13688    -0.99059     0.00000
    -0.99059    -0.13688     0.00000
    -0.00000    -0.00000    -1.00000
           0           3           5           3
    10.26570     1.41860    -0.00581
     0.13688    -0.99059     0.00000
    -0.99059    -0.13688     0.00000
    -0.00000    -0.00000    -1.00000
           0           3           5           4
    10.26570     1.41860    -6.38121
     0.13688    -0.99059     0.00000
    -0.99059    -0.13688     0.00000
    -0.00000    -0.00000    -1.00000
           0           3           5           5
    10.26570     1.41860   -12.75661
     0.13688    -0.99059     0.00000
    -0.99059    -0.13688     0.00000
    -0.00000    -0.00000    -1.00000
           0           3           6           1
    11.62858     5.43239    12.75247
     0.42325    -0.90601     0.00000
    -0.90601    -0.42325     0.00000
    -0.00000    -0.00000    -1.00000
           0           3           6           2
    11.62858     5.43239     6.37707
     0.42325    -0.90601     0.00000
    -0.90601    -0.42325     0.00000
    -0.00000    -0.00000    -1.00000
           0           3           6           3
    11.62858     5.43239     0.00167
     0.42325    -0.90601     0.00000
    -0.90601    -0.42325     0.00000
    -0.00000    -0.00000    -1.00000
           0           3           6           4
    11.62858     5.43239    -6.37373
     0.42325    -0.90601     0.00000
    -0.90601    -0.42325     0.00000
    -0.00000    -0.00000    -1.00000
           0           3           6           5
    11.62858     5.43239   -12.74913
     0.42325    -0.90601     0.00000
    -0.90601    -0.42325     0.00000
    -0.00000    -0.00000    -1.00000
           0           3           7           1
     8.85434     7.71881    12.74887
     0.65712    -0.75378     0.00000
    -0.75378    -0.65712     0.00000
    -0.00000    -0.00000    -1.00000
           0           3           7           2
     8.85434     7.71881     6.37347
     0.65712    -0.75378     0.00000
    -0.75378    -0.65712     0.00000
    -0.00000    -0.00000    -1.00000
           0           3           7           3
     8.85434     7.71881    -0.00193
     0.65712    -0.75378     0.00000
    -0.75378    -0.65712     0.00000
    -0.00000    -0.00000    -1.00000
           0           3           7           4
     8.85434     7.71881    -6.37733
     0.65712    -0.75378     0.00000
    -0.75378    -0.65712     0.00000
    -0.00000    -0.00000    -1.00000
           0           3           7           5
     8.85434     7.71881   -12.75273
     0.65712    -0.75378     0.00000
    -0.75378    -0.65712     0.00000
    -0.00000    -0.00000    -1.00000
           0           3           8           1
     5.31652     8.89622    12.74430
     0.85840    -0.51299     0.00000
    -0.51299    -0.85840     0.00000
    -0.00000    -0.00000    -1.00000
           0           3           8           2
     5.31652     8.89622     6.36890
     0.85840    -0.51299     0.00000
    -0.51299    -0.85840     0.00000
    -0.00000    -0.00000    -1.00000
           0           3           8           3
     5.31652     8.89622    -0.00650
     0.85840    -0.51299     0.00000
    -0.51299    -0.85840     0.00000
    -0.00000    -0.00000    -1.00000
           0           3           8           4
     5.31652     8.89622    -6.38190
     0.85840    -0.51299     0.00000
    -0.51299    -0.85840     0.00000
    -0.00000    -0.00000    -1.00000
           0           3           8           5
     5.31652     8.89622   -12.75730
     0.85840    -0.51299     0.00000
    -0.51299    -0.85840     0.00000
    -0.00000    -0.00000    -1.00000
           0           3           9           1
    -5.31733     8.88647   -12.73587
    -0.85811    -0.51346    -0.00000
     0.51346    -0.85811    -0.00000
     0.00000     0.00000     1.00000
           0           3           9           2
    -5.31733     8.88647    -6.36047
    -0.85811    -0.51346    -0.00000
     0.51346    -0.85811    -0.00000
     0.00000     0.00000     1.00000
           0           3           9           3
    -5.31733     8.88647     0.01493
    -0.85811    -0.51346    -0.00000
     0.51346    -0.85811    -0.00000
     0.00000     0.00000     1.00000
           0           3           9           4
    -5.31733     8.88647     6.39034
    -0.85811    -0.51346    -0.00000
     0.51346    -0.85811    -0.00000
     0.00000     0.00000     1.00000
           0           3           9           5
    -5.31733     8.88647    12.76574
    -0.85811    -0.51346    -0.00000
     0.51346    -0.85811    -0.00000
     0.00000     0.00000     1.00000
           0           3          10           1
    -8.84977     7.73952   -12.74467
    -0.65831    -0.75275    -0.00000
     0.75275    -0.65831    -0.00000
     0.00000     0.00000     1.00000
           0           3          10           2
    -8.84977     7.73952    -6.36927
    -0.65831    -0.75275    -0.00000
     0.75275    -0.65831    -0.00000
     0.00000     0.00000     1.00000
           0           3          10           3
    -8.84977     7.73952     0.00613
    -0.65831    -0.75275    -0.00000
     0.75275    -0.65831    -0.00000
     0.00000     0.00000     1.00000
           0           3          10           4
    -8.84977     7.73952     6.38153
    -0.65831    -0.75275    -0.00000
     0.75275    -0.65831    -0.00000
     0.00000     0.00000     1.00000
           0           3          10           5
    -8.84977     7.73952    12.75693
    -0.65831    -0.75275    -0.00000
     0.75275    -0.65831    -0.00000
     0.00000     0.00000     1.00000
           0           3          11           1
   -11.62266     5.44800   -12.74236
    -0.42442    -0.90546    -0.00000
     0.90546    -0.42442    -0.00000
     0.00000     0.00000     1.00000
           0           3          11           2
   -11.62266     5.44800    -6.36696
    -0.42442    -0.90546    -0.00000
     0.90546    -0.42442    -0.00000
     0.00000     0.00000     1.00000
           0           3          11           3
   -11.62266     5.44800     0.00844
    -0.42442    -0.90546    -0.00000
     0.90546    -0.42442    -0.00000
     0.00000     0.00000     1.00000
           0           3          11           4
   -11.62266     5.44800     6.38384
    -0.42442    -0.90546    -0.00000
     0.90546    -0.42442    -0.00000
     0.00000     0.00000     1.00000
           0           3          11           5
   -11.62266     5.44800    12.75924
    -0.42442    -0.90546    -0.00000
     0.90546    -0.42442    -0.00000
     0.00000     0.00000     1.00000
           0           3          12           1
   -10.26171     1.41623   -12.74025
    -0.13672    -0.99061    -0.00000
     0.99061    -0.13672    -0.00000
     0.00000    -0.00000     1.00000
           0           3          12           2
   -10.26171     1.41623    -6.36485
    -0.13672    -0.99061    -0.00000
     0.99061    -0.13672    -0.00000
     0.00000    -0.00000     1.00000
           0           3          12           3
   -10.26171     1.41623     0.01055
    -0.13672    -0.99061    -0.00000
     0.99061    -0.13672    -0.00000
     0.00000    -0.00000     1.00000
           0           3          12           4
   -10.26171     1.41623     6.38595
    -0.13672    -0.99061    -0.00000
     0.99061    -0.13672    -0.00000
     0.00000    -0.00000     1.00000
           0           3          12           5
   -10.26171     1.41623    12.76135
    -0.13672    -0.99061    -0.00000
     0.99061    -0.13672    -0.00000
     0.00000    -0.00000     1.00000
           0           3          13           1
   -11.56419    -2.06688   -12.73907
     0.17595    -0.98440    -0.00000
     0.98440     0.17595    -0.00000
     0.00000     0.00000     1.00000
           0           3          13           2
   -11.56419    -2.06688    -6.36367
     0.17595    -0.98440    -0.00000
     0.98440     0.17595    -0.00000
     0.00000     0.00000     1.00000
           0           3          13           3
   -11.56419    -2.06688     0.01173
     0.17595    -0.98440    -0.00000
     0.98440     0.17595    -0.00000
     0.00000     0.00000     1.00000
           0           3          13           4
   -11.56419    -2.06688     6.38713
     0.17595    -0.98440    -0.00000
     0.98440     0.17595    -0.00000
     0.00000     0.00000     1.00000
           0           3          13           5
   -11.56419    -2.06688    12.76253
     0.17595    -0.98440    -0.00000
     0.98440     0.17595    -0.00000
     0.00000     0.00000     1.00000
           0           3          14           1
   -11.50868    -5.65887   -12.74909
     0.44124    -0.89739    -0.00000
     0.89739     0.44124    -0.00000
     0.00000     0.00000     1.00000
           0           3          14           2
   -11.50868    -5.65887    -6.37370
     0.44124    -0.89739    -0.00000
     0.89739     0.44124    -0.00000
     0.00000     0.00000     1.00000
           0           3          14           3
   -11.50868    -5.65887     0.00171
     0.44124    -0.89739    -0.00000
     0.89739     0.44124    -0.00000
     0.00000     0.00000     1.00000
           0           3          14           4
   -11.50868    -5.65887     6.37710
     0.44124    -0.89739    -0.00000
     0.89739     0.44124    -0.00000
     0.00000     0.00000     1.00000
           0           3          14           5
   -11.50868    -5.65887    12.75251
     0.44124    -0.89739    -0.00000
     0.89739     0.44124    -0.00000
     0.00000     0.00000     1.00000
           0           3          15           1
    -7.50986    -7.10203   -12.74485
     0.68711    -0.72656    -0.00000
     0.72656     0.68711    -0.00000
     0.00000     0.00000     1.00000
           0           3          15           2
    -7.50986    -7.10203    -6.36945
     0.68711    -0.72656    -0.00000
     0.72656     0.68711    -0.00000
     0.00000     0.00000     1.00000
           0           3          15           3
    -7.50986    -7.10203     0.00595
     0.68711    -0.72656    -0.00000
     0.72656     0.68711    -0.00000
     0.00000     0.00000     1.00000
           0           3          15           4
    -7.50986    -7.10203     6.38135
     0.68711    -0.72656    -0.00000
     0.72656     0.68711    -0.00000
     0.00000     0.00000     1.00000
           0           3          15           5
    -7.50986    -7.10203    12.75675
     0.68711    -0.72656    -0.00000
     0.72656     0.68711    -0.00000
     0.00000     0.00000     1.00000
           0           3          16           1
    -5.61623   -10.30515   -12.75018
     0.87807    -0.47854    -0.00000
     0.47854     0.87807    -0.00000
     0.00000     0.00000     1.00000
           0           3          16           2
    -5.61623   -10.30515    -6.37478
     0.87807    -0.47854    -0.00000
     0.47854     0.87807    -0.00000
     0.00000     0.00000     1.00000
           0           3          16           3
