 SVX cage parameters:
     2.20000
     0.50000     0.20000
     0.00000
           6
   -40.00000   -26.50000   -26.50000    26.50000    26.50000    40.00000
    53.00000    53.00000    22.14782    22.14782    53.00000    53.00000
     0.00000     0.00000     0.00000
 SVX barrel parameters:
           4
     2.63000     5.19260    11.76500    16.68700     1.14100
     0.00000     0.00000     0.00000     0.00000
           4           4           5           6
     0.69600     0.69600     1.74500     1.74500
     0.01000     0.01000     0.03125     0.03125
     2.83600     2.83600     3.18770     3.18770
     0.01900     0.01900     0.00000     0.00000
     0.02000     0.02000     0.00000     0.00000
    26.70000    13.62600    17.00000    12.00000
   -13.00000   -12.98000     0.00000     0.00000
           2
           5           5
     0.00000   180.00000
           2
          10          10
     0.00000   180.00000
           2
           8           8
     0.00000   180.00000
           2
          12          12
     0.00000   180.00000
 SVX barrel sensor rotation matrices and translation vectors:
           0           1           1           1
     1.58797    -2.12431     8.65814
     0.64015     0.76825    -0.00000
    -0.76825     0.64015    -0.00000
    -0.00000     0.00000     1.00000
           0           1           1           2
     1.58797    -2.12431     2.96614
     0.64015     0.76825    -0.00000
    -0.76825     0.64015    -0.00000
    -0.00000     0.00000     1.00000
           0           1           1           3
     1.58797    -2.12431    -2.72586
     0.64015     0.76825    -0.00000
    -0.76825     0.64015    -0.00000
    -0.00000     0.00000     1.00000
           0           1           1           4
     1.58797    -2.12431    -8.41786
     0.64015     0.76825    -0.00000
    -0.76825     0.64015    -0.00000
    -0.00000     0.00000     1.00000
           0           1           2           1
     2.35979    -1.18642     8.65814
     0.22666     0.97397    -0.00000
    -0.97397     0.22666    -0.00000
    -0.00000     0.00000     1.00000
           0           1           2           2
     2.35979    -1.18642     2.96614
     0.22666     0.97397    -0.00000
    -0.97397     0.22666    -0.00000
    -0.00000     0.00000     1.00000
           0           1           2           3
     2.35979    -1.18642    -2.72586
     0.22666     0.97397    -0.00000
    -0.97397     0.22666    -0.00000
    -0.00000     0.00000     1.00000
           0           1           2           4
     2.35979    -1.18642    -8.41786
     0.22666     0.97397    -0.00000
    -0.97397     0.22666    -0.00000
    -0.00000     0.00000     1.00000
           0           1           3           1
     2.62784    -0.00170     8.65814
    -0.23518     0.97195     0.00000
    -0.97195    -0.23518     0.00000
     0.00000     0.00000     1.00000
           0           1           3           2
     2.62784    -0.00170     2.96614
    -0.23518     0.97195     0.00000
    -0.97195    -0.23518     0.00000
     0.00000     0.00000     1.00000
           0           1           3           3
     2.62784    -0.00170    -2.72586
    -0.23518     0.97195     0.00000
    -0.97195    -0.23518     0.00000
     0.00000     0.00000     1.00000
           0           1           3           4
     2.62784    -0.00170    -8.41786
    -0.23518     0.97195     0.00000
    -0.97195    -0.23518     0.00000
     0.00000     0.00000     1.00000
           0           1           4           1
     2.33494     1.17712     8.65814
    -0.64686     0.76260     0.00000
    -0.76260    -0.64686     0.00000
     0.00000     0.00000     1.00000
           0           1           4           2
     2.33494     1.17712     2.96614
    -0.64686     0.76260     0.00000
    -0.76260    -0.64686     0.00000
     0.00000     0.00000     1.00000
           0           1           4           3
     2.33494     1.17712    -2.72586
    -0.64686     0.76260     0.00000
    -0.76260    -0.64686     0.00000
     0.00000     0.00000     1.00000
           0           1           4           4
     2.33494     1.17712    -8.41786
    -0.64686     0.76260     0.00000
    -0.76260    -0.64686     0.00000
     0.00000     0.00000     1.00000
           0           1           5           1
     1.54357     2.09857     8.65814
    -0.92056     0.39061     0.00000
    -0.39061    -0.92056     0.00000
     0.00000     0.00000     1.00000
           0           1           5           2
     1.54357     2.09857     2.96614
    -0.92056     0.39061     0.00000
    -0.39061    -0.92056     0.00000
     0.00000     0.00000     1.00000
           0           1           5           3
     1.54357     2.09857    -2.72586
    -0.92056     0.39061     0.00000
    -0.39061    -0.92056     0.00000
     0.00000     0.00000     1.00000
           0           1           5           4
     1.54357     2.09857    -8.41786
    -0.92056     0.39061     0.00000
    -0.39061    -0.92056     0.00000
     0.00000     0.00000     1.00000
           0           1           6           1
    -1.56425     2.10148    -8.56396
     0.92058     0.39057     0.00000
     0.39057    -0.92058     0.00000
     0.00000    -0.00000    -1.00000
           0           1           6           2
    -1.56425     2.10148    -2.87196
     0.92058     0.39057     0.00000
     0.39057    -0.92058     0.00000
     0.00000    -0.00000    -1.00000
           0           1           6           3
    -1.56425     2.10148     2.82004
     0.92058     0.39057     0.00000
     0.39057    -0.92058     0.00000
     0.00000    -0.00000    -1.00000
           0           1           6           4
    -1.56425     2.10148     8.51204
     0.92058     0.39057     0.00000
     0.39057    -0.92058     0.00000
     0.00000    -0.00000    -1.00000
           0           1           7           1
    -2.35568     1.18002    -8.56396
     0.64688     0.76259     0.00000
     0.76259    -0.64688     0.00000
     0.00000    -0.00000    -1.00000
           0           1           7           2
    -2.35568     1.18002    -2.87196
     0.64688     0.76259     0.00000
     0.76259    -0.64688     0.00000
     0.00000    -0.00000    -1.00000
           0           1           7           3
    -2.35568     1.18002     2.82004
     0.64688     0.76259     0.00000
     0.76259    -0.64688     0.00000
     0.00000    -0.00000    -1.00000
           0           1           7           4
    -2.35568     1.18002     8.51204
     0.64688     0.76259     0.00000
     0.76259    -0.64688     0.00000
     0.00000    -0.00000    -1.00000
           0           1           8           1
    -2.64862     0.00120    -8.56396
     0.23520     0.97195    -0.00000
     0.97195    -0.23520    -0.00000
    -0.00000     0.00000    -1.00000
           0           1           8           2
    -2.64862     0.00120    -2.87196
     0.23520     0.97195    -0.00000
     0.97195    -0.23520    -0.00000
    -0.00000     0.00000    -1.00000
           0           1           8           3
    -2.64862     0.00120     2.82004
     0.23520     0.97195    -0.00000
     0.97195    -0.23520    -0.00000
    -0.00000     0.00000    -1.00000
           0           1           8           4
    -2.64862     0.00120     8.51204
     0.23520     0.97195    -0.00000
     0.97195    -0.23520    -0.00000
    -0.00000     0.00000    -1.00000
           0           1           9           1
    -2.38061    -1.18350    -8.56396
    -0.22663     0.97398    -0.00000
     0.97398     0.22663    -0.00000
    -0.00000    -0.00000    -1.00000
           0           1           9           2
    -2.38061    -1.18350    -2.87196
    -0.22663     0.97398    -0.00000
     0.97398     0.22663    -0.00000
    -0.00000    -0.00000    -1.00000
           0           1           9           3
    -2.38061    -1.18350     2.82004
    -0.22663     0.97398    -0.00000
     0.97398     0.22663    -0.00000
    -0.00000    -0.00000    -1.00000
           0           1           9           4
    -2.38061    -1.18350     8.51204
    -0.22663     0.97398    -0.00000
     0.97398     0.22663    -0.00000
    -0.00000    -0.00000    -1.00000
           0           1          10           1
    -1.60888    -2.12138    -8.56396
    -0.64010     0.76829    -0.00000
     0.76829     0.64010    -0.00000
    -0.00000    -0.00000    -1.00000
           0           1          10           2
    -1.60888    -2.12138    -2.87196
    -0.64010     0.76829    -0.00000
     0.76829     0.64010    -0.00000
    -0.00000    -0.00000    -1.00000
           0           1          10           3
    -1.60888    -2.12138     2.82004
    -0.64010     0.76829    -0.00000
     0.76829     0.64010    -0.00000
    -0.00000    -0.00000    -1.00000
           0           1          10           4
    -1.60888    -2.12138     8.51204
    -0.64010     0.76829    -0.00000
     0.76829     0.64010    -0.00000
    -0.00000    -0.00000    -1.00000
           0           2           1           1
     2.51512    -4.57055     8.65965
     0.74551     0.66649    -0.00000
    -0.66649     0.74551    -0.00000
    -0.00000     0.00000     1.00000
           0           2           1           2
     2.51512    -4.57055     2.96765
     0.74551     0.66649    -0.00000
    -0.66649     0.74551    -0.00000
    -0.00000     0.00000     1.00000
           0           2           1           3
     2.51512    -4.57055    -2.72435
     0.74551     0.66649    -0.00000
    -0.66649     0.74551    -0.00000
    -0.00000     0.00000     1.00000
           0           2           1           4
     2.51512    -4.57055    -8.41635
     0.74551     0.66649    -0.00000
    -0.66649     0.74551    -0.00000
    -0.00000     0.00000     1.00000
           0           2           2           1
     3.51648    -3.85286     8.65965
     0.56752     0.82336    -0.00000
    -0.82336     0.56752    -0.00000
    -0.00000     0.00000     1.00000
           0           2           2           2
     3.51648    -3.85286     2.96765
     0.56752     0.82336    -0.00000
    -0.82336     0.56752    -0.00000
    -0.00000     0.00000     1.00000
           0           2           2           3
     3.51648    -3.85286    -2.72435
     0.56752     0.82336    -0.00000
    -0.82336     0.56752    -0.00000
    -0.00000     0.00000     1.00000
           0           2           2           4
     3.51648    -3.85286    -8.41635
     0.56752     0.82336    -0.00000
    -0.82336     0.56752    -0.00000
    -0.00000     0.00000     1.00000
           0           2           3           1
     4.32057    -2.91946     8.65965
     0.35757     0.93389    -0.00000
    -0.93389     0.35757    -0.00000
    -0.00000     0.00000     1.00000
           0           2           3           2
     4.32057    -2.91946     2.96765
     0.35757     0.93389    -0.00000
    -0.93389     0.35757    -0.00000
    -0.00000     0.00000     1.00000
           0           2           3           3
     4.32057    -2.91946    -2.72435
     0.35757     0.93389    -0.00000
    -0.93389     0.35757    -0.00000
    -0.00000     0.00000     1.00000
           0           2           3           4
     4.32057    -2.91946    -8.41635
     0.35757     0.93389    -0.00000
    -0.93389     0.35757    -0.00000
    -0.00000     0.00000     1.00000
           0           2           4           1
     4.88215    -1.82290     8.65965
     0.12750     0.99184    -0.00000
    -0.99184     0.12750    -0.00000
    -0.00000     0.00000     1.00000
           0           2           4           2
     4.88215    -1.82290     2.96765
     0.12750     0.99184    -0.00000
    -0.99184     0.12750    -0.00000
    -0.00000     0.00000     1.00000
           0           2           4           3
     4.88215    -1.82290    -2.72435
     0.12750     0.99184    -0.00000
    -0.99184     0.12750    -0.00000
    -0.00000     0.00000     1.00000
           0           2           4           4
     4.88215    -1.82290    -8.41635
     0.12750     0.99184    -0.00000
    -0.99184     0.12750    -0.00000
    -0.00000     0.00000     1.00000
           0           2           5           1
     5.16959    -0.62490     8.65965
    -0.10976     0.99396     0.00000
    -0.99396    -0.10976     0.00000
     0.00000     0.00000     1.00000
           0           2           5           2
     5.16959    -0.62490     2.96765
    -0.10976     0.99396     0.00000
    -0.99396    -0.10976     0.00000
     0.00000     0.00000     1.00000
           0           2           5           3
     5.16959    -0.62490    -2.72435
    -0.10976     0.99396     0.00000
    -0.99396    -0.10976     0.00000
     0.00000     0.00000     1.00000
           0           2           5           4
     5.16959    -0.62490    -8.41635
    -0.10976     0.99396     0.00000
    -0.99396    -0.10976     0.00000
     0.00000     0.00000     1.00000
           0           2           6           1
     5.16670     0.60709     8.65965
    -0.34082     0.94013     0.00000
    -0.94013    -0.34082     0.00000
     0.00000     0.00000     1.00000
           0           2           6           2
     5.16670     0.60709     2.96765
    -0.34082     0.94013     0.00000
    -0.94013    -0.34082     0.00000
     0.00000     0.00000     1.00000
           0           2           6           3
     5.16670     0.60709    -2.72435
    -0.34082     0.94013     0.00000
    -0.94013    -0.34082     0.00000
     0.00000     0.00000     1.00000
           0           2           6           4
     5.16670     0.60709    -8.41635
    -0.34082     0.94013     0.00000
    -0.94013    -0.34082     0.00000
     0.00000     0.00000     1.00000
           0           2           7           1
     4.87366     1.80374     8.65965
    -0.55271     0.83337     0.00000
    -0.83337    -0.55271     0.00000
     0.00000     0.00000     1.00000
           0           2           7           2
     4.87366     1.80374     2.96765
    -0.55271     0.83337     0.00000
    -0.83337    -0.55271     0.00000
     0.00000     0.00000     1.00000
           0           2           7           3
     4.87366     1.80374    -2.72435
    -0.55271     0.83337     0.00000
    -0.83337    -0.55271     0.00000
     0.00000     0.00000     1.00000
           0           2           7           4
     4.87366     1.80374    -8.41635
    -0.55271     0.83337     0.00000
    -0.83337    -0.55271     0.00000
     0.00000     0.00000     1.00000
           0           2           8           1
     4.30695     2.89767     8.65965
    -0.73349     0.67970     0.00000
    -0.67970    -0.73349     0.00000
     0.00000     0.00000     1.00000
           0           2           8           2
     4.30695     2.89767     2.96765
    -0.73349     0.67970     0.00000
    -0.67970    -0.73349     0.00000
     0.00000     0.00000     1.00000
           0           2           8           3
     4.30695     2.89767    -2.72435
    -0.73349     0.67970     0.00000
    -0.67970    -0.73349     0.00000
     0.00000     0.00000     1.00000
           0           2           8           4
     4.30695     2.89767    -8.41635
    -0.73349     0.67970     0.00000
    -0.67970    -0.73349     0.00000
     0.00000     0.00000     1.00000
           0           2           9           1
     3.49849     3.82729     8.65965
    -0.87297     0.48777     0.00000
    -0.48777    -0.87297     0.00000
     0.00000     0.00000     1.00000
           0           2           9           2
     3.49849     3.82729     2.96765
    -0.87297     0.48777     0.00000
    -0.48777    -0.87297     0.00000
     0.00000     0.00000     1.00000
           0           2           9           3
     3.49849     3.82729    -2.72435
    -0.87297     0.48777     0.00000
    -0.48777    -0.87297     0.00000
     0.00000     0.00000     1.00000
           0           2           9           4
     3.49849     3.82729    -8.41635
    -0.87297     0.48777     0.00000
    -0.48777    -0.87297     0.00000
     0.00000     0.00000     1.00000
           0           2          10           1
     2.49377     4.54029     8.65965
    -0.96331     0.26838     0.00000
    -0.26838    -0.96331     0.00000
     0.00000     0.00000     1.00000
           0           2          10           2
     2.49377     4.54029     2.96765
    -0.96331     0.26838     0.00000
    -0.26838    -0.96331     0.00000
     0.00000     0.00000     1.00000
           0           2          10           3
     2.49377     4.54029    -2.72435
    -0.96331     0.26838     0.00000
    -0.26838    -0.96331     0.00000
     0.00000     0.00000     1.00000
           0           2          10           4
     2.49377     4.54029    -8.41635
    -0.96331     0.26838     0.00000
    -0.26838    -0.96331     0.00000
     0.00000     0.00000     1.00000
           0           2          11           1
    -2.50587     4.54817    -8.56420
     0.96365     0.26716     0.00000
     0.26716    -0.96365     0.00000
     0.00000    -0.00000    -1.00000
           0           2          11           2
    -2.50587     4.54817    -2.87220
     0.96365     0.26716     0.00000
     0.26716    -0.96365     0.00000
     0.00000    -0.00000    -1.00000
           0           2          11           3
    -2.50587     4.54817     2.81980
     0.96365     0.26716     0.00000
     0.26716    -0.96365     0.00000
     0.00000    -0.00000    -1.00000
           0           2          11           4
    -2.50587     4.54817     8.51180
     0.96365     0.26716     0.00000
     0.26716    -0.96365     0.00000
     0.00000    -0.00000    -1.00000
           0           2          12           1
    -3.51150     3.83644    -8.56420
     0.87359     0.48666     0.00000
     0.48666    -0.87359     0.00000
     0.00000    -0.00000    -1.00000
           0           2          12           2
    -3.51150     3.83644    -2.87220
     0.87359     0.48666     0.00000
     0.48666    -0.87359     0.00000
     0.00000    -0.00000    -1.00000
           0           2          12           3
    -3.51150     3.83644     2.81980
     0.87359     0.48666     0.00000
     0.48666    -0.87359     0.00000
     0.00000    -0.00000    -1.00000
           0           2          12           4
    -3.51150     3.83644     8.51180
     0.87359     0.48666     0.00000
     0.48666    -0.87359     0.00000
     0.00000    -0.00000    -1.00000
           0           2          13           1
    -4.32116     2.90783    -8.56420
     0.73435     0.67877     0.00000
     0.67877    -0.73435     0.00000
     0.00000    -0.00000    -1.00000
           0           2          13           2
    -4.32116     2.90783    -2.87220
     0.73435     0.67877     0.00000
     0.67877    -0.73435     0.00000
     0.00000    -0.00000    -1.00000
           0           2          13           3
    -4.32116     2.90783     2.81980
     0.73435     0.67877     0.00000
     0.67877    -0.73435     0.00000
     0.00000    -0.00000    -1.00000
           0           2          13           4
    -4.32116     2.90783     8.51180
     0.73435     0.67877     0.00000
     0.67877    -0.73435     0.00000
     0.00000    -0.00000    -1.00000
           0           2          14           1
    -4.88926     1.81462    -8.56420
     0.55377     0.83267     0.00000
     0.83267    -0.55377     0.00000
     0.00000    -0.00000    -1.00000
           0           2          14           2
    -4.88926     1.81462    -2.87220
     0.55377     0.83267     0.00000
     0.83267    -0.55377     0.00000
     0.00000    -0.00000    -1.00000
           0           2          14           3
    -4.88926     1.81462     2.81980
     0.55377     0.83267     0.00000
     0.83267    -0.55377     0.00000
     0.00000    -0.00000    -1.00000
           0           2          14           4
    -4.88926     1.81462     8.51180
     0.55377     0.83267     0.00000
     0.83267    -0.55377     0.00000
     0.00000    -0.00000    -1.00000
           0           2          15           1
    -5.18382     0.61834    -8.56420
     0.34201     0.93970    -0.00000
     0.93970    -0.34201    -0.00000
    -0.00000     0.00000    -1.00000
           0           2          15           2
    -5.18382     0.61834    -2.87220
     0.34201     0.93970    -0.00000
     0.93970    -0.34201    -0.00000
    -0.00000     0.00000    -1.00000
           0           2          15           3
    -5.18382     0.61834     2.81980
     0.34201     0.93970    -0.00000
     0.93970    -0.34201    -0.00000
    -0.00000     0.00000    -1.00000
           0           2          15           4
    -5.18382     0.61834     8.51180
     0.34201     0.93970    -0.00000
     0.93970    -0.34201    -0.00000
    -0.00000     0.00000    -1.00000
           0           2          16           1
    -5.18826    -0.61365    -8.56420
     0.11101     0.99382    -0.00000
     0.99382    -0.11101    -0.00000
    -0.00000     0.00000    -1.00000
           0           2          16           2
    -5.18826    -0.61365    -2.87220
     0.11101     0.99382    -0.00000
     0.99382    -0.11101    -0.00000
    -0.00000     0.00000    -1.00000
           0           2          16           3
    -5.18826    -0.61365     2.81980
     0.11101     0.99382    -0.00000
     0.99382    -0.11101    -0.00000
    -0.00000     0.00000    -1.00000
           0           2          16           4
    -5.18826    -0.61365     8.51180
     0.11101     0.99382    -0.00000
     0.99382    -0.11101    -0.00000
    -0.00000     0.00000    -1.00000
           0           2          17           1
    -4.90234    -1.81201    -8.56420
    -0.12625     0.99200    -0.00000
     0.99200     0.12625    -0.00000
    -0.00000    -0.00000    -1.00000
           0           2          17           2
    -4.90234    -1.81201    -2.87220
    -0.12625     0.99200    -0.00000
     0.99200     0.12625    -0.00000
    -0.00000    -0.00000    -1.00000
           0           2          17           3
    -4.90234    -1.81201     2.81980
    -0.12625     0.99200    -0.00000
     0.99200     0.12625    -0.00000
    -0.00000    -0.00000    -1.00000
           0           2          17           4
    -4.90234    -1.81201     8.51180
    -0.12625     0.99200    -0.00000
     0.99200     0.12625    -0.00000
    -0.00000    -0.00000    -1.00000
           0           2          18           1
    -4.34216    -2.90928    -8.56420
    -0.35639     0.93434    -0.00000
     0.93434     0.35639    -0.00000
    -0.00000    -0.00000    -1.00000
           0           2          18           2
    -4.34216    -2.90928    -2.87220
    -0.35639     0.93434    -0.00000
     0.93434     0.35639    -0.00000
    -0.00000    -0.00000    -1.00000
           0           2          18           3
    -4.34215    -2.90928     2.81980
    -0.35639     0.93434    -0.00000
     0.93434     0.35639    -0.00000
    -0.00000    -0.00000    -1.00000
           0           2          18           4
    -4.34215    -2.90928     8.51180
    -0.35639     0.93434    -0.00000
     0.93434     0.35639    -0.00000
    -0.00000    -0.00000    -1.00000
           0           2          19           1
    -3.53925    -3.84369    -8.56420
    -0.56648     0.82408    -0.00000
     0.82408     0.56648    -0.00000
    -0.00000    -0.00000    -1.00000
           0           2          19           2
    -3.53925    -3.84369    -2.87220
    -0.56648     0.82408    -0.00000
     0.82408     0.56648    -0.00000
    -0.00000    -0.00000    -1.00000
           0           2          19           3
    -3.53925    -3.84369     2.81980
    -0.56648     0.82408    -0.00000
     0.82408     0.56648    -0.00000
    -0.00000    -0.00000    -1.00000
           0           2          19           4
    -3.53925    -3.84369     8.51180
    -0.56648     0.82408    -0.00000
     0.82408     0.56648    -0.00000
    -0.00000    -0.00000    -1.00000
           0           2          20           1
    -2.53881    -4.56264    -8.56420
    -0.74467     0.66744    -0.00000
     0.66744     0.74467    -0.00000
    -0.00000    -0.00000    -1.00000
           0           2          20           2
    -2.53881    -4.56264    -2.87220
    -0.74467     0.66744    -0.00000
     0.66744     0.74467    -0.00000
    -0.00000    -0.00000    -1.00000
           0           2          20           3
    -2.53881    -4.56264     2.81980
    -0.74467     0.66744    -0.00000
     0.66744     0.74467    -0.00000
    -0.00000    -0.00000    -1.00000
           0           2          20           4
    -2.53881    -4.56264     8.51180
    -0.74467     0.66744    -0.00000
     0.66744     0.74467    -0.00000
    -0.00000    -0.00000    -1.00000
           0           3           1           1
     5.62842   -10.33268    12.86090
    -0.87814    -0.47840     0.00000
    -0.47840     0.87814     0.00000
    -0.00000     0.00000    -1.00000
           0           3           1           2
     5.62842   -10.33268     6.48550
    -0.87814    -0.47840     0.00000
    -0.47840     0.87814     0.00000
    -0.00000     0.00000    -1.00000
           0           3           1           3
     5.62842   -10.33268     0.11010
    -0.87814    -0.47840     0.00000
    -0.47840     0.87814     0.00000
    -0.00000     0.00000    -1.00000
           0           3           1           4
     5.62842   -10.33268    -6.26530
    -0.87814    -0.47840     0.00000
    -0.47840     0.87814     0.00000
    -0.00000     0.00000    -1.00000
           0           3           1           5
     5.62842   -10.33268   -12.64070
    -0.87814    -0.47840     0.00000
    -0.47840     0.87814     0.00000
    -0.00000     0.00000    -1.00000
           0           3           2           1
     7.54943    -7.13551    12.86090
    -0.68684    -0.72681     0.00000
    -0.72681     0.68684     0.00000
    -0.00000     0.00000    -1.00000
           0           3           2           2
     7.54943    -7.13551     6.48550
    -0.68684    -0.72681     0.00000
    -0.72681     0.68684     0.00000
    -0.00000     0.00000    -1.00000
           0           3           2           3
     7.54943    -7.13551     0.11010
    -0.68684    -0.72681     0.00000
    -0.72681     0.68684     0.00000
    -0.00000     0.00000    -1.00000
           0           3           2           4
     7.54943    -7.13551    -6.26530
    -0.68684    -0.72681     0.00000
    -0.72681     0.68684     0.00000
    -0.00000     0.00000    -1.00000
           0           3           2           5
     7.54943    -7.13551   -12.64070
    -0.68684    -0.72681     0.00000
    -0.72681     0.68684     0.00000
    -0.00000     0.00000    -1.00000
           0           3           3           1
    11.52619    -5.67747    12.86090
    -0.44179    -0.89712     0.00000
    -0.89712     0.44179     0.00000
    -0.00000     0.00000    -1.00000
           0           3           3           2
    11.52619    -5.67747     6.48550
    -0.44179    -0.89712     0.00000
    -0.89712     0.44179     0.00000
    -0.00000     0.00000    -1.00000
           0           3           3           3
    11.52618    -5.67747     0.11010
    -0.44179    -0.89712     0.00000
    -0.89712     0.44179     0.00000
    -0.00000     0.00000    -1.00000
           0           3           3           4
    11.52618    -5.67747    -6.26530
    -0.44179    -0.89712     0.00000
    -0.89712     0.44179     0.00000
    -0.00000     0.00000    -1.00000
           0           3           3           5
    11.52618    -5.67747   -12.64070
    -0.44179    -0.89712     0.00000
    -0.89712     0.44179     0.00000
    -0.00000     0.00000    -1.00000
           0           3           4           1
    11.58055    -2.07645    12.86090
    -0.17638    -0.98432     0.00000
    -0.98432     0.17638     0.00000
    -0.00000     0.00000    -1.00000
           0           3           4           2
    11.58055    -2.07645     6.48550
    -0.17638    -0.98432     0.00000
    -0.98432     0.17638     0.00000
    -0.00000     0.00000    -1.00000
           0           3           4           3
    11.58055    -2.07645     0.11010
    -0.17638    -0.98432     0.00000
    -0.98432     0.17638     0.00000
    -0.00000     0.00000    -1.00000
           0           3           4           4
    11.58055    -2.07645    -6.26530
    -0.17638    -0.98432     0.00000
    -0.98432     0.17638     0.00000
    -0.00000     0.00000    -1.00000
           0           3           4           5
    11.58055    -2.07645   -12.64070
    -0.17638    -0.98432     0.00000
    -0.98432     0.17638     0.00000
    -0.00000     0.00000    -1.00000
           0           3           5           1
    10.28891     1.42268    12.86090
     0.13710    -0.99056     0.00000
    -0.99056    -0.13710     0.00000
    -0.00000    -0.00000    -1.00000
           0           3           5           2
    10.28891     1.42268     6.48550
     0.13710    -0.99056     0.00000
    -0.99056    -0.13710     0.00000
    -0.00000    -0.00000    -1.00000
           0           3           5           3
    10.28891     1.42268     0.11010
     0.13710    -0.99056     0.00000
    -0.99056    -0.13710     0.00000
    -0.00000    -0.00000    -1.00000
           0           3           5           4
    10.28891     1.42268    -6.26530
     0.13710    -0.99056     0.00000
    -0.99056    -0.13710     0.00000
    -0.00000    -0.00000    -1.00000
           0           3           5           5
    10.28891     1.42268   -12.64070
     0.13710    -0.99056     0.00000
    -0.99056    -0.13710     0.00000
    -0.00000    -0.00000    -1.00000
           0           3           6           1
    11.64025     5.43696    12.86090
     0.42328    -0.90600     0.00000
    -0.90600    -0.42328     0.00000
    -0.00000    -0.00000    -1.00000
           0           3           6           2
    11.64025     5.43696     6.48550
     0.42328    -0.90600     0.00000
    -0.90600    -0.42328     0.00000
    -0.00000    -0.00000    -1.00000
           0           3           6           3
    11.64025     5.43696     0.11010
     0.42328    -0.90600     0.00000
    -0.90600    -0.42328     0.00000
    -0.00000    -0.00000    -1.00000
           0           3           6           4
    11.64025     5.43696    -6.26530
     0.42328    -0.90600     0.00000
    -0.90600    -0.42328     0.00000
    -0.00000    -0.00000    -1.00000
           0           3           6           5
    11.64025     5.43696   -12.64070
     0.42328    -0.90600     0.00000
    -0.90600    -0.42328     0.00000
    -0.00000    -0.00000    -1.00000
           0           3           7           1
     8.86550     7.73284    12.86090
     0.65739    -0.75355     0.00000
    -0.75355    -0.65739     0.00000
    -0.00000    -0.00000    -1.00000
           0           3           7           2
     8.86550     7.73284     6.48550
     0.65739    -0.75355     0.00000
    -0.75355    -0.65739     0.00000
    -0.00000    -0.00000    -1.00000
           0           3           7           3
     8.86550     7.73284     0.11010
     0.65739    -0.75355     0.00000
    -0.75355    -0.65739     0.00000
    -0.00000    -0.00000    -1.00000
           0           3           7           4
     8.86550     7.73284    -6.26530
     0.65739    -0.75355     0.00000
    -0.75355    -0.65739     0.00000
    -0.00000    -0.00000    -1.00000
           0           3           7           5
     8.86550     7.73284   -12.64070
     0.65739    -0.75355     0.00000
    -0.75355    -0.65739     0.00000
    -0.00000    -0.00000    -1.00000
           0           3           8           1
     5.32791     8.91507    12.86090
     0.85842    -0.51294     0.00000
    -0.51294    -0.85842     0.00000
    -0.00000    -0.00000    -1.00000
           0           3           8           2
     5.32791     8.91507     6.48550
     0.85842    -0.51294     0.00000
    -0.51294    -0.85842     0.00000
    -0.00000    -0.00000    -1.00000
           0           3           8           3
     5.32791     8.91507     0.11010
     0.85842    -0.51294     0.00000
    -0.51294    -0.85842     0.00000
    -0.00000    -0.00000    -1.00000
           0           3           8           4
     5.32791     8.91507    -6.26530
     0.85842    -0.51294     0.00000
    -0.51294    -0.85842     0.00000
    -0.00000    -0.00000    -1.00000
           0           3           8           5
     5.32791     8.91507   -12.64070
     0.85842    -0.51294     0.00000
    -0.51294    -0.85842     0.00000
    -0.00000    -0.00000    -1.00000
           0           3           9           1
    -5.34824     8.93327   -12.77540
    -0.85809    -0.51349     0.00000
     0.51349    -0.85809     0.00000
    -0.00000     0.00000     1.00000
           0           3           9           2
    -5.34824     8.93327    -6.40000
    -0.85809    -0.51349     0.00000
     0.51349    -0.85809     0.00000
    -0.00000     0.00000     1.00000
           0           3           9           3
    -5.34824     8.93327    -0.02460
    -0.85809    -0.51349     0.00000
     0.51349    -0.85809     0.00000
    -0.00000     0.00000     1.00000
           0           3           9           4
    -5.34824     8.93327     6.35080
    -0.85809    -0.51349     0.00000
     0.51349    -0.85809     0.00000
    -0.00000     0.00000     1.00000
           0           3           9           5
    -5.34824     8.93327    12.72620
    -0.85809    -0.51349     0.00000
     0.51349    -0.85809     0.00000
    -0.00000     0.00000     1.00000
           0           3          10           1
    -8.88449     7.74944   -12.77540
    -0.65697    -0.75392    -0.00000
     0.75392    -0.65697    -0.00000
     0.00000     0.00000     1.00000
           0           3          10           2
    -8.88449     7.74944    -6.40000
    -0.65697    -0.75392    -0.00000
     0.75392    -0.65697    -0.00000
     0.00000     0.00000     1.00000
           0           3          10           3
    -8.88449     7.74944    -0.02460
    -0.65697    -0.75392    -0.00000
     0.75392    -0.65697    -0.00000
     0.00000     0.00000     1.00000
           0           3          10           4
    -8.88449     7.74944     6.35080
    -0.65697    -0.75392    -0.00000
     0.75392    -0.65697    -0.00000
     0.00000     0.00000     1.00000
           0           3          10           5
    -8.88449     7.74944    12.72620
    -0.65697    -0.75392    -0.00000
     0.75392    -0.65697    -0.00000
     0.00000     0.00000     1.00000
           0           3          11           1
   -11.65769     5.45253   -12.77540
    -0.42281    -0.90622    -0.00000
     0.90622    -0.42281    -0.00000
     0.00000     0.00000     1.00000
           0           3          11           2
   -11.65769     5.45253    -6.40000
    -0.42281    -0.90622    -0.00000
     0.90622    -0.42281    -0.00000
     0.00000     0.00000     1.00000
           0           3          11           3
   -11.65769     5.45253    -0.02460
    -0.42281    -0.90622    -0.00000
     0.90622    -0.42281    -0.00000
     0.00000     0.00000     1.00000
           0           3          11           4
   -11.65769     5.45253     6.35080
    -0.42281    -0.90622    -0.00000
     0.90622    -0.42281    -0.00000
     0.00000     0.00000     1.00000
           0           3          11           5
   -11.65769     5.45253    12.72620
    -0.42281    -0.90622    -0.00000
     0.90622    -0.42281    -0.00000
     0.00000     0.00000     1.00000
           0           3          12           1
   -10.30444     1.43770   -12.77540
    -0.13646    -0.99065    -0.00000
     0.99065    -0.13646    -0.00000
     0.00000     0.00000     1.00000
           0           3          12           2
   -10.30444     1.43770    -6.40000
    -0.13646    -0.99065    -0.00000
     0.99065    -0.13646    -0.00000
     0.00000     0.00000     1.00000
           0           3          12           3
   -10.30444     1.43770    -0.02460
    -0.13646    -0.99065    -0.00000
     0.99065    -0.13646    -0.00000
     0.00000     0.00000     1.00000
           0           3          12           4
   -10.30444     1.43770     6.35080
    -0.13646    -0.99065    -0.00000
     0.99065    -0.13646    -0.00000
     0.00000     0.00000     1.00000
           0           3          12           5
   -10.30444     1.43770    12.72620
    -0.13646    -0.99065    -0.00000
     0.99065    -0.13646    -0.00000
     0.00000     0.00000     1.00000
           0           3          13           1
   -11.59399    -2.06140   -12.77540
     0.17694    -0.98422    -0.00000
     0.98422     0.17694    -0.00000
     0.00000     0.00000     1.00000
           0           3          13           2
   -11.59399    -2.06140    -6.40000
     0.17694    -0.98422    -0.00000
     0.98422     0.17694    -0.00000
     0.00000     0.00000     1.00000
           0           3          13           3
   -11.59399    -2.06140    -0.02460
     0.17694    -0.98422    -0.00000
     0.98422     0.17694    -0.00000
     0.00000     0.00000     1.00000
           0           3          13           4
   -11.59399    -2.06140     6.35080
     0.17694    -0.98422    -0.00000
     0.98422     0.17694    -0.00000
     0.00000     0.00000     1.00000
           0           3          13           5
   -11.59399    -2.06140    12.72620
     0.17694    -0.98422    -0.00000
     0.98422     0.17694    -0.00000
     0.00000     0.00000     1.00000
           0           3          14           1
   -11.53784    -5.66184   -12.77540
     0.44225    -0.89689    -0.00000
     0.89689     0.44225    -0.00000
     0.00000     0.00000     1.00000
           0           3          14           2
   -11.53784    -5.66184    -6.40000
     0.44225    -0.89689    -0.00000
     0.89689     0.44225    -0.00000
     0.00000     0.00000     1.00000
           0           3          14           3
   -11.53784    -5.66184    -0.02460
     0.44225    -0.89689    -0.00000
     0.89689     0.44225    -0.00000
     0.00000     0.00000     1.00000
           0           3          14           4
   -11.53784    -5.66184     6.35080
     0.44225    -0.89689    -0.00000
     0.89689     0.44225    -0.00000
     0.00000     0.00000     1.00000
           0           3          14           5
   -11.53784    -5.66184    12.72620
     0.44225    -0.89689    -0.00000
     0.89689     0.44225    -0.00000
     0.00000     0.00000     1.00000
           0           3          15           1
    -7.55944    -7.11875   -12.77540
     0.68730    -0.72637    -0.00000
     0.72637     0.68730    -0.00000
     0.00000     0.00000     1.00000
           0           3          15           2
    -7.55944    -7.11875    -6.40000
     0.68730    -0.72637    -0.00000
     0.72637     0.68730    -0.00000
     0.00000     0.00000     1.00000
           0           3          15           3
    -7.55944    -7.11875    -0.02460
     0.68730    -0.72637    -0.00000
     0.72637     0.68730    -0.00000
     0.00000     0.00000     1.00000
           0           3          15           4
    -7.55944    -7.11875     6.35080
     0.68730    -0.72637    -0.00000
     0.72637     0.68730    -0.00000
     0.00000     0.00000     1.00000
           0           3          15           5
    -7.55944    -7.11875    12.72620
     0.68730    -0.72637    -0.00000
     0.72637     0.68730    -0.00000
     0.00000     0.00000     1.00000
           0           3          16           1
    -5.63715   -10.31427   -12.77540
     0.87841    -0.47790    -0.00000
     0.47790     0.87841    -0.00000
     0.00000     0.00000     1.00000
           0           3          16           2
    -5.63715   -10.31427    -6.40000
     0.87841    -0.47790    -0.00000
     0.47790     0.87841    -0.00000
     0.00000     0.00000     1.00000
           0           3          16           3
