 SVX cage parameters:
     2.20000
     0.50000     0.20000
     0.00000
           6
   -40.00000   -26.50000   -26.50000    26.50000    26.50000    40.00000
    53.00000    53.00000    22.00000    22.00000    53.00000    53.00000
     0.00000     0.00000     0.00000
 SVX barrel parameters:
           4
     2.63000     5.13000    11.76500    16.68700     1.21400
     0.00000     0.00000     0.00000     0.00000
           4           4           5           6
     0.69600     0.69600     1.74500     1.74500
     0.01000     0.01000     0.03125     0.03125
     2.83600     2.83600     3.18770     3.18770
     0.01900     0.01900     0.00000     0.00000
     0.02000     0.02000     0.00000     0.00000
    26.70000    13.60000    17.00000    12.00000
   -13.00000   -13.02000     0.00000     0.00000
           2
           5           5
     0.00000   180.00000
           2
          10          10
     0.00000   180.00000
           2
           8           8
     0.00000   180.00000
           2
          12          12
     0.00000   180.00000
 SVX barrel sensor rotation matrices and translation vectors:
           0           1           1           1
     1.59015    -2.12245     8.54159
     0.63914     0.76909    -0.00000
    -0.76909     0.63914    -0.00000
    -0.00000     0.00000     1.00000
           0           1           1           2
     1.59015    -2.12245     2.84959
     0.63914     0.76909    -0.00000
    -0.76909     0.63914    -0.00000
    -0.00000     0.00000     1.00000
           0           1           1           3
     1.59015    -2.12245    -2.84241
     0.63914     0.76909    -0.00000
    -0.76909     0.63914    -0.00000
    -0.00000     0.00000     1.00000
           0           1           1           4
     1.59015    -2.12245    -8.53441
     0.63914     0.76909    -0.00000
    -0.76909     0.63914    -0.00000
    -0.00000     0.00000     1.00000
           0           1           2           1
     2.36190    -1.18452     8.54159
     0.22538     0.97427    -0.00000
    -0.97427     0.22538    -0.00000
    -0.00000     0.00000     1.00000
           0           1           2           2
     2.36190    -1.18452     2.84959
     0.22538     0.97427    -0.00000
    -0.97427     0.22538    -0.00000
    -0.00000     0.00000     1.00000
           0           1           2           3
     2.36190    -1.18452    -2.84241
     0.22538     0.97427    -0.00000
    -0.97427     0.22538    -0.00000
    -0.00000     0.00000     1.00000
           0           1           2           4
     2.36190    -1.18452    -8.53441
     0.22538     0.97427    -0.00000
    -0.97427     0.22538    -0.00000
    -0.00000     0.00000     1.00000
           0           1           3           1
     2.62989     0.00020     8.54159
    -0.23646     0.97164     0.00000
    -0.97164    -0.23646     0.00000
     0.00000     0.00000     1.00000
           0           1           3           2
     2.62989     0.00020     2.84959
    -0.23646     0.97164     0.00000
    -0.97164    -0.23646     0.00000
     0.00000     0.00000     1.00000
           0           1           3           3
     2.62989     0.00020    -2.84241
    -0.23646     0.97164     0.00000
    -0.97164    -0.23646     0.00000
     0.00000     0.00000     1.00000
           0           1           3           4
     2.62989     0.00020    -8.53441
    -0.23646     0.97164     0.00000
    -0.97164    -0.23646     0.00000
     0.00000     0.00000     1.00000
           0           1           4           1
     2.33693     1.17900     8.54159
    -0.64786     0.76176     0.00000
    -0.76176    -0.64786     0.00000
     0.00000     0.00000     1.00000
           0           1           4           2
     2.33693     1.17900     2.84959
    -0.64786     0.76176     0.00000
    -0.76176    -0.64786     0.00000
     0.00000     0.00000     1.00000
           0           1           4           3
     2.33693     1.17900    -2.84241
    -0.64786     0.76176     0.00000
    -0.76176    -0.64786     0.00000
     0.00000     0.00000     1.00000
           0           1           4           4
     2.33693     1.17900    -8.53441
    -0.64786     0.76176     0.00000
    -0.76176    -0.64786     0.00000
     0.00000     0.00000     1.00000
           0           1           5           1
     1.54553     2.10041     8.54159
    -0.92107     0.38940     0.00000
    -0.38940    -0.92107     0.00000
     0.00000     0.00000     1.00000
           0           1           5           2
     1.54553     2.10041     2.84959
    -0.92107     0.38940     0.00000
    -0.38940    -0.92107     0.00000
     0.00000     0.00000     1.00000
           0           1           5           3
     1.54553     2.10041    -2.84241
    -0.92107     0.38940     0.00000
    -0.38940    -0.92107     0.00000
     0.00000     0.00000     1.00000
           0           1           5           4
     1.54553     2.10041    -8.53441
    -0.92107     0.38940     0.00000
    -0.38940    -0.92107     0.00000
     0.00000     0.00000     1.00000
           0           1           6           1
    -1.55968     2.10260    -8.54904
     0.92106     0.38942     0.00000
     0.38942    -0.92106     0.00000
     0.00000    -0.00000    -1.00000
           0           1           6           2
    -1.55968     2.10260    -2.85704
     0.92106     0.38942     0.00000
     0.38942    -0.92106     0.00000
     0.00000    -0.00000    -1.00000
           0           1           6           3
    -1.55968     2.10260     2.83496
     0.92106     0.38942     0.00000
     0.38942    -0.92106     0.00000
     0.00000    -0.00000    -1.00000
           0           1           6           4
    -1.55968     2.10260     8.52696
     0.92106     0.38942     0.00000
     0.38942    -0.92106     0.00000
     0.00000    -0.00000    -1.00000
           0           1           7           1
    -2.35108     1.18113    -8.54904
     0.64783     0.76178    -0.00000
     0.76178    -0.64783    -0.00000
    -0.00000     0.00000    -1.00000
           0           1           7           2
    -2.35108     1.18113    -2.85704
     0.64783     0.76178    -0.00000
     0.76178    -0.64783    -0.00000
    -0.00000     0.00000    -1.00000
           0           1           7           3
    -2.35108     1.18113     2.83496
     0.64783     0.76178    -0.00000
     0.76178    -0.64783    -0.00000
    -0.00000     0.00000    -1.00000
           0           1           7           4
    -2.35108     1.18113     8.52696
     0.64783     0.76178    -0.00000
     0.76178    -0.64783    -0.00000
    -0.00000     0.00000    -1.00000
           0           1           8           1
    -2.64401     0.00232    -8.54904
     0.23642     0.97165    -0.00000
     0.97165    -0.23642    -0.00000
    -0.00000     0.00000    -1.00000
           0           1           8           2
    -2.64400     0.00232    -2.85704
     0.23642     0.97165    -0.00000
     0.97165    -0.23642    -0.00000
    -0.00000     0.00000    -1.00000
           0           1           8           3
    -2.64400     0.00232     2.83496
     0.23642     0.97165    -0.00000
     0.97165    -0.23642    -0.00000
    -0.00000     0.00000    -1.00000
           0           1           8           4
    -2.64400     0.00232     8.52696
     0.23642     0.97165    -0.00000
     0.97165    -0.23642    -0.00000
    -0.00000     0.00000    -1.00000
           0           1           9           1
    -2.37598    -1.18237    -8.54904
    -0.22541     0.97426    -0.00000
     0.97426     0.22541    -0.00000
    -0.00000    -0.00000    -1.00000
           0           1           9           2
    -2.37598    -1.18237    -2.85704
    -0.22541     0.97426    -0.00000
     0.97426     0.22541    -0.00000
    -0.00000    -0.00000    -1.00000
           0           1           9           3
    -2.37598    -1.18237     2.83496
    -0.22541     0.97426    -0.00000
     0.97426     0.22541    -0.00000
    -0.00000    -0.00000    -1.00000
           0           1           9           4
    -2.37598    -1.18237     8.52696
    -0.22541     0.97426    -0.00000
     0.97426     0.22541    -0.00000
    -0.00000    -0.00000    -1.00000
           0           1          10           1
    -1.60424    -2.12024    -8.54904
    -0.63915     0.76909    -0.00000
     0.76909     0.63915    -0.00000
    -0.00000    -0.00000    -1.00000
           0           1          10           2
    -1.60424    -2.12024    -2.85704
    -0.63915     0.76909    -0.00000
     0.76909     0.63915    -0.00000
    -0.00000    -0.00000    -1.00000
           0           1          10           3
    -1.60424    -2.12024     2.83496
    -0.63915     0.76909    -0.00000
     0.76909     0.63915    -0.00000
    -0.00000    -0.00000    -1.00000
           0           1          10           4
    -1.60424    -2.12024     8.52696
    -0.63915     0.76909    -0.00000
     0.76909     0.63915    -0.00000
    -0.00000    -0.00000    -1.00000
           0           2           1           1
     2.48697    -4.50720     8.54457
     0.74350     0.66874    -0.00000
    -0.66874     0.74350    -0.00000
    -0.00000     0.00000     1.00000
           0           2           1           2
     2.48697    -4.50720     2.85257
     0.74350     0.66874    -0.00000
    -0.66874     0.74350    -0.00000
    -0.00000     0.00000     1.00000
           0           2           1           3
     2.48697    -4.50720    -2.83943
     0.74350     0.66874    -0.00000
    -0.66874     0.74350    -0.00000
    -0.00000     0.00000     1.00000
           0           2           1           4
     2.48697    -4.50720    -8.53143
     0.74350     0.66874    -0.00000
    -0.66874     0.74350    -0.00000
    -0.00000     0.00000     1.00000
           0           2           2           1
     3.47335    -3.79808     8.54457
     0.56540     0.82481    -0.00000
    -0.82481     0.56540    -0.00000
    -0.00000     0.00000     1.00000
           0           2           2           2
     3.47335    -3.79808     2.85257
     0.56540     0.82481    -0.00000
    -0.82481     0.56540    -0.00000
    -0.00000     0.00000     1.00000
           0           2           2           3
     3.47335    -3.79808    -2.83943
     0.56540     0.82481    -0.00000
    -0.82481     0.56540    -0.00000
    -0.00000     0.00000     1.00000
           0           2           2           4
     3.47335    -3.79808    -8.53143
     0.56540     0.82481    -0.00000
    -0.82481     0.56540    -0.00000
    -0.00000     0.00000     1.00000
           0           2           3           1
     4.26533    -2.87690     8.54457
     0.35560     0.93464    -0.00000
    -0.93464     0.35560    -0.00000
    -0.00000     0.00000     1.00000
           0           2           3           2
     4.26533    -2.87690     2.85257
     0.35560     0.93464    -0.00000
    -0.93464     0.35560    -0.00000
    -0.00000     0.00000     1.00000
           0           2           3           3
     4.26533    -2.87690    -2.83943
     0.35560     0.93464    -0.00000
    -0.93464     0.35560    -0.00000
    -0.00000     0.00000     1.00000
           0           2           3           4
     4.26533    -2.87690    -8.53143
     0.35560     0.93464    -0.00000
    -0.93464     0.35560    -0.00000
    -0.00000     0.00000     1.00000
           0           2           4           1
     4.81850    -1.79531     8.54457
     0.12585     0.99205    -0.00000
    -0.99205     0.12585    -0.00000
    -0.00000     0.00000     1.00000
           0           2           4           2
     4.81850    -1.79531     2.85257
     0.12585     0.99205    -0.00000
    -0.99205     0.12585    -0.00000
    -0.00000     0.00000     1.00000
           0           2           4           3
     4.81850    -1.79531    -2.83943
     0.12585     0.99205    -0.00000
    -0.99205     0.12585    -0.00000
    -0.00000     0.00000     1.00000
           0           2           4           4
     4.81850    -1.79531    -8.53143
     0.12585     0.99205    -0.00000
    -0.99205     0.12585    -0.00000
    -0.00000     0.00000     1.00000
           0           2           5           1
     5.10182    -0.61398     8.54457
    -0.11095     0.99383     0.00000
    -0.99383    -0.11095     0.00000
     0.00000     0.00000     1.00000
           0           2           5           2
     5.10182    -0.61398     2.85257
    -0.11095     0.99383     0.00000
    -0.99383    -0.11095     0.00000
     0.00000     0.00000     1.00000
           0           2           5           3
     5.10182    -0.61398    -2.83943
    -0.11095     0.99383     0.00000
    -0.99383    -0.11095     0.00000
     0.00000     0.00000     1.00000
           0           2           5           4
     5.10182    -0.61398    -8.53143
    -0.11095     0.99383     0.00000
    -0.99383    -0.11095     0.00000
     0.00000     0.00000     1.00000
           0           2           6           1
     5.09944     0.60084     8.54457
    -0.34153     0.93987     0.00000
    -0.93987    -0.34153     0.00000
     0.00000     0.00000     1.00000
           0           2           6           2
     5.09944     0.60084     2.85257
    -0.34153     0.93987     0.00000
    -0.93987    -0.34153     0.00000
     0.00000     0.00000     1.00000
           0           2           6           3
     5.09944     0.60084    -2.83943
    -0.34153     0.93987     0.00000
    -0.93987    -0.34153     0.00000
     0.00000     0.00000     1.00000
           0           2           6           4
     5.09944     0.60084    -8.53143
    -0.34153     0.93987     0.00000
    -0.93987    -0.34153     0.00000
     0.00000     0.00000     1.00000
           0           2           7           1
     4.81144     1.78105     8.54457
    -0.55296     0.83321     0.00000
    -0.83321    -0.55296     0.00000
     0.00000     0.00000     1.00000
           0           2           7           2
     4.81144     1.78105     2.85257
    -0.55296     0.83321     0.00000
    -0.83321    -0.55296     0.00000
     0.00000     0.00000     1.00000
           0           2           7           3
     4.81144     1.78105    -2.83943
    -0.55296     0.83321     0.00000
    -0.83321    -0.55296     0.00000
     0.00000     0.00000     1.00000
           0           2           7           4
     4.81144     1.78105    -8.53143
    -0.55296     0.83321     0.00000
    -0.83321    -0.55296     0.00000
     0.00000     0.00000     1.00000
           0           2           8           1
     4.25401     2.86044     8.54457
    -0.73338     0.67982     0.00000
    -0.67982    -0.73338     0.00000
     0.00000     0.00000     1.00000
           0           2           8           2
     4.25401     2.86044     2.85257
    -0.73338     0.67982     0.00000
    -0.67982    -0.73338     0.00000
     0.00000     0.00000     1.00000
           0           2           8           3
     4.25401     2.86044    -2.83943
    -0.73338     0.67982     0.00000
    -0.67982    -0.73338     0.00000
     0.00000     0.00000     1.00000
           0           2           8           4
     4.25401     2.86044    -8.53143
    -0.73338     0.67982     0.00000
    -0.67982    -0.73338     0.00000
     0.00000     0.00000     1.00000
           0           2           9           1
     3.45840     3.77849     8.54457
    -0.87267     0.48831     0.00000
    -0.48831    -0.87267     0.00000
     0.00000     0.00000     1.00000
           0           2           9           2
     3.45840     3.77849     2.85257
    -0.87267     0.48831     0.00000
    -0.48831    -0.87267     0.00000
     0.00000     0.00000     1.00000
           0           2           9           3
     3.45840     3.77849    -2.83943
    -0.87267     0.48831     0.00000
    -0.48831    -0.87267     0.00000
     0.00000     0.00000     1.00000
           0           2           9           4
     3.45840     3.77849    -8.53143
    -0.87267     0.48831     0.00000
    -0.48831    -0.87267     0.00000
     0.00000     0.00000     1.00000
           0           2          10           1
     2.46921     4.48372     8.54457
    -0.96303     0.26941     0.00000
    -0.26941    -0.96303     0.00000
     0.00000     0.00000     1.00000
           0           2          10           2
     2.46921     4.48372     2.85257
    -0.96303     0.26941     0.00000
    -0.26941    -0.96303     0.00000
     0.00000     0.00000     1.00000
           0           2          10           3
     2.46921     4.48372    -2.83943
    -0.96303     0.26941     0.00000
    -0.26941    -0.96303     0.00000
     0.00000     0.00000     1.00000
           0           2          10           4
     2.46921     4.48372    -8.53143
    -0.96303     0.26941     0.00000
    -0.26941    -0.96303     0.00000
     0.00000     0.00000     1.00000
           0           2          11           1
    -2.46162     4.48843    -8.54738
     0.96345     0.26790     0.00000
     0.26790    -0.96345     0.00000
     0.00000    -0.00000    -1.00000
           0           2          11           2
    -2.46162     4.48843    -2.85538
     0.96345     0.26790     0.00000
     0.26790    -0.96345     0.00000
     0.00000    -0.00000    -1.00000
           0           2          11           3
    -2.46162     4.48843     2.83662
     0.96345     0.26790     0.00000
     0.26790    -0.96345     0.00000
     0.00000    -0.00000    -1.00000
           0           2          11           4
    -2.46162     4.48843     8.52862
     0.96345     0.26790     0.00000
     0.26790    -0.96345     0.00000
     0.00000    -0.00000    -1.00000
           0           2          12           1
    -3.45190     3.78475    -8.54738
     0.87343     0.48695     0.00000
     0.48695    -0.87343     0.00000
     0.00000    -0.00000    -1.00000
           0           2          12           2
    -3.45190     3.78475    -2.85538
     0.87343     0.48695     0.00000
     0.48695    -0.87343     0.00000
     0.00000    -0.00000    -1.00000
           0           2          12           3
    -3.45190     3.78475     2.83662
     0.87343     0.48695     0.00000
     0.48695    -0.87343     0.00000
     0.00000    -0.00000    -1.00000
           0           2          12           4
    -3.45190     3.78475     8.52862
     0.87343     0.48695     0.00000
     0.48695    -0.87343     0.00000
     0.00000    -0.00000    -1.00000
           0           2          13           1
    -4.24896     2.86794    -8.54738
     0.73444     0.67867     0.00000
     0.67867    -0.73444     0.00000
     0.00000    -0.00000    -1.00000
           0           2          13           2
    -4.24896     2.86794    -2.85538
     0.73444     0.67867     0.00000
     0.67867    -0.73444     0.00000
     0.00000    -0.00000    -1.00000
           0           2          13           3
    -4.24896     2.86794     2.83662
     0.73444     0.67867     0.00000
     0.67867    -0.73444     0.00000
     0.00000    -0.00000    -1.00000
           0           2          13           4
    -4.24896     2.86794     8.52862
     0.73444     0.67867     0.00000
     0.67867    -0.73444     0.00000
     0.00000    -0.00000    -1.00000
           0           2          14           1
    -4.80807     1.78942    -8.54738
     0.55426     0.83234    -0.00000
     0.83234    -0.55426    -0.00000
    -0.00000     0.00000    -1.00000
           0           2          14           2
    -4.80807     1.78942    -2.85538
     0.55426     0.83234    -0.00000
     0.83234    -0.55426    -0.00000
    -0.00000     0.00000    -1.00000
           0           2          14           3
    -4.80807     1.78942     2.83662
     0.55426     0.83234    -0.00000
     0.83234    -0.55426    -0.00000
    -0.00000     0.00000    -1.00000
           0           2          14           4
    -4.80807     1.78942     8.52862
     0.55426     0.83234    -0.00000
     0.83234    -0.55426    -0.00000
    -0.00000     0.00000    -1.00000
           0           2          15           1
    -5.09791     0.60965    -8.54738
     0.34299     0.93934    -0.00000
     0.93934    -0.34299    -0.00000
    -0.00000     0.00000    -1.00000
           0           2          15           2
    -5.09791     0.60965    -2.85538
     0.34299     0.93934    -0.00000
     0.93934    -0.34299    -0.00000
    -0.00000     0.00000    -1.00000
           0           2          15           3
    -5.09791     0.60965     2.83662
     0.34299     0.93934    -0.00000
     0.93934    -0.34299    -0.00000
    -0.00000     0.00000    -1.00000
           0           2          15           4
    -5.09791     0.60965     8.52862
     0.34299     0.93934    -0.00000
     0.93934    -0.34299    -0.00000
    -0.00000     0.00000    -1.00000
           0           2          16           1
    -5.10219    -0.60517    -8.54738
     0.11250     0.99365    -0.00000
     0.99365    -0.11250    -0.00000
    -0.00000     0.00000    -1.00000
           0           2          16           2
    -5.10219    -0.60517    -2.85538
     0.11250     0.99365    -0.00000
     0.99365    -0.11250    -0.00000
    -0.00000     0.00000    -1.00000
           0           2          16           3
    -5.10219    -0.60517     2.83662
     0.11250     0.99365    -0.00000
     0.99365    -0.11250    -0.00000
    -0.00000     0.00000    -1.00000
           0           2          16           4
    -5.10219    -0.60517     8.52862
     0.11250     0.99365    -0.00000
     0.99365    -0.11250    -0.00000
    -0.00000     0.00000    -1.00000
           0           2          17           1
    -4.82071    -1.78695    -8.54738
    -0.12431     0.99224    -0.00000
     0.99224     0.12431    -0.00000
    -0.00000    -0.00000    -1.00000
           0           2          17           2
    -4.82071    -1.78695    -2.85538
    -0.12431     0.99224    -0.00000
     0.99224     0.12431    -0.00000
    -0.00000    -0.00000    -1.00000
           0           2          17           3
    -4.82071    -1.78695     2.83662
    -0.12431     0.99224    -0.00000
     0.99224     0.12431    -0.00000
    -0.00000    -0.00000    -1.00000
           0           2          17           4
    -4.82071    -1.78695     8.52862
    -0.12431     0.99224    -0.00000
     0.99224     0.12431    -0.00000
    -0.00000    -0.00000    -1.00000
           0           2          18           1
    -4.26923    -2.86940    -8.54738
    -0.35414     0.93519    -0.00000
     0.93519     0.35414    -0.00000
    -0.00000    -0.00000    -1.00000
           0           2          18           2
    -4.26923    -2.86940    -2.85538
    -0.35414     0.93519    -0.00000
     0.93519     0.35414    -0.00000
    -0.00000    -0.00000    -1.00000
           0           2          18           3
    -4.26923    -2.86940     2.83662
    -0.35414     0.93519    -0.00000
     0.93519     0.35414    -0.00000
    -0.00000    -0.00000    -1.00000
           0           2          18           4
    -4.26923    -2.86940     8.52862
    -0.35414     0.93519    -0.00000
     0.93519     0.35414    -0.00000
    -0.00000    -0.00000    -1.00000
           0           2          19           1
    -3.47868    -3.79181    -8.54738
    -0.56412     0.82569    -0.00000
     0.82569     0.56412    -0.00000
    -0.00000    -0.00000    -1.00000
           0           2          19           2
    -3.47868    -3.79181    -2.85538
    -0.56412     0.82569    -0.00000
     0.82569     0.56412    -0.00000
    -0.00000    -0.00000    -1.00000
           0           2          19           3
    -3.47868    -3.79181     2.83662
    -0.56412     0.82569    -0.00000
     0.82569     0.56412    -0.00000
    -0.00000    -0.00000    -1.00000
           0           2          19           4
    -3.47868    -3.79181     8.52862
    -0.56412     0.82569    -0.00000
     0.82569     0.56412    -0.00000
    -0.00000    -0.00000    -1.00000
           0           2          20           1
    -2.49340    -4.50247    -8.54738
    -0.74246     0.66990    -0.00000
     0.66990     0.74246    -0.00000
    -0.00000    -0.00000    -1.00000
           0           2          20           2
    -2.49340    -4.50247    -2.85538
    -0.74246     0.66990    -0.00000
     0.66990     0.74246    -0.00000
    -0.00000    -0.00000    -1.00000
           0           2          20           3
    -2.49340    -4.50247     2.83662
    -0.74246     0.66990    -0.00000
     0.66990     0.74246    -0.00000
    -0.00000    -0.00000    -1.00000
           0           2          20           4
    -2.49340    -4.50247     8.52862
    -0.74246     0.66990    -0.00000
     0.66990     0.74246    -0.00000
    -0.00000    -0.00000    -1.00000
           0           3           1           1
     5.62622   -10.33267    12.75108
    -0.87817    -0.47835    -0.00000
    -0.47835     0.87817    -0.00000
     0.00000    -0.00000    -1.00000
           0           3           1           2
     5.62622   -10.33267     6.37568
    -0.87817    -0.47835    -0.00000
    -0.47835     0.87817    -0.00000
     0.00000    -0.00000    -1.00000
           0           3           1           3
     5.62622   -10.33267     0.00028
    -0.87817    -0.47835    -0.00000
    -0.47835     0.87817    -0.00000
     0.00000    -0.00000    -1.00000
           0           3           1           4
     5.62622   -10.33267    -6.37512
    -0.87817    -0.47835    -0.00000
    -0.47835     0.87817    -0.00000
     0.00000    -0.00000    -1.00000
           0           3           1           5
     5.62622   -10.33267   -12.75052
    -0.87817    -0.47835    -0.00000
    -0.47835     0.87817    -0.00000
     0.00000    -0.00000    -1.00000
           0           3           2           1
     7.52775    -7.11714    12.75108
    -0.68689    -0.72676     0.00000
    -0.72676     0.68689     0.00000
    -0.00000     0.00000    -1.00000
           0           3           2           2
     7.52775    -7.11714     6.37568
    -0.68689    -0.72676     0.00000
    -0.72676     0.68689     0.00000
    -0.00000     0.00000    -1.00000
           0           3           2           3
     7.52775    -7.11714     0.00028
    -0.68689    -0.72676     0.00000
    -0.72676     0.68689     0.00000
    -0.00000     0.00000    -1.00000
           0           3           2           4
     7.52775    -7.11714    -6.37512
    -0.68689    -0.72676     0.00000
    -0.72676     0.68689     0.00000
    -0.00000     0.00000    -1.00000
           0           3           2           5
     7.52775    -7.11714   -12.75052
    -0.68689    -0.72676     0.00000
    -0.72676     0.68689     0.00000
    -0.00000     0.00000    -1.00000
           0           3           3           1
    11.52433    -5.67778    12.75108
    -0.44184    -0.89709     0.00000
    -0.89709     0.44184     0.00000
    -0.00000     0.00000    -1.00000
           0           3           3           2
    11.52433    -5.67778     6.37568
    -0.44184    -0.89709     0.00000
    -0.89709     0.44184     0.00000
    -0.00000     0.00000    -1.00000
           0           3           3           3
    11.52433    -5.67778     0.00028
    -0.44184    -0.89709     0.00000
    -0.89709     0.44184     0.00000
    -0.00000     0.00000    -1.00000
           0           3           3           4
    11.52433    -5.67778    -6.37512
    -0.44184    -0.89709     0.00000
    -0.89709     0.44184     0.00000
    -0.00000     0.00000    -1.00000
           0           3           3           5
    11.52433    -5.67778   -12.75052
    -0.44184    -0.89709     0.00000
    -0.89709     0.44184     0.00000
    -0.00000     0.00000    -1.00000
           0           3           4           1
    11.57890    -2.07683    12.75108
    -0.17645    -0.98431     0.00000
    -0.98431     0.17645     0.00000
    -0.00000     0.00000    -1.00000
           0           3           4           2
    11.57890    -2.07683     6.37568
    -0.17645    -0.98431     0.00000
    -0.98431     0.17645     0.00000
    -0.00000     0.00000    -1.00000
           0           3           4           3
    11.57890    -2.07683     0.00028
    -0.17645    -0.98431     0.00000
    -0.98431     0.17645     0.00000
    -0.00000     0.00000    -1.00000
           0           3           4           4
    11.57890    -2.07683    -6.37512
    -0.17645    -0.98431     0.00000
    -0.98431     0.17645     0.00000
    -0.00000     0.00000    -1.00000
           0           3           4           5
    11.57890    -2.07683   -12.75052
    -0.17645    -0.98431     0.00000
    -0.98431     0.17645     0.00000
    -0.00000     0.00000    -1.00000
           0           3           5           1
    10.26076     1.41860    12.75108
     0.13702    -0.99057     0.00000
    -0.99057    -0.13702     0.00000
    -0.00000    -0.00000    -1.00000
           0           3           5           2
    10.26076     1.41860     6.37568
     0.13702    -0.99057     0.00000
    -0.99057    -0.13702     0.00000
    -0.00000    -0.00000    -1.00000
           0           3           5           3
    10.26076     1.41860     0.00028
     0.13702    -0.99057     0.00000
    -0.99057    -0.13702     0.00000
    -0.00000    -0.00000    -1.00000
           0           3           5           4
    10.26076     1.41860    -6.37512
     0.13702    -0.99057     0.00000
    -0.99057    -0.13702     0.00000
    -0.00000    -0.00000    -1.00000
           0           3           5           5
    10.26076     1.41860   -12.75052
     0.13702    -0.99057     0.00000
    -0.99057    -0.13702     0.00000
    -0.00000    -0.00000    -1.00000
           0           3           6           1
    11.63907     5.43663    12.75108
     0.42323    -0.90602     0.00000
    -0.90602    -0.42323     0.00000
    -0.00000    -0.00000    -1.00000
           0           3           6           2
    11.63907     5.43663     6.37568
     0.42323    -0.90602     0.00000
    -0.90602    -0.42323     0.00000
    -0.00000    -0.00000    -1.00000
           0           3           6           3
    11.63907     5.43663     0.00028
     0.42323    -0.90602     0.00000
    -0.90602    -0.42323     0.00000
    -0.00000    -0.00000    -1.00000
           0           3           6           4
    11.63907     5.43663    -6.37512
     0.42323    -0.90602     0.00000
    -0.90602    -0.42323     0.00000
    -0.00000    -0.00000    -1.00000
           0           3           6           5
    11.63907     5.43663   -12.75052
     0.42323    -0.90602     0.00000
    -0.90602    -0.42323     0.00000
    -0.00000    -0.00000    -1.00000
           0           3           7           1
     8.86449     7.73264    12.75108
     0.65734    -0.75359     0.00000
    -0.75359    -0.65734     0.00000
    -0.00000    -0.00000    -1.00000
           0           3           7           2
     8.86449     7.73264     6.37568
     0.65734    -0.75359     0.00000
    -0.75359    -0.65734     0.00000
    -0.00000    -0.00000    -1.00000
           0           3           7           3
     8.86449     7.73264     0.00028
     0.65734    -0.75359     0.00000
    -0.75359    -0.65734     0.00000
    -0.00000    -0.00000    -1.00000
           0           3           7           4
     8.86449     7.73264    -6.37512
     0.65734    -0.75359     0.00000
    -0.75359    -0.65734     0.00000
    -0.00000    -0.00000    -1.00000
           0           3           7           5
     8.86449     7.73264   -12.75052
     0.65734    -0.75359     0.00000
    -0.75359    -0.65734     0.00000
    -0.00000    -0.00000    -1.00000
           0           3           8           1
     5.31322     8.89188    12.75108
     0.85839    -0.51301     0.00000
    -0.51301    -0.85839     0.00000
    -0.00000    -0.00000    -1.00000
           0           3           8           2
     5.31322     8.89188     6.37568
     0.85839    -0.51301     0.00000
    -0.51301    -0.85839     0.00000
    -0.00000    -0.00000    -1.00000
           0           3           8           3
     5.31322     8.89188     0.00028
     0.85839    -0.51301     0.00000
    -0.51301    -0.85839     0.00000
    -0.00000    -0.00000    -1.00000
           0           3           8           4
     5.31322     8.89188    -6.37512
     0.85839    -0.51301     0.00000
    -0.51301    -0.85839     0.00000
    -0.00000    -0.00000    -1.00000
           0           3           8           5
     5.31322     8.89188   -12.75052
     0.85839    -0.51301     0.00000
    -0.51301    -0.85839     0.00000
    -0.00000    -0.00000    -1.00000
           0           3           9           1
    -5.31246     8.90503   -12.74440
    -0.85818    -0.51336    -0.00000
     0.51336    -0.85818    -0.00000
     0.00000     0.00000     1.00000
           0           3           9           2
    -5.31246     8.90503    -6.36900
    -0.85818    -0.51336    -0.00000
     0.51336    -0.85818    -0.00000
     0.00000     0.00000     1.00000
           0           3           9           3
    -5.31246     8.90503     0.00640
    -0.85818    -0.51336    -0.00000
     0.51336    -0.85818    -0.00000
     0.00000     0.00000     1.00000
           0           3           9           4
    -5.31246     8.90503     6.38180
    -0.85818    -0.51336    -0.00000
     0.51336    -0.85818    -0.00000
     0.00000     0.00000     1.00000
           0           3           9           5
    -5.31246     8.90503    12.75720
    -0.85818    -0.51336    -0.00000
     0.51336    -0.85818    -0.00000
     0.00000     0.00000     1.00000
           0           3          10           1
    -8.86288     7.74477   -12.74440
    -0.65707    -0.75383    -0.00000
     0.75383    -0.65707    -0.00000
     0.00000     0.00000     1.00000
           0           3          10           2
    -8.86288     7.74477    -6.36900
    -0.65707    -0.75383    -0.00000
     0.75383    -0.65707    -0.00000
     0.00000     0.00000     1.00000
           0           3          10           3
    -8.86288     7.74477     0.00640
    -0.65707    -0.75383    -0.00000
     0.75383    -0.65707    -0.00000
     0.00000     0.00000     1.00000
           0           3          10           4
    -8.86288     7.74477     6.38180
    -0.65707    -0.75383    -0.00000
     0.75383    -0.65707    -0.00000
     0.00000     0.00000     1.00000
           0           3          10           5
    -8.86288     7.74477    12.75720
    -0.65707    -0.75383    -0.00000
     0.75383    -0.65707    -0.00000
     0.00000     0.00000     1.00000
           0           3          11           1
   -11.63646     5.44812   -12.74440
    -0.42293    -0.90616    -0.00000
     0.90616    -0.42293    -0.00000
     0.00000     0.00000     1.00000
           0           3          11           2
   -11.63646     5.44812    -6.36900
    -0.42293    -0.90616    -0.00000
     0.90616    -0.42293    -0.00000
     0.00000     0.00000     1.00000
           0           3          11           3
   -11.63646     5.44812     0.00640
    -0.42293    -0.90616    -0.00000
     0.90616    -0.42293    -0.00000
     0.00000     0.00000     1.00000
           0           3          11           4
   -11.63646     5.44812     6.38180
    -0.42293    -0.90616    -0.00000
     0.90616    -0.42293    -0.00000
     0.00000     0.00000     1.00000
           0           3          11           5
   -11.63646     5.44812    12.75720
    -0.42293    -0.90616    -0.00000
     0.90616    -0.42293    -0.00000
     0.00000     0.00000     1.00000
           0           3          12           1
   -10.25695     1.42971   -12.74440
    -0.13662    -0.99062    -0.00000
     0.99062    -0.13662    -0.00000
     0.00000     0.00000     1.00000
           0           3          12           2
   -10.25695     1.42971    -6.36900
    -0.13662    -0.99062    -0.00000
     0.99062    -0.13662    -0.00000
     0.00000     0.00000     1.00000
           0           3          12           3
   -10.25695     1.42971     0.00640
    -0.13662    -0.99062    -0.00000
     0.99062    -0.13662    -0.00000
     0.00000     0.00000     1.00000
           0           3          12           4
   -10.25695     1.42971     6.38180
    -0.13662    -0.99062    -0.00000
     0.99062    -0.13662    -0.00000
     0.00000     0.00000     1.00000
           0           3          12           5
   -10.25695     1.42971    12.75720
    -0.13662    -0.99062    -0.00000
     0.99062    -0.13662    -0.00000
     0.00000     0.00000     1.00000
           0           3          13           1
   -11.57376    -2.06568   -12.74440
     0.17680    -0.98425    -0.00000
     0.98425     0.17680    -0.00000
     0.00000     0.00000     1.00000
           0           3          13           2
   -11.57376    -2.06568    -6.36900
     0.17680    -0.98425    -0.00000
     0.98425     0.17680    -0.00000
     0.00000     0.00000     1.00000
           0           3          13           3
   -11.57376    -2.06568     0.00640
     0.17680    -0.98425    -0.00000
     0.98425     0.17680    -0.00000
     0.00000     0.00000     1.00000
           0           3          13           4
   -11.57376    -2.06568     6.38180
     0.17680    -0.98425    -0.00000
     0.98425     0.17680    -0.00000
     0.00000     0.00000     1.00000
           0           3          13           5
   -11.57376    -2.06568    12.75720
     0.17680    -0.98425    -0.00000
     0.98425     0.17680    -0.00000
     0.00000     0.00000     1.00000
           0           3          14           1
   -11.51804    -5.66626   -12.74440
     0.44214    -0.89695    -0.00000
     0.89695     0.44214    -0.00000
     0.00000     0.00000     1.00000
           0           3          14           2
   -11.51804    -5.66626    -6.36900
     0.44214    -0.89695    -0.00000
     0.89695     0.44214    -0.00000
     0.00000     0.00000     1.00000
           0           3          14           3
   -11.51804    -5.66626     0.00640
     0.44214    -0.89695    -0.00000
     0.89695     0.44214    -0.00000
     0.00000     0.00000     1.00000
           0           3          14           4
   -11.51804    -5.66626     6.38180
     0.44214    -0.89695    -0.00000
     0.89695     0.44214    -0.00000
     0.00000     0.00000     1.00000
           0           3          14           5
   -11.51804    -5.66626    12.75720
     0.44214    -0.89695    -0.00000
     0.89695     0.44214    -0.00000
     0.00000     0.00000     1.00000
           0           3          15           1
    -7.52043    -7.10491   -12.74440
     0.68719    -0.72648    -0.00000
     0.72648     0.68719    -0.00000
     0.00000     0.00000     1.00000
           0           3          15           2
    -7.52043    -7.10491    -6.36900
     0.68719    -0.72648    -0.00000
     0.72648     0.68719    -0.00000
     0.00000     0.00000     1.00000
           0           3          15           3
    -7.52043    -7.10491     0.00640
     0.68719    -0.72648    -0.00000
     0.72648     0.68719    -0.00000
     0.00000     0.00000     1.00000
           0           3          15           4
    -7.52043    -7.10491     6.38180
     0.68719    -0.72648    -0.00000
     0.72648     0.68719    -0.00000
     0.00000     0.00000     1.00000
           0           3          15           5
    -7.52043    -7.10491    12.75720
     0.68719    -0.72648    -0.00000
     0.72648     0.68719    -0.00000
     0.00000     0.00000     1.00000
           0           3          16           1
    -5.61809   -10.31938   -12.74440
     0.87834    -0.47803    -0.00000
     0.47803     0.87834    -0.00000
     0.00000     0.00000     1.00000
           0           3          16           2
    -5.61809   -10.31938    -6.36900
     0.87834    -0.47803    -0.00000
     0.47803     0.87834    -0.00000
     0.00000     0.00000     1.00000
           0           3          16           3
