 SVX cage parameters:
     2.20000
     0.50000     0.20000
     0.00000
           6
   -40.00000   -26.50000   -26.50000    26.50000    26.50000    40.00000
    53.00000    53.00000    22.14782    22.14782    53.00000    53.00000
     0.00000     0.00000     0.00000
 SVX barrel parameters:
           4
     2.63000     5.19260    11.76500    16.68700     1.14100
     0.00000     0.00000     0.00000     0.00000
           4           4           5           6
     0.69600     0.69600     1.74500     1.74500
     0.01000     0.01000     0.03125     0.03125
     2.83600     2.83600     3.18770     3.18770
     0.01900     0.01900     0.00000     0.00000
     0.02000     0.02000     0.00000     0.00000
    26.70000    13.62600    17.00000    12.00000
   -13.00000   -12.98000     0.00000     0.00000
           2
           5           5
     0.00000   180.00000
           2
          10          10
     0.00000   180.00000
           2
           8           8
     0.00000   180.00000
           2
          12          12
     0.00000   180.00000
 SVX barrel sensor rotation matrices and translation vectors:
           0           1           1           1
     1.59475    -2.12410     8.67955
     0.63993     0.76843    -0.00000
    -0.76843     0.63993    -0.00000
    -0.00000     0.00000     1.00000
           0           1           1           2
     1.59475    -2.12410     2.98756
     0.63993     0.76843    -0.00000
    -0.76843     0.63993    -0.00000
    -0.00000     0.00000     1.00000
           0           1           1           3
     1.59475    -2.12410    -2.70446
     0.63993     0.76843    -0.00000
    -0.76843     0.63993    -0.00000
    -0.00000     0.00000     1.00000
           0           1           1           4
     1.59475    -2.12410    -8.39646
     0.63993     0.76843    -0.00000
    -0.76843     0.63993    -0.00000
    -0.00000     0.00000     1.00000
           0           1           2           1
     2.35082    -1.17991     8.67577
     0.22638     0.97404    -0.00000
    -0.97404     0.22638    -0.00000
    -0.00000     0.00000     1.00000
           0           1           2           2
     2.35082    -1.17991     2.98378
     0.22638     0.97404    -0.00000
    -0.97404     0.22638    -0.00000
    -0.00000     0.00000     1.00000
           0           1           2           3
     2.35082    -1.17991    -2.70823
     0.22638     0.97404    -0.00000
    -0.97404     0.22638    -0.00000
    -0.00000     0.00000     1.00000
           0           1           2           4
     2.35082    -1.17991    -8.40023
     0.22638     0.97404    -0.00000
    -0.97404     0.22638    -0.00000
    -0.00000     0.00000     1.00000
           0           1           3           1
     2.61773    -0.00352     8.67559
    -0.23547     0.97188     0.00000
    -0.97188    -0.23547     0.00000
     0.00000     0.00000     1.00000
           0           1           3           2
     2.61773    -0.00352     2.98360
    -0.23547     0.97188     0.00000
    -0.97188    -0.23547     0.00000
     0.00000     0.00000     1.00000
           0           1           3           3
     2.61773    -0.00352    -2.70841
    -0.23547     0.97188     0.00000
    -0.97188    -0.23547     0.00000
     0.00000     0.00000     1.00000
           0           1           3           4
     2.61773    -0.00352    -8.40041
    -0.23547     0.97188     0.00000
    -0.97188    -0.23547     0.00000
     0.00000     0.00000     1.00000
           0           1           4           1
     2.34424     1.17723     8.68050
    -0.64709     0.76241     0.00000
    -0.76241    -0.64709     0.00000
     0.00000     0.00000     1.00000
           0           1           4           2
     2.34424     1.17723     2.98851
    -0.64709     0.76241     0.00000
    -0.76241    -0.64709     0.00000
     0.00000     0.00000     1.00000
           0           1           4           3
     2.34424     1.17723    -2.70350
    -0.64709     0.76241     0.00000
    -0.76241    -0.64709     0.00000
     0.00000     0.00000     1.00000
           0           1           4           4
     2.34424     1.17723    -8.39550
    -0.64709     0.76241     0.00000
    -0.76241    -0.64709     0.00000
     0.00000     0.00000     1.00000
           0           1           5           1
     1.53975     2.08158     8.66310
    -0.92067     0.39033     0.00000
    -0.39033    -0.92067     0.00000
     0.00000     0.00000     1.00000
           0           1           5           2
     1.53975     2.08158     2.97111
    -0.92067     0.39033     0.00000
    -0.39033    -0.92067     0.00000
     0.00000     0.00000     1.00000
           0           1           5           3
     1.53975     2.08158    -2.72090
    -0.92067     0.39033     0.00000
    -0.39033    -0.92067     0.00000
     0.00000     0.00000     1.00000
           0           1           5           4
     1.53975     2.08158    -8.41290
    -0.92067     0.39033     0.00000
    -0.39033    -0.92067     0.00000
     0.00000     0.00000     1.00000
           0           1           6           1
    -1.54639     2.08123    -8.54722
     0.92059     0.39054     0.00000
     0.39054    -0.92059     0.00000
     0.00000    -0.00000    -1.00000
           0           1           6           2
    -1.54639     2.08123    -2.85522
     0.92059     0.39054     0.00000
     0.39054    -0.92059     0.00000
     0.00000    -0.00000    -1.00000
           0           1           6           3
    -1.54639     2.08123     2.83678
     0.92059     0.39054     0.00000
     0.39054    -0.92059     0.00000
     0.00000    -0.00000    -1.00000
           0           1           6           4
    -1.54639     2.08123     8.52878
     0.92059     0.39054     0.00000
     0.39054    -0.92059     0.00000
     0.00000    -0.00000    -1.00000
           0           1           7           1
    -2.33488     1.16936    -8.54827
     0.64690     0.76257     0.00000
     0.76257    -0.64690     0.00000
     0.00000    -0.00000    -1.00000
           0           1           7           2
    -2.33488     1.16936    -2.85627
     0.64690     0.76257     0.00000
     0.76257    -0.64690     0.00000
     0.00000    -0.00000    -1.00000
           0           1           7           3
    -2.33488     1.16936     2.83573
     0.64690     0.76257     0.00000
     0.76257    -0.64690     0.00000
     0.00000    -0.00000    -1.00000
           0           1           7           4
    -2.33488     1.16936     8.52773
     0.64690     0.76257     0.00000
     0.76257    -0.64690     0.00000
     0.00000    -0.00000    -1.00000
           0           1           8           1
    -2.64152     0.00422    -8.54777
     0.23523     0.97194    -0.00000
     0.97194    -0.23523    -0.00000
    -0.00000     0.00000    -1.00000
           0           1           8           2
    -2.64152     0.00422    -2.85577
     0.23523     0.97194    -0.00000
     0.97194    -0.23523    -0.00000
    -0.00000     0.00000    -1.00000
           0           1           8           3
    -2.64152     0.00422     2.83623
     0.23523     0.97194    -0.00000
     0.97194    -0.23523    -0.00000
    -0.00000     0.00000    -1.00000
           0           1           8           4
    -2.64152     0.00422     8.52823
     0.23523     0.97194    -0.00000
     0.97194    -0.23523    -0.00000
    -0.00000     0.00000    -1.00000
           0           1           9           1
    -2.36831    -1.17721    -8.53410
    -0.22660     0.97399    -0.00000
     0.97399     0.22660    -0.00000
    -0.00000    -0.00000    -1.00000
           0           1           9           2
    -2.36831    -1.17721    -2.84210
    -0.22660     0.97399    -0.00000
     0.97399     0.22660    -0.00000
    -0.00000    -0.00000    -1.00000
           0           1           9           3
    -2.36831    -1.17721     2.84990
    -0.22660     0.97399    -0.00000
     0.97399     0.22660    -0.00000
    -0.00000    -0.00000    -1.00000
           0           1           9           4
    -2.36831    -1.17721     8.54190
    -0.22660     0.97399    -0.00000
     0.97399     0.22660    -0.00000
    -0.00000    -0.00000    -1.00000
           0           1          10           1
    -1.62438    -2.13062    -8.53500
    -0.64008     0.76831    -0.00000
     0.76831     0.64008    -0.00000
    -0.00000    -0.00000    -1.00000
           0           1          10           2
    -1.62438    -2.13062    -2.84300
    -0.64008     0.76831    -0.00000
     0.76831     0.64008    -0.00000
    -0.00000    -0.00000    -1.00000
           0           1          10           3
    -1.62438    -2.13062     2.84900
    -0.64008     0.76831    -0.00000
     0.76831     0.64008    -0.00000
    -0.00000    -0.00000    -1.00000
           0           1          10           4
    -1.62438    -2.13062     8.54100
    -0.64008     0.76831    -0.00000
     0.76831     0.64008    -0.00000
    -0.00000    -0.00000    -1.00000
           0           2           1           1
     2.52703    -4.56018     8.67572
     0.74549     0.66652    -0.00000
    -0.66652     0.74549    -0.00000
    -0.00000     0.00000     1.00000
           0           2           1           2
     2.52703    -4.56018     2.98373
     0.74549     0.66652    -0.00000
    -0.66652     0.74549    -0.00000
    -0.00000     0.00000     1.00000
           0           2           1           3
     2.52703    -4.56018    -2.70827
     0.74549     0.66652    -0.00000
    -0.66652     0.74549    -0.00000
    -0.00000     0.00000     1.00000
           0           2           1           4
     2.52703    -4.56018    -8.40028
     0.74549     0.66652    -0.00000
    -0.66652     0.74549    -0.00000
    -0.00000     0.00000     1.00000
           0           2           2           1
     3.51996    -3.84691     8.67548
     0.56749     0.82338    -0.00000
    -0.82338     0.56749    -0.00000
    -0.00000     0.00000     1.00000
           0           2           2           2
     3.51996    -3.84691     2.98348
     0.56749     0.82338    -0.00000
    -0.82338     0.56749    -0.00000
    -0.00000     0.00000     1.00000
           0           2           2           3
     3.51996    -3.84691    -2.70852
     0.56749     0.82338    -0.00000
    -0.82338     0.56749    -0.00000
    -0.00000     0.00000     1.00000
           0           2           2           4
     3.51996    -3.84691    -8.40052
     0.56749     0.82338    -0.00000
    -0.82338     0.56749    -0.00000
    -0.00000     0.00000     1.00000
           0           2           3           1
     4.30470    -2.90591     8.66472
     0.35754     0.93390    -0.00000
    -0.93390     0.35754    -0.00000
    -0.00000     0.00000     1.00000
           0           2           3           2
     4.30470    -2.90591     2.97272
     0.35754     0.93390    -0.00000
    -0.93390     0.35754    -0.00000
    -0.00000     0.00000     1.00000
           0           2           3           3
     4.30470    -2.90591    -2.71928
     0.35754     0.93390    -0.00000
    -0.93390     0.35754    -0.00000
    -0.00000     0.00000     1.00000
           0           2           3           4
     4.30470    -2.90591    -8.41128
     0.35754     0.93390    -0.00000
    -0.93390     0.35754    -0.00000
    -0.00000     0.00000     1.00000
           0           2           4           1
     4.85302    -1.80982     8.66851
     0.12747     0.99184    -0.00000
    -0.99184     0.12747    -0.00000
    -0.00000     0.00000     1.00000
           0           2           4           2
     4.85302    -1.80982     2.97651
     0.12747     0.99184    -0.00000
    -0.99184     0.12747    -0.00000
    -0.00000     0.00000     1.00000
           0           2           4           3
     4.85302    -1.80982    -2.71549
     0.12747     0.99184    -0.00000
    -0.99184     0.12747    -0.00000
    -0.00000     0.00000     1.00000
           0           2           4           4
     4.85302    -1.80982    -8.40749
     0.12747     0.99184    -0.00000
    -0.99184     0.12747    -0.00000
    -0.00000     0.00000     1.00000
           0           2           5           1
     5.15895    -0.62085     8.67210
    -0.10979     0.99395     0.00000
    -0.99395    -0.10979     0.00000
     0.00000     0.00000     1.00000
           0           2           5           2
     5.15895    -0.62085     2.98010
    -0.10979     0.99395     0.00000
    -0.99395    -0.10979     0.00000
     0.00000     0.00000     1.00000
           0           2           5           3
     5.15895    -0.62085    -2.71190
    -0.10979     0.99395     0.00000
    -0.99395    -0.10979     0.00000
     0.00000     0.00000     1.00000
           0           2           5           4
     5.15895    -0.62085    -8.40391
    -0.10979     0.99395     0.00000
    -0.99395    -0.10979     0.00000
     0.00000     0.00000     1.00000
           0           2           6           1
     5.11328     0.59528     8.65659
    -0.34086     0.94011     0.00000
    -0.94011    -0.34086     0.00000
     0.00000     0.00000     1.00000
           0           2           6           2
     5.11328     0.59528     2.96459
    -0.34086     0.94011     0.00000
    -0.94011    -0.34086     0.00000
     0.00000     0.00000     1.00000
           0           2           6           3
     5.11328     0.59528    -2.72741
    -0.34086     0.94011     0.00000
    -0.94011    -0.34086     0.00000
     0.00000     0.00000     1.00000
           0           2           6           4
     5.11328     0.59528    -8.41941
    -0.34086     0.94011     0.00000
    -0.94011    -0.34086     0.00000
     0.00000     0.00000     1.00000
           0           2           7           1
     4.88883     1.80983     8.67366
    -0.55274     0.83335     0.00000
    -0.83335    -0.55274     0.00000
     0.00000     0.00000     1.00000
           0           2           7           2
     4.88883     1.80983     2.98166
    -0.55274     0.83335     0.00000
    -0.83335    -0.55274     0.00000
     0.00000     0.00000     1.00000
           0           2           7           3
     4.88883     1.80983    -2.71034
    -0.55274     0.83335     0.00000
    -0.83335    -0.55274     0.00000
     0.00000     0.00000     1.00000
           0           2           7           4
     4.88883     1.80983    -8.40234
    -0.55274     0.83335     0.00000
    -0.83335    -0.55274     0.00000
     0.00000     0.00000     1.00000
           0           2           8           1
     4.32136     2.89459     8.67162
    -0.73351     0.67968     0.00000
    -0.67968    -0.73351     0.00000
     0.00000     0.00000     1.00000
           0           2           8           2
     4.32136     2.89459     2.97962
    -0.73351     0.67968     0.00000
    -0.67968    -0.73351     0.00000
     0.00000     0.00000     1.00000
           0           2           8           3
     4.32136     2.89459    -2.71238
    -0.73351     0.67968     0.00000
    -0.67968    -0.73351     0.00000
     0.00000     0.00000     1.00000
           0           2           8           4
     4.32136     2.89459    -8.40438
    -0.73351     0.67968     0.00000
    -0.67968    -0.73351     0.00000
     0.00000     0.00000     1.00000
           0           2           9           1
     3.48715     3.79770     8.65601
    -0.87299     0.48774     0.00000
    -0.48774    -0.87299     0.00000
     0.00000     0.00000     1.00000
           0           2           9           2
     3.48715     3.79770     2.96401
    -0.87299     0.48774     0.00000
    -0.48774    -0.87299     0.00000
     0.00000     0.00000     1.00000
           0           2           9           3
     3.48715     3.79770    -2.72799
    -0.87299     0.48774     0.00000
    -0.48774    -0.87299     0.00000
     0.00000     0.00000     1.00000
           0           2           9           4
     3.48715     3.79770    -8.41999
    -0.87299     0.48774     0.00000
    -0.48774    -0.87299     0.00000
     0.00000     0.00000     1.00000
           0           2          10           1
     2.49073     4.50854     8.66524
    -0.96332     0.26835     0.00000
    -0.26835    -0.96332     0.00000
     0.00000     0.00000     1.00000
           0           2          10           2
     2.49073     4.50854     2.97324
    -0.96332     0.26835     0.00000
    -0.26835    -0.96332     0.00000
     0.00000     0.00000     1.00000
           0           2          10           3
     2.49073     4.50854    -2.71876
    -0.96332     0.26835     0.00000
    -0.26835    -0.96332     0.00000
     0.00000     0.00000     1.00000
           0           2          10           4
     2.49073     4.50854    -8.41076
    -0.96332     0.26835     0.00000
    -0.26835    -0.96332     0.00000
     0.00000     0.00000     1.00000
           0           2          11           1
    -2.47940     4.51129    -8.56474
     0.96365     0.26717     0.00000
     0.26717    -0.96365     0.00000
     0.00000    -0.00000    -1.00000
           0           2          11           2
    -2.47940     4.51129    -2.87274
     0.96365     0.26717     0.00000
     0.26717    -0.96365     0.00000
     0.00000    -0.00000    -1.00000
           0           2          11           3
    -2.47940     4.51129     2.81925
     0.96365     0.26717     0.00000
     0.26717    -0.96365     0.00000
     0.00000    -0.00000    -1.00000
           0           2          11           4
    -2.47940     4.51129     8.51126
     0.96365     0.26717     0.00000
     0.26717    -0.96365     0.00000
     0.00000    -0.00000    -1.00000
           0           2          12           1
    -3.51094     3.83654    -8.55403
     0.87359     0.48667     0.00000
     0.48667    -0.87359     0.00000
     0.00000    -0.00000    -1.00000
           0           2          12           2
    -3.51094     3.83654    -2.86203
     0.87359     0.48667     0.00000
     0.48667    -0.87359     0.00000
     0.00000    -0.00000    -1.00000
           0           2          12           3
    -3.51094     3.83654     2.82997
     0.87359     0.48667     0.00000
     0.48667    -0.87359     0.00000
     0.00000    -0.00000    -1.00000
           0           2          12           4
    -3.51094     3.83654     8.52197
     0.87359     0.48667     0.00000
     0.48667    -0.87359     0.00000
     0.00000    -0.00000    -1.00000
           0           2          13           1
    -4.29951     2.89490    -8.55679
     0.73434     0.67878     0.00000
     0.67878    -0.73434     0.00000
     0.00000    -0.00000    -1.00000
           0           2          13           2
    -4.29951     2.89490    -2.86479
     0.73434     0.67878     0.00000
     0.67878    -0.73434     0.00000
     0.00000    -0.00000    -1.00000
           0           2          13           3
    -4.29951     2.89490     2.82721
     0.73434     0.67878     0.00000
     0.67878    -0.73434     0.00000
     0.00000    -0.00000    -1.00000
           0           2          13           4
    -4.29951     2.89490     8.51921
     0.73434     0.67878     0.00000
     0.67878    -0.73434     0.00000
     0.00000    -0.00000    -1.00000
           0           2          14           1
    -4.84706     1.80041    -8.56197
     0.55376     0.83268     0.00000
     0.83268    -0.55376     0.00000
     0.00000    -0.00000    -1.00000
           0           2          14           2
    -4.84706     1.80041    -2.86997
     0.55376     0.83268     0.00000
     0.83268    -0.55376     0.00000
     0.00000    -0.00000    -1.00000
           0           2          14           3
    -4.84706     1.80041     2.82203
     0.55376     0.83268     0.00000
     0.83268    -0.55376     0.00000
     0.00000    -0.00000    -1.00000
           0           2          14           4
    -4.84706     1.80041     8.51403
     0.55376     0.83268     0.00000
     0.83268    -0.55376     0.00000
     0.00000    -0.00000    -1.00000
           0           2          15           1
    -5.18693     0.62140    -8.55199
     0.34200     0.93970    -0.00000
     0.93970    -0.34200    -0.00000
    -0.00000     0.00000    -1.00000
           0           2          15           2
    -5.18693     0.62140    -2.85999
     0.34200     0.93970    -0.00000
     0.93970    -0.34200    -0.00000
    -0.00000     0.00000    -1.00000
           0           2          15           3
    -5.18693     0.62140     2.83201
     0.34200     0.93970    -0.00000
     0.93970    -0.34200    -0.00000
    -0.00000     0.00000    -1.00000
           0           2          15           4
    -5.18693     0.62140     8.52401
     0.34200     0.93970    -0.00000
     0.93970    -0.34200    -0.00000
    -0.00000     0.00000    -1.00000
           0           2          16           1
    -5.16540    -0.60490    -8.54594
     0.11100     0.99382    -0.00000
     0.99382    -0.11100    -0.00000
    -0.00000     0.00000    -1.00000
           0           2          16           2
    -5.16540    -0.60490    -2.85394
     0.11100     0.99382    -0.00000
     0.99382    -0.11100    -0.00000
    -0.00000     0.00000    -1.00000
           0           2          16           3
    -5.16540    -0.60490     2.83806
     0.11100     0.99382    -0.00000
     0.99382    -0.11100    -0.00000
    -0.00000     0.00000    -1.00000
           0           2          16           4
    -5.16540    -0.60490     8.53006
     0.11100     0.99382    -0.00000
     0.99382    -0.11100    -0.00000
    -0.00000     0.00000    -1.00000
           0           2          17           1
    -4.86827    -1.79547    -8.54740
    -0.12626     0.99200    -0.00000
     0.99200     0.12626    -0.00000
    -0.00000    -0.00000    -1.00000
           0           2          17           2
    -4.86827    -1.79547    -2.85540
    -0.12626     0.99200    -0.00000
     0.99200     0.12626    -0.00000
    -0.00000    -0.00000    -1.00000
           0           2          17           3
    -4.86827    -1.79547     2.83660
    -0.12626     0.99200    -0.00000
     0.99200     0.12626    -0.00000
    -0.00000    -0.00000    -1.00000
           0           2          17           4
    -4.86827    -1.79547     8.52860
    -0.12626     0.99200    -0.00000
     0.99200     0.12626    -0.00000
    -0.00000    -0.00000    -1.00000
           0           2          18           1
    -4.32877    -2.89668    -8.55053
    -0.35640     0.93433    -0.00000
     0.93433     0.35640    -0.00000
    -0.00000    -0.00000    -1.00000
           0           2          18           2
    -4.32877    -2.89668    -2.85853
    -0.35640     0.93433    -0.00000
     0.93433     0.35640    -0.00000
    -0.00000    -0.00000    -1.00000
           0           2          18           3
    -4.32876    -2.89668     2.83347
    -0.35640     0.93433    -0.00000
     0.93433     0.35640    -0.00000
    -0.00000    -0.00000    -1.00000
           0           2          18           4
    -4.32876    -2.89668     8.52547
    -0.35640     0.93433    -0.00000
     0.93433     0.35640    -0.00000
    -0.00000    -0.00000    -1.00000
           0           2          19           1
    -3.54833    -3.84336    -8.54517
    -0.56648     0.82407    -0.00000
     0.82407     0.56648    -0.00000
    -0.00000    -0.00000    -1.00000
           0           2          19           2
    -3.54833    -3.84336    -2.85317
    -0.56648     0.82407    -0.00000
     0.82407     0.56648    -0.00000
    -0.00000    -0.00000    -1.00000
           0           2          19           3
    -3.54833    -3.84336     2.83883
    -0.56648     0.82407    -0.00000
     0.82407     0.56648    -0.00000
    -0.00000    -0.00000    -1.00000
           0           2          19           4
    -3.54833    -3.84336     8.53083
    -0.56648     0.82407    -0.00000
     0.82407     0.56648    -0.00000
    -0.00000    -0.00000    -1.00000
           0           2          20           1
    -2.56622    -4.57233    -8.54469
    -0.74467     0.66743    -0.00000
     0.66743     0.74467    -0.00000
    -0.00000    -0.00000    -1.00000
           0           2          20           2
    -2.56622    -4.57233    -2.85269
    -0.74467     0.66743    -0.00000
     0.66743     0.74467    -0.00000
    -0.00000    -0.00000    -1.00000
           0           2          20           3
    -2.56622    -4.57233     2.83931
    -0.74467     0.66743    -0.00000
     0.66743     0.74467    -0.00000
    -0.00000    -0.00000    -1.00000
           0           2          20           4
    -2.56622    -4.57233     8.53131
    -0.74467     0.66743    -0.00000
     0.66743     0.74467    -0.00000
    -0.00000    -0.00000    -1.00000
           0           3           1           1
     5.67069   -10.34099    12.84256
    -0.87812    -0.47845     0.00000
    -0.47845     0.87812     0.00000
    -0.00000     0.00000    -1.00000
           0           3           1           2
     5.67069   -10.34099     6.46716
    -0.87812    -0.47845     0.00000
    -0.47845     0.87812     0.00000
    -0.00000     0.00000    -1.00000
           0           3           1           3
     5.67069   -10.34099     0.09176
    -0.87812    -0.47845     0.00000
    -0.47845     0.87812     0.00000
    -0.00000     0.00000    -1.00000
           0           3           1           4
     5.67069   -10.34099    -6.28364
    -0.87812    -0.47845     0.00000
    -0.47845     0.87812     0.00000
    -0.00000     0.00000    -1.00000
           0           3           1           5
     5.67069   -10.34099   -12.65904
    -0.87812    -0.47845     0.00000
    -0.47845     0.87812     0.00000
    -0.00000     0.00000    -1.00000
           0           3           2           1
     7.56551    -7.14055    12.83238
    -0.68680    -0.72685     0.00000
    -0.72685     0.68680     0.00000
    -0.00000     0.00000    -1.00000
           0           3           2           2
     7.56551    -7.14055     6.45698
    -0.68680    -0.72685     0.00000
    -0.72685     0.68680     0.00000
    -0.00000     0.00000    -1.00000
           0           3           2           3
     7.56551    -7.14055     0.08158
    -0.68680    -0.72685     0.00000
    -0.72685     0.68680     0.00000
    -0.00000     0.00000    -1.00000
           0           3           2           4
     7.56551    -7.14055    -6.29382
    -0.68680    -0.72685     0.00000
    -0.72685     0.68680     0.00000
    -0.00000     0.00000    -1.00000
           0           3           2           5
     7.56551    -7.14055   -12.66922
    -0.68680    -0.72685     0.00000
    -0.72685     0.68680     0.00000
    -0.00000     0.00000    -1.00000
           0           3           3           1
    11.52621    -5.66824    12.82930
    -0.44175    -0.89714     0.00000
    -0.89714     0.44175     0.00000
    -0.00000     0.00000    -1.00000
           0           3           3           2
    11.52621    -5.66824     6.45390
    -0.44175    -0.89714     0.00000
    -0.89714     0.44175     0.00000
    -0.00000     0.00000    -1.00000
           0           3           3           3
    11.52620    -5.66824     0.07850
    -0.44175    -0.89714     0.00000
    -0.89714     0.44175     0.00000
    -0.00000     0.00000    -1.00000
           0           3           3           4
    11.52620    -5.66824    -6.29690
    -0.44175    -0.89714     0.00000
    -0.89714     0.44175     0.00000
    -0.00000     0.00000    -1.00000
           0           3           3           5
    11.52620    -5.66824   -12.67230
    -0.44175    -0.89714     0.00000
    -0.89714     0.44175     0.00000
    -0.00000     0.00000    -1.00000
           0           3           4           1
    11.54564    -2.06470    12.85511
    -0.17633    -0.98433     0.00000
    -0.98433     0.17633     0.00000
    -0.00000     0.00000    -1.00000
           0           3           4           2
    11.54564    -2.06470     6.47970
    -0.17633    -0.98433     0.00000
    -0.98433     0.17633     0.00000
    -0.00000     0.00000    -1.00000
           0           3           4           3
    11.54564    -2.06470     0.10430
    -0.17633    -0.98433     0.00000
    -0.98433     0.17633     0.00000
    -0.00000     0.00000    -1.00000
           0           3           4           4
    11.54564    -2.06470    -6.27110
    -0.17633    -0.98433     0.00000
    -0.98433     0.17633     0.00000
    -0.00000     0.00000    -1.00000
           0           3           4           5
    11.54564    -2.06470   -12.64650
    -0.17633    -0.98433     0.00000
    -0.98433     0.17633     0.00000
    -0.00000     0.00000    -1.00000
           0           3           5           1
    10.16318     1.39871    12.82513
     0.13715    -0.99055     0.00000
    -0.99055    -0.13715     0.00000
    -0.00000    -0.00000    -1.00000
           0           3           5           2
    10.16318     1.39871     6.44973
     0.13715    -0.99055     0.00000
    -0.99055    -0.13715     0.00000
    -0.00000    -0.00000    -1.00000
           0           3           5           3
    10.16318     1.39871     0.07433
     0.13715    -0.99055     0.00000
    -0.99055    -0.13715     0.00000
    -0.00000    -0.00000    -1.00000
           0           3           5           4
    10.16318     1.39871    -6.30107
     0.13715    -0.99055     0.00000
    -0.99055    -0.13715     0.00000
    -0.00000    -0.00000    -1.00000
           0           3           5           5
    10.16318     1.39871   -12.67647
     0.13715    -0.99055     0.00000
    -0.99055    -0.13715     0.00000
    -0.00000    -0.00000    -1.00000
           0           3           6           1
    11.73002     5.47203    12.87511
     0.42332    -0.90598     0.00000
    -0.90598    -0.42332     0.00000
    -0.00000    -0.00000    -1.00000
           0           3           6           2
    11.73002     5.47203     6.49971
     0.42332    -0.90598     0.00000
    -0.90598    -0.42332     0.00000
    -0.00000    -0.00000    -1.00000
           0           3           6           3
    11.73002     5.47203     0.12431
     0.42332    -0.90598     0.00000
    -0.90598    -0.42332     0.00000
    -0.00000    -0.00000    -1.00000
           0           3           6           4
    11.73002     5.47203    -6.25109
     0.42332    -0.90598     0.00000
    -0.90598    -0.42332     0.00000
    -0.00000    -0.00000    -1.00000
           0           3           6           5
    11.73002     5.47203   -12.62649
     0.42332    -0.90598     0.00000
    -0.90598    -0.42332     0.00000
    -0.00000    -0.00000    -1.00000
           0           3           7           1
     8.86995     7.70026    12.84520
     0.65743    -0.75352     0.00000
    -0.75352    -0.65743     0.00000
    -0.00000    -0.00000    -1.00000
           0           3           7           2
     8.86995     7.70026     6.46980
     0.65743    -0.75352     0.00000
    -0.75352    -0.65743     0.00000
    -0.00000    -0.00000    -1.00000
           0           3           7           3
     8.86995     7.70026     0.09439
     0.65743    -0.75352     0.00000
    -0.75352    -0.65743     0.00000
    -0.00000    -0.00000    -1.00000
           0           3           7           4
     8.86995     7.70026    -6.28101
     0.65743    -0.75352     0.00000
    -0.75352    -0.65743     0.00000
    -0.00000    -0.00000    -1.00000
           0           3           7           5
     8.86995     7.70026   -12.65640
     0.65743    -0.75352     0.00000
    -0.75352    -0.65743     0.00000
    -0.00000    -0.00000    -1.00000
           0           3           8           1
     5.33868     8.89111    12.84015
     0.85845    -0.51289     0.00000
    -0.51289    -0.85845     0.00000
    -0.00000    -0.00000    -1.00000
           0           3           8           2
     5.33868     8.89111     6.46475
     0.85845    -0.51289     0.00000
    -0.51289    -0.85845     0.00000
    -0.00000    -0.00000    -1.00000
           0           3           8           3
     5.33868     8.89111     0.08935
     0.85845    -0.51289     0.00000
    -0.51289    -0.85845     0.00000
    -0.00000    -0.00000    -1.00000
           0           3           8           4
     5.33868     8.89111    -6.28605
     0.85845    -0.51289     0.00000
    -0.51289    -0.85845     0.00000
    -0.00000    -0.00000    -1.00000
           0           3           8           5
     5.33868     8.89111   -12.66145
     0.85845    -0.51289     0.00000
    -0.51289    -0.85845     0.00000
    -0.00000    -0.00000    -1.00000
           0           3           9           1
    -5.32920     8.90668   -12.81375
    -0.85805    -0.51356     0.00000
     0.51356    -0.85805     0.00000
    -0.00000     0.00000     1.00000
           0           3           9           2
    -5.32920     8.90668    -6.43835
    -0.85805    -0.51356     0.00000
     0.51356    -0.85805     0.00000
    -0.00000     0.00000     1.00000
           0           3           9           3
    -5.32920     8.90668    -0.06295
    -0.85805    -0.51356     0.00000
     0.51356    -0.85805     0.00000
    -0.00000     0.00000     1.00000
           0           3           9           4
    -5.32920     8.90668     6.31245
    -0.85805    -0.51356     0.00000
     0.51356    -0.85805     0.00000
    -0.00000     0.00000     1.00000
           0           3           9           5
    -5.32920     8.90668    12.68785
    -0.85805    -0.51356     0.00000
     0.51356    -0.85805     0.00000
    -0.00000     0.00000     1.00000
           0           3          10           1
    -8.86245     7.73716   -12.77708
    -0.65691    -0.75397    -0.00000
     0.75397    -0.65691    -0.00000
     0.00000    -0.00000     1.00000
           0           3          10           2
    -8.86245     7.73716    -6.40168
    -0.65691    -0.75397    -0.00000
     0.75397    -0.65691    -0.00000
     0.00000    -0.00000     1.00000
           0           3          10           3
    -8.86245     7.73716    -0.02628
    -0.65691    -0.75397    -0.00000
     0.75397    -0.65691    -0.00000
     0.00000    -0.00000     1.00000
           0           3          10           4
    -8.86245     7.73716     6.34912
    -0.65691    -0.75397    -0.00000
     0.75397    -0.65691    -0.00000
     0.00000    -0.00000     1.00000
           0           3          10           5
    -8.86245     7.73716    12.72452
    -0.65691    -0.75397    -0.00000
     0.75397    -0.65691    -0.00000
     0.00000    -0.00000     1.00000
           0           3          11           1
   -11.63682     5.45221   -12.78692
    -0.42275    -0.90625    -0.00000
     0.90625    -0.42275    -0.00000
     0.00000    -0.00000     1.00000
           0           3          11           2
   -11.63682     5.45221    -6.41152
    -0.42275    -0.90625    -0.00000
     0.90625    -0.42275    -0.00000
     0.00000    -0.00000     1.00000
           0           3          11           3
   -11.63682     5.45221    -0.03612
    -0.42275    -0.90625    -0.00000
     0.90625    -0.42275    -0.00000
     0.00000    -0.00000     1.00000
           0           3          11           4
   -11.63682     5.45221     6.33928
    -0.42275    -0.90625    -0.00000
     0.90625    -0.42275    -0.00000
     0.00000    -0.00000     1.00000
           0           3          11           5
   -11.63682     5.45221    12.71468
    -0.42275    -0.90625    -0.00000
     0.90625    -0.42275    -0.00000
     0.00000    -0.00000     1.00000
           0           3          12           1
   -10.28360     1.43254   -12.77254
    -0.13638    -0.99066    -0.00000
     0.99066    -0.13638    -0.00000
     0.00000    -0.00000     1.00000
           0           3          12           2
   -10.28360     1.43254    -6.39714
    -0.13638    -0.99066    -0.00000
     0.99066    -0.13638    -0.00000
     0.00000    -0.00000     1.00000
           0           3          12           3
   -10.28360     1.43254    -0.02174
    -0.13638    -0.99066    -0.00000
     0.99066    -0.13638    -0.00000
     0.00000    -0.00000     1.00000
           0           3          12           4
   -10.28360     1.43254     6.35366
    -0.13638    -0.99066    -0.00000
     0.99066    -0.13638    -0.00000
     0.00000    -0.00000     1.00000
           0           3          12           5
   -10.28360     1.43254    12.72906
    -0.13638    -0.99066    -0.00000
     0.99066    -0.13638    -0.00000
     0.00000    -0.00000     1.00000
           0           3          13           1
   -11.50619    -2.02741   -12.77642
     0.17701    -0.98421    -0.00000
     0.98421     0.17701    -0.00000
     0.00000     0.00000     1.00000
           0           3          13           2
   -11.50619    -2.02741    -6.40102
     0.17701    -0.98421    -0.00000
     0.98421     0.17701    -0.00000
     0.00000     0.00000     1.00000
           0           3          13           3
   -11.50619    -2.02741    -0.02562
     0.17701    -0.98421    -0.00000
     0.98421     0.17701    -0.00000
     0.00000     0.00000     1.00000
           0           3          13           4
   -11.50619    -2.02741     6.34978
     0.17701    -0.98421    -0.00000
     0.98421     0.17701    -0.00000
     0.00000     0.00000     1.00000
           0           3          13           5
   -11.50619    -2.02741    12.72518
     0.17701    -0.98421    -0.00000
     0.98421     0.17701    -0.00000
     0.00000     0.00000     1.00000
           0           3          14           1
   -11.54143    -5.64750   -12.80284
     0.44231    -0.89686    -0.00000
     0.89686     0.44231    -0.00000
     0.00000     0.00000     1.00000
           0           3          14           2
   -11.54143    -5.64750    -6.42744
     0.44231    -0.89686    -0.00000
     0.89686     0.44231    -0.00000
     0.00000     0.00000     1.00000
           0           3          14           3
   -11.54143    -5.64750    -0.05204
     0.44231    -0.89686    -0.00000
     0.89686     0.44231    -0.00000
     0.00000     0.00000     1.00000
           0           3          14           4
   -11.54143    -5.64750     6.32336
     0.44231    -0.89686    -0.00000
     0.89686     0.44231    -0.00000
     0.00000     0.00000     1.00000
           0           3          14           5
   -11.54143    -5.64750    12.69876
     0.44231    -0.89686    -0.00000
     0.89686     0.44231    -0.00000
     0.00000     0.00000     1.00000
           0           3          15           1
    -7.53088    -7.08307   -12.78213
     0.68736    -0.72631    -0.00000
     0.72631     0.68736    -0.00000
     0.00000     0.00000     1.00000
           0           3          15           2
    -7.53088    -7.08307    -6.40673
     0.68736    -0.72631    -0.00000
     0.72631     0.68736    -0.00000
     0.00000     0.00000     1.00000
           0           3          15           3
    -7.53088    -7.08307    -0.03133
     0.68736    -0.72631    -0.00000
     0.72631     0.68736    -0.00000
     0.00000     0.00000     1.00000
           0           3          15           4
    -7.53088    -7.08307     6.34407
     0.68736    -0.72631    -0.00000
     0.72631     0.68736    -0.00000
     0.00000     0.00000     1.00000
           0           3          15           5
    -7.53088    -7.08307    12.71947
     0.68736    -0.72631    -0.00000
     0.72631     0.68736    -0.00000
     0.00000     0.00000     1.00000
           0           3          16           1
    -5.72750   -10.37394   -12.77733
     0.87845    -0.47784    -0.00000
     0.47784     0.87845    -0.00000
     0.00000     0.00000     1.00000
           0           3          16           2
    -5.72750   -10.37394    -6.40193
     0.87845    -0.47784    -0.00000
     0.47784     0.87845    -0.00000
     0.00000     0.00000     1.00000
           0           3          16           3
