 SVX cage parameters:
     2.20000
     0.50000     0.20000
     0.00000
           6
   -40.00000   -26.50000   -26.50000    26.50000    26.50000    40.00000
    53.00000    53.00000    22.14782    22.14782    53.00000    53.00000
     0.00000     0.00000     0.00000
 SVX barrel parameters:
           4
     2.63000     5.19260    11.76500    16.68700     1.14100
     0.00000     0.00000     0.00000     0.00000
           4           4           5           6
     0.69600     0.69600     1.74500     1.74500
     0.01000     0.01000     0.03125     0.03125
     2.83600     2.83600     3.18770     3.18770
     0.01900     0.01900     0.00000     0.00000
     0.02000     0.02000     0.00000     0.00000
    26.70000    13.62600    17.00000    12.00000
   -13.00000   -12.98000     0.00000     0.00000
           2
           5           5
     0.00000   180.00000
           2
          10          10
     0.00000   180.00000
           2
           8           8
     0.00000   180.00000
           2
          12          12
     0.00000   180.00000
 SVX barrel sensor rotation matrices and translation vectors:
           0           1           1           1
     1.59503    -2.12499     8.67496
     0.63982     0.76853    -0.00000
    -0.76853     0.63982    -0.00000
    -0.00000     0.00000     1.00000
           0           1           1           2
     1.59503    -2.12499     2.98296
     0.63982     0.76853    -0.00000
    -0.76853     0.63982    -0.00000
    -0.00000     0.00000     1.00000
           0           1           1           3
     1.59503    -2.12499    -2.70904
     0.63982     0.76853    -0.00000
    -0.76853     0.63982    -0.00000
    -0.00000     0.00000     1.00000
           0           1           1           4
     1.59503    -2.12499    -8.40104
     0.63982     0.76853    -0.00000
    -0.76853     0.63982    -0.00000
    -0.00000     0.00000     1.00000
           0           1           2           1
     2.34012    -1.17442     8.67521
     0.22624     0.97407    -0.00000
    -0.97407     0.22624    -0.00000
    -0.00000     0.00000     1.00000
           0           1           2           2
     2.34012    -1.17442     2.98321
     0.22624     0.97407    -0.00000
    -0.97407     0.22624    -0.00000
    -0.00000     0.00000     1.00000
           0           1           2           3
     2.34012    -1.17442    -2.70879
     0.22624     0.97407    -0.00000
    -0.97407     0.22624    -0.00000
    -0.00000     0.00000     1.00000
           0           1           2           4
     2.34012    -1.17442    -8.40079
     0.22624     0.97407    -0.00000
    -0.97407     0.22624    -0.00000
    -0.00000     0.00000     1.00000
           0           1           3           1
     2.61262    -0.00250     8.67052
    -0.23561     0.97185     0.00000
    -0.97185    -0.23561     0.00000
     0.00000     0.00000     1.00000
           0           1           3           2
     2.61262    -0.00250     2.97852
    -0.23561     0.97185     0.00000
    -0.97185    -0.23561     0.00000
     0.00000     0.00000     1.00000
           0           1           3           3
     2.61262    -0.00250    -2.71348
    -0.23561     0.97185     0.00000
    -0.97185    -0.23561     0.00000
     0.00000     0.00000     1.00000
           0           1           3           4
     2.61262    -0.00250    -8.40548
    -0.23561     0.97185     0.00000
    -0.97185    -0.23561     0.00000
     0.00000     0.00000     1.00000
           0           1           4           1
     2.34643     1.17982     8.67227
    -0.64720     0.76232     0.00000
    -0.76232    -0.64720     0.00000
     0.00000     0.00000     1.00000
           0           1           4           2
     2.34643     1.17982     2.98027
    -0.64720     0.76232     0.00000
    -0.76232    -0.64720     0.00000
     0.00000     0.00000     1.00000
           0           1           4           3
     2.34643     1.17982    -2.71173
    -0.64720     0.76232     0.00000
    -0.76232    -0.64720     0.00000
     0.00000     0.00000     1.00000
           0           1           4           4
     2.34643     1.17982    -8.40373
    -0.64720     0.76232     0.00000
    -0.76232    -0.64720     0.00000
     0.00000     0.00000     1.00000
           0           1           5           1
     1.54552     2.09201     8.66256
    -0.92073     0.39020     0.00000
    -0.39020    -0.92073     0.00000
     0.00000     0.00000     1.00000
           0           1           5           2
     1.54552     2.09201     2.97056
    -0.92073     0.39020     0.00000
    -0.39020    -0.92073     0.00000
     0.00000     0.00000     1.00000
           0           1           5           3
     1.54552     2.09201    -2.72144
    -0.92073     0.39020     0.00000
    -0.39020    -0.92073     0.00000
     0.00000     0.00000     1.00000
           0           1           5           4
     1.54552     2.09201    -8.41344
    -0.92073     0.39020     0.00000
    -0.39020    -0.92073     0.00000
     0.00000     0.00000     1.00000
           0           1           6           1
    -1.55988     2.09765    -8.54809
     0.92100     0.38955     0.00000
     0.38955    -0.92100     0.00000
     0.00000    -0.00000    -1.00000
           0           1           6           2
    -1.55988     2.09765    -2.85609
     0.92100     0.38955     0.00000
     0.38955    -0.92100     0.00000
     0.00000    -0.00000    -1.00000
           0           1           6           3
    -1.55988     2.09765     2.83591
     0.92100     0.38955     0.00000
     0.38955    -0.92100     0.00000
     0.00000    -0.00000    -1.00000
           0           1           6           4
    -1.55988     2.09765     8.52791
     0.92100     0.38955     0.00000
     0.38955    -0.92100     0.00000
     0.00000    -0.00000    -1.00000
           0           1           7           1
    -2.35675     1.17905    -8.54716
     0.64772     0.76188     0.00000
     0.76188    -0.64772     0.00000
     0.00000    -0.00000    -1.00000
           0           1           7           2
    -2.35675     1.17905    -2.85516
     0.64772     0.76188     0.00000
     0.76188    -0.64772     0.00000
     0.00000    -0.00000    -1.00000
           0           1           7           3
    -2.35675     1.17905     2.83684
     0.64772     0.76188     0.00000
     0.76188    -0.64772     0.00000
     0.00000    -0.00000    -1.00000
           0           1           7           4
    -2.35675     1.17905     8.52884
     0.64772     0.76188     0.00000
     0.76188    -0.64772     0.00000
     0.00000    -0.00000    -1.00000
           0           1           8           1
    -2.65806     0.00418    -8.55920
     0.23626     0.97169    -0.00000
     0.97169    -0.23626    -0.00000
    -0.00000     0.00000    -1.00000
           0           1           8           2
    -2.65806     0.00418    -2.86720
     0.23626     0.97169    -0.00000
     0.97169    -0.23626    -0.00000
    -0.00000     0.00000    -1.00000
           0           1           8           3
    -2.65806     0.00418     2.82480
     0.23626     0.97169    -0.00000
     0.97169    -0.23626    -0.00000
    -0.00000     0.00000    -1.00000
           0           1           8           4
    -2.65806     0.00418     8.51680
     0.23626     0.97169    -0.00000
     0.97169    -0.23626    -0.00000
    -0.00000     0.00000    -1.00000
           0           1           9           1
    -2.38409    -1.18445    -8.54424
    -0.22557     0.97423    -0.00000
     0.97423     0.22557    -0.00000
    -0.00000    -0.00000    -1.00000
           0           1           9           2
    -2.38409    -1.18445    -2.85224
    -0.22557     0.97423    -0.00000
     0.97423     0.22557    -0.00000
    -0.00000    -0.00000    -1.00000
           0           1           9           3
    -2.38409    -1.18445     2.83976
    -0.22557     0.97423    -0.00000
     0.97423     0.22557    -0.00000
    -0.00000    -0.00000    -1.00000
           0           1           9           4
    -2.38409    -1.18445     8.53176
    -0.22557     0.97423    -0.00000
     0.97423     0.22557    -0.00000
    -0.00000    -0.00000    -1.00000
           0           1          10           1
    -1.63357    -2.14063    -8.54522
    -0.63926     0.76899    -0.00000
     0.76899     0.63926    -0.00000
    -0.00000    -0.00000    -1.00000
           0           1          10           2
    -1.63357    -2.14063    -2.85322
    -0.63926     0.76899    -0.00000
     0.76899     0.63926    -0.00000
    -0.00000    -0.00000    -1.00000
           0           1          10           3
    -1.63357    -2.14063     2.83878
    -0.63926     0.76899    -0.00000
     0.76899     0.63926    -0.00000
    -0.00000    -0.00000    -1.00000
           0           1          10           4
    -1.63357    -2.14063     8.53078
    -0.63926     0.76899    -0.00000
     0.76899     0.63926    -0.00000
    -0.00000    -0.00000    -1.00000
           0           2           1           1
     2.51808    -4.54235     8.67679
     0.74588     0.66608    -0.00000
    -0.66608     0.74588    -0.00000
    -0.00000     0.00000     1.00000
           0           2           1           2
     2.51808    -4.54235     2.98479
     0.74588     0.66608    -0.00000
    -0.66608     0.74588    -0.00000
    -0.00000     0.00000     1.00000
           0           2           1           3
     2.51808    -4.54235    -2.70721
     0.74588     0.66608    -0.00000
    -0.66608     0.74588    -0.00000
    -0.00000     0.00000     1.00000
           0           2           1           4
     2.51808    -4.54235    -8.39921
     0.74588     0.66608    -0.00000
    -0.66608     0.74588    -0.00000
    -0.00000     0.00000     1.00000
           0           2           2           1
     3.50999    -3.83586     8.68020
     0.56797     0.82305    -0.00000
    -0.82305     0.56797    -0.00000
    -0.00000     0.00000     1.00000
           0           2           2           2
     3.50999    -3.83586     2.98820
     0.56797     0.82305    -0.00000
    -0.82305     0.56797    -0.00000
    -0.00000     0.00000     1.00000
           0           2           2           3
     3.50999    -3.83586    -2.70380
     0.56797     0.82305    -0.00000
    -0.82305     0.56797    -0.00000
    -0.00000     0.00000     1.00000
           0           2           2           4
     3.50999    -3.83586    -8.39580
     0.56797     0.82305    -0.00000
    -0.82305     0.56797    -0.00000
    -0.00000     0.00000     1.00000
           0           2           3           1
     4.28674    -2.89360     8.67120
     0.35808     0.93369    -0.00000
    -0.93369     0.35808    -0.00000
    -0.00000     0.00000     1.00000
           0           2           3           2
     4.28674    -2.89360     2.97920
     0.35808     0.93369    -0.00000
    -0.93369     0.35808    -0.00000
    -0.00000     0.00000     1.00000
           0           2           3           3
     4.28674    -2.89360    -2.71280
     0.35808     0.93369    -0.00000
    -0.93369     0.35808    -0.00000
    -0.00000     0.00000     1.00000
           0           2           3           4
     4.28674    -2.89360    -8.40480
     0.35808     0.93369    -0.00000
    -0.93369     0.35808    -0.00000
    -0.00000     0.00000     1.00000
           0           2           4           1
     4.84178    -1.80456     8.67240
     0.12804     0.99177    -0.00000
    -0.99177     0.12804    -0.00000
    -0.00000     0.00000     1.00000
           0           2           4           2
     4.84178    -1.80456     2.98040
     0.12804     0.99177    -0.00000
    -0.99177     0.12804    -0.00000
    -0.00000     0.00000     1.00000
           0           2           4           3
     4.84178    -1.80456    -2.71160
     0.12804     0.99177    -0.00000
    -0.99177     0.12804    -0.00000
    -0.00000     0.00000     1.00000
           0           2           4           4
     4.84178    -1.80456    -8.40360
     0.12804     0.99177    -0.00000
    -0.99177     0.12804    -0.00000
    -0.00000     0.00000     1.00000
           0           2           5           1
     5.14731    -0.61944     8.66919
    -0.10922     0.99402     0.00000
    -0.99402    -0.10922     0.00000
     0.00000     0.00000     1.00000
           0           2           5           2
     5.14731    -0.61944     2.97719
    -0.10922     0.99402     0.00000
    -0.99402    -0.10922     0.00000
     0.00000     0.00000     1.00000
           0           2           5           3
     5.14731    -0.61944    -2.71481
    -0.10922     0.99402     0.00000
    -0.99402    -0.10922     0.00000
     0.00000     0.00000     1.00000
           0           2           5           4
     5.14731    -0.61944    -8.40681
    -0.10922     0.99402     0.00000
    -0.99402    -0.10922     0.00000
     0.00000     0.00000     1.00000
           0           2           6           1
     5.11625     0.59608     8.66539
    -0.34031     0.94031     0.00000
    -0.94031    -0.34031     0.00000
     0.00000     0.00000     1.00000
           0           2           6           2
     5.11625     0.59608     2.97339
    -0.34031     0.94031     0.00000
    -0.94031    -0.34031     0.00000
     0.00000     0.00000     1.00000
           0           2           6           3
     5.11625     0.59608    -2.71861
    -0.34031     0.94031     0.00000
    -0.94031    -0.34031     0.00000
     0.00000     0.00000     1.00000
           0           2           6           4
     5.11625     0.59608    -8.41061
    -0.34031     0.94031     0.00000
    -0.94031    -0.34031     0.00000
     0.00000     0.00000     1.00000
           0           2           7           1
     4.90196     1.81455     8.66802
    -0.55225     0.83368     0.00000
    -0.83368    -0.55225     0.00000
     0.00000     0.00000     1.00000
           0           2           7           2
     4.90196     1.81455     2.97602
    -0.55225     0.83368     0.00000
    -0.83368    -0.55225     0.00000
     0.00000     0.00000     1.00000
           0           2           7           3
     4.90196     1.81455    -2.71598
    -0.55225     0.83368     0.00000
    -0.83368    -0.55225     0.00000
     0.00000     0.00000     1.00000
           0           2           7           4
     4.90196     1.81455    -8.40798
    -0.55225     0.83368     0.00000
    -0.83368    -0.55225     0.00000
     0.00000     0.00000     1.00000
           0           2           8           1
     4.33272     2.89975     8.66783
    -0.73311     0.68011     0.00000
    -0.68011    -0.73311     0.00000
     0.00000     0.00000     1.00000
           0           2           8           2
     4.33272     2.89975     2.97583
    -0.73311     0.68011     0.00000
    -0.68011    -0.73311     0.00000
     0.00000     0.00000     1.00000
           0           2           8           3
     4.33272     2.89975    -2.71617
    -0.73311     0.68011     0.00000
    -0.68011    -0.73311     0.00000
     0.00000     0.00000     1.00000
           0           2           8           4
     4.33272     2.89975    -8.40817
    -0.73311     0.68011     0.00000
    -0.68011    -0.73311     0.00000
     0.00000     0.00000     1.00000
           0           2           9           1
     3.49956     3.80802     8.66186
    -0.87271     0.48825     0.00000
    -0.48825    -0.87271     0.00000
     0.00000     0.00000     1.00000
           0           2           9           2
     3.49956     3.80802     2.96986
    -0.87271     0.48825     0.00000
    -0.48825    -0.87271     0.00000
     0.00000     0.00000     1.00000
           0           2           9           3
     3.49956     3.80802    -2.72214
    -0.87271     0.48825     0.00000
    -0.48825    -0.87271     0.00000
     0.00000     0.00000     1.00000
           0           2           9           4
     3.49956     3.80802    -8.41414
    -0.87271     0.48825     0.00000
    -0.48825    -0.87271     0.00000
     0.00000     0.00000     1.00000
           0           2          10           1
     2.50652     4.52782     8.67123
    -0.96317     0.26890     0.00000
    -0.26890    -0.96317     0.00000
     0.00000     0.00000     1.00000
           0           2          10           2
     2.50652     4.52782     2.97923
    -0.96317     0.26890     0.00000
    -0.26890    -0.96317     0.00000
     0.00000     0.00000     1.00000
           0           2          10           3
     2.50652     4.52782    -2.71277
    -0.96317     0.26890     0.00000
    -0.26890    -0.96317     0.00000
     0.00000     0.00000     1.00000
           0           2          10           4
     2.50652     4.52782    -8.40477
    -0.96317     0.26890     0.00000
    -0.26890    -0.96317     0.00000
     0.00000     0.00000     1.00000
           0           2          11           1
    -2.47968     4.50828    -8.55591
     0.96369     0.26701     0.00000
     0.26701    -0.96369     0.00000
     0.00000    -0.00000    -1.00000
           0           2          11           2
    -2.47968     4.50828    -2.86391
     0.96369     0.26701     0.00000
     0.26701    -0.96369     0.00000
     0.00000    -0.00000    -1.00000
           0           2          11           3
    -2.47968     4.50828     2.82809
     0.96369     0.26701     0.00000
     0.26701    -0.96369     0.00000
     0.00000    -0.00000    -1.00000
           0           2          11           4
    -2.47968     4.50828     8.52009
     0.96369     0.26701     0.00000
     0.26701    -0.96369     0.00000
     0.00000    -0.00000    -1.00000
           0           2          12           1
    -3.51252     3.83588    -8.55332
     0.87367     0.48653     0.00000
     0.48653    -0.87367     0.00000
     0.00000    -0.00000    -1.00000
           0           2          12           2
    -3.51252     3.83588    -2.86132
     0.87367     0.48653     0.00000
     0.48653    -0.87367     0.00000
     0.00000    -0.00000    -1.00000
           0           2          12           3
    -3.51252     3.83588     2.83068
     0.87367     0.48653     0.00000
     0.48653    -0.87367     0.00000
     0.00000    -0.00000    -1.00000
           0           2          12           4
    -3.51252     3.83588     8.52268
     0.87367     0.48653     0.00000
     0.48653    -0.87367     0.00000
     0.00000    -0.00000    -1.00000
           0           2          13           1
    -4.30468     2.89523    -8.55744
     0.73446     0.67866     0.00000
     0.67866    -0.73446     0.00000
     0.00000    -0.00000    -1.00000
           0           2          13           2
    -4.30468     2.89523    -2.86544
     0.73446     0.67866     0.00000
     0.67866    -0.73446     0.00000
     0.00000    -0.00000    -1.00000
           0           2          13           3
    -4.30468     2.89523     2.82656
     0.73446     0.67866     0.00000
     0.67866    -0.73446     0.00000
     0.00000    -0.00000    -1.00000
           0           2          13           4
    -4.30468     2.89523     8.51856
     0.73446     0.67866     0.00000
     0.67866    -0.73446     0.00000
     0.00000    -0.00000    -1.00000
           0           2          14           1
    -4.85439     1.80105    -8.55354
     0.55390     0.83258     0.00000
     0.83258    -0.55390     0.00000
     0.00000    -0.00000    -1.00000
           0           2          14           2
    -4.85439     1.80105    -2.86154
     0.55390     0.83258     0.00000
     0.83258    -0.55390     0.00000
     0.00000    -0.00000    -1.00000
           0           2          14           3
    -4.85439     1.80105     2.83046
     0.55390     0.83258     0.00000
     0.83258    -0.55390     0.00000
     0.00000    -0.00000    -1.00000
           0           2          14           4
    -4.85439     1.80105     8.52246
     0.55390     0.83258     0.00000
     0.83258    -0.55390     0.00000
     0.00000    -0.00000    -1.00000
           0           2          15           1
    -5.18253     0.62015    -8.55617
     0.34216     0.93964    -0.00000
     0.93964    -0.34216    -0.00000
    -0.00000     0.00000    -1.00000
           0           2          15           2
    -5.18253     0.62015    -2.86417
     0.34216     0.93964    -0.00000
     0.93964    -0.34216    -0.00000
    -0.00000     0.00000    -1.00000
           0           2          15           3
    -5.18253     0.62015     2.82783
     0.34216     0.93964    -0.00000
     0.93964    -0.34216    -0.00000
    -0.00000     0.00000    -1.00000
           0           2          15           4
    -5.18253     0.62015     8.51983
     0.34216     0.93964    -0.00000
     0.93964    -0.34216    -0.00000
    -0.00000     0.00000    -1.00000
           0           2          16           1
    -5.16947    -0.60550    -8.55294
     0.11117     0.99380    -0.00000
     0.99380    -0.11117    -0.00000
    -0.00000     0.00000    -1.00000
           0           2          16           2
    -5.16947    -0.60550    -2.86094
     0.11117     0.99380    -0.00000
     0.99380    -0.11117    -0.00000
    -0.00000     0.00000    -1.00000
           0           2          16           3
    -5.16947    -0.60550     2.83106
     0.11117     0.99380    -0.00000
     0.99380    -0.11117    -0.00000
    -0.00000     0.00000    -1.00000
           0           2          16           4
    -5.16947    -0.60550     8.52306
     0.11117     0.99380    -0.00000
     0.99380    -0.11117    -0.00000
    -0.00000     0.00000    -1.00000
           0           2          17           1
    -4.87298    -1.79678    -8.55143
    -0.12609     0.99202    -0.00000
     0.99202     0.12609    -0.00000
    -0.00000    -0.00000    -1.00000
           0           2          17           2
    -4.87298    -1.79678    -2.85943
    -0.12609     0.99202    -0.00000
     0.99202     0.12609    -0.00000
    -0.00000    -0.00000    -1.00000
           0           2          17           3
    -4.87298    -1.79678     2.83257
    -0.12609     0.99202    -0.00000
     0.99202     0.12609    -0.00000
    -0.00000    -0.00000    -1.00000
           0           2          17           4
    -4.87298    -1.79678     8.52457
    -0.12609     0.99202    -0.00000
     0.99202     0.12609    -0.00000
    -0.00000    -0.00000    -1.00000
           0           2          18           1
    -4.33243    -2.89852    -8.55244
    -0.35624     0.93439    -0.00000
     0.93439     0.35624    -0.00000
    -0.00000    -0.00000    -1.00000
           0           2          18           2
    -4.33243    -2.89852    -2.86044
    -0.35624     0.93439    -0.00000
     0.93439     0.35624    -0.00000
    -0.00000    -0.00000    -1.00000
           0           2          18           3
    -4.33242    -2.89852     2.83156
    -0.35624     0.93439    -0.00000
     0.93439     0.35624    -0.00000
    -0.00000    -0.00000    -1.00000
           0           2          18           4
    -4.33242    -2.89852     8.52356
    -0.35624     0.93439    -0.00000
     0.93439     0.35624    -0.00000
    -0.00000    -0.00000    -1.00000
           0           2          19           1
    -3.55351    -3.84769    -8.54941
    -0.56635     0.82417    -0.00000
     0.82417     0.56635    -0.00000
    -0.00000    -0.00000    -1.00000
           0           2          19           2
    -3.55351    -3.84769    -2.85741
    -0.56635     0.82417    -0.00000
     0.82417     0.56635    -0.00000
    -0.00000    -0.00000    -1.00000
           0           2          19           3
    -3.55351    -3.84769     2.83459
    -0.56635     0.82417    -0.00000
     0.82417     0.56635    -0.00000
    -0.00000    -0.00000    -1.00000
           0           2          19           4
    -3.55351    -3.84769     8.52659
    -0.56635     0.82417    -0.00000
     0.82417     0.56635    -0.00000
    -0.00000    -0.00000    -1.00000
           0           2          20           1
    -2.56885    -4.57384    -8.54897
    -0.74456     0.66755    -0.00000
     0.66755     0.74456    -0.00000
    -0.00000    -0.00000    -1.00000
           0           2          20           2
    -2.56885    -4.57384    -2.85698
    -0.74456     0.66755    -0.00000
     0.66755     0.74456    -0.00000
    -0.00000    -0.00000    -1.00000
           0           2          20           3
    -2.56885    -4.57384     2.83502
    -0.74456     0.66755    -0.00000
     0.66755     0.74456    -0.00000
    -0.00000    -0.00000    -1.00000
           0           2          20           4
    -2.56885    -4.57384     8.52703
    -0.74456     0.66755    -0.00000
     0.66755     0.74456    -0.00000
    -0.00000    -0.00000    -1.00000
           0           3           1           1
     5.64771   -10.29747    12.86016
    -0.87794    -0.47876     0.00000
    -0.47876     0.87794     0.00000
    -0.00000     0.00000    -1.00000
           0           3           1           2
     5.64771   -10.29747     6.48476
    -0.87794    -0.47876     0.00000
    -0.47876     0.87794     0.00000
    -0.00000     0.00000    -1.00000
           0           3           1           3
     5.64771   -10.29747     0.10936
    -0.87794    -0.47876     0.00000
    -0.47876     0.87794     0.00000
    -0.00000     0.00000    -1.00000
           0           3           1           4
     5.64771   -10.29747    -6.26605
    -0.87794    -0.47876     0.00000
    -0.47876     0.87794     0.00000
    -0.00000     0.00000    -1.00000
           0           3           1           5
     5.64771   -10.29747   -12.64145
    -0.87794    -0.47876     0.00000
    -0.47876     0.87794     0.00000
    -0.00000     0.00000    -1.00000
           0           3           2           1
     7.53668    -7.11581    12.85079
    -0.68650    -0.72713     0.00000
    -0.72713     0.68650     0.00000
    -0.00000     0.00000    -1.00000
           0           3           2           2
     7.53668    -7.11581     6.47540
    -0.68650    -0.72713     0.00000
    -0.72713     0.68650     0.00000
    -0.00000     0.00000    -1.00000
           0           3           2           3
     7.53668    -7.11581     0.10000
    -0.68650    -0.72713     0.00000
    -0.72713     0.68650     0.00000
    -0.00000     0.00000    -1.00000
           0           3           2           4
     7.53668    -7.11581    -6.27540
    -0.68650    -0.72713     0.00000
    -0.72713     0.68650     0.00000
    -0.00000     0.00000    -1.00000
           0           3           2           5
     7.53668    -7.11581   -12.65080
    -0.68650    -0.72713     0.00000
    -0.72713     0.68650     0.00000
    -0.00000     0.00000    -1.00000
           0           3           3           1
    11.46983    -5.63970    12.85744
    -0.44145    -0.89729     0.00000
    -0.89729     0.44145     0.00000
    -0.00000     0.00000    -1.00000
           0           3           3           2
    11.46983    -5.63970     6.48205
    -0.44145    -0.89729     0.00000
    -0.89729     0.44145     0.00000
    -0.00000     0.00000    -1.00000
           0           3           3           3
    11.46982    -5.63970     0.10665
    -0.44145    -0.89729     0.00000
    -0.89729     0.44145     0.00000
    -0.00000     0.00000    -1.00000
           0           3           3           4
    11.46982    -5.63970    -6.26875
    -0.44145    -0.89729     0.00000
    -0.89729     0.44145     0.00000
    -0.00000     0.00000    -1.00000
           0           3           3           5
    11.46982    -5.63970   -12.64415
    -0.44145    -0.89729     0.00000
    -0.89729     0.44145     0.00000
    -0.00000     0.00000    -1.00000
           0           3           4           1
    11.54276    -2.06499    12.86042
    -0.17597    -0.98439     0.00000
    -0.98439     0.17597     0.00000
    -0.00000     0.00000    -1.00000
           0           3           4           2
    11.54276    -2.06499     6.48502
    -0.17597    -0.98439     0.00000
    -0.98439     0.17597     0.00000
    -0.00000     0.00000    -1.00000
           0           3           4           3
    11.54276    -2.06499     0.10963
    -0.17597    -0.98439     0.00000
    -0.98439     0.17597     0.00000
    -0.00000     0.00000    -1.00000
           0           3           4           4
    11.54276    -2.06499    -6.26577
    -0.17597    -0.98439     0.00000
    -0.98439     0.17597     0.00000
    -0.00000     0.00000    -1.00000
           0           3           4           5
    11.54276    -2.06499   -12.64118
    -0.17597    -0.98439     0.00000
    -0.98439     0.17597     0.00000
    -0.00000     0.00000    -1.00000
           0           3           5           1
    10.16429     1.40042    12.85390
     0.13757    -0.99049     0.00000
    -0.99049    -0.13757     0.00000
    -0.00000    -0.00000    -1.00000
           0           3           5           2
    10.16429     1.40042     6.47850
     0.13757    -0.99049     0.00000
    -0.99049    -0.13757     0.00000
    -0.00000    -0.00000    -1.00000
           0           3           5           3
    10.16429     1.40042     0.10310
     0.13757    -0.99049     0.00000
    -0.99049    -0.13757     0.00000
    -0.00000    -0.00000    -1.00000
           0           3           5           4
    10.16429     1.40042    -6.27231
     0.13757    -0.99049     0.00000
    -0.99049    -0.13757     0.00000
    -0.00000    -0.00000    -1.00000
           0           3           5           5
    10.16429     1.40042   -12.64771
     0.13757    -0.99049     0.00000
    -0.99049    -0.13757     0.00000
    -0.00000    -0.00000    -1.00000
           0           3           6           1
    11.73547     5.47589    12.86909
     0.42362    -0.90584     0.00000
    -0.90584    -0.42362     0.00000
    -0.00000    -0.00000    -1.00000
           0           3           6           2
    11.73547     5.47589     6.49370
     0.42362    -0.90584     0.00000
    -0.90584    -0.42362     0.00000
    -0.00000    -0.00000    -1.00000
           0           3           6           3
    11.73547     5.47589     0.11830
     0.42362    -0.90584     0.00000
    -0.90584    -0.42362     0.00000
    -0.00000    -0.00000    -1.00000
           0           3           6           4
    11.73547     5.47589    -6.25710
     0.42362    -0.90584     0.00000
    -0.90584    -0.42362     0.00000
    -0.00000    -0.00000    -1.00000
           0           3           6           5
    11.73547     5.47589   -12.63250
     0.42362    -0.90584     0.00000
    -0.90584    -0.42362     0.00000
    -0.00000    -0.00000    -1.00000
           0           3           7           1
     8.89330     7.72141    12.86254
     0.65770    -0.75328     0.00000
    -0.75328    -0.65770     0.00000
    -0.00000    -0.00000    -1.00000
           0           3           7           2
     8.89330     7.72141     6.48713
     0.65770    -0.75328     0.00000
    -0.75328    -0.65770     0.00000
    -0.00000    -0.00000    -1.00000
           0           3           7           3
     8.89330     7.72141     0.11174
     0.65770    -0.75328     0.00000
    -0.75328    -0.65770     0.00000
    -0.00000    -0.00000    -1.00000
           0           3           7           4
     8.89330     7.72141    -6.26366
     0.65770    -0.75328     0.00000
    -0.75328    -0.65770     0.00000
    -0.00000    -0.00000    -1.00000
           0           3           7           5
     8.89330     7.72141   -12.63906
     0.65770    -0.75328     0.00000
    -0.75328    -0.65770     0.00000
    -0.00000    -0.00000    -1.00000
           0           3           8           1
     5.36095     8.93424    12.85709
     0.85866    -0.51254     0.00000
    -0.51254    -0.85866     0.00000
    -0.00000    -0.00000    -1.00000
           0           3           8           2
     5.36095     8.93424     6.48168
     0.85866    -0.51254     0.00000
    -0.51254    -0.85866     0.00000
    -0.00000    -0.00000    -1.00000
           0           3           8           3
     5.36095     8.93424     0.10628
     0.85866    -0.51254     0.00000
    -0.51254    -0.85866     0.00000
    -0.00000    -0.00000    -1.00000
           0           3           8           4
     5.36095     8.93424    -6.26912
     0.85866    -0.51254     0.00000
    -0.51254    -0.85866     0.00000
    -0.00000    -0.00000    -1.00000
           0           3           8           5
     5.36095     8.93424   -12.64452
     0.85866    -0.51254     0.00000
    -0.51254    -0.85866     0.00000
    -0.00000    -0.00000    -1.00000
           0           3           9           1
    -5.33881     8.92045   -12.77562
    -0.85795    -0.51373     0.00000
     0.51373    -0.85795     0.00000
    -0.00000     0.00000     1.00000
           0           3           9           2
    -5.33881     8.92045    -6.40022
    -0.85795    -0.51373     0.00000
     0.51373    -0.85795     0.00000
    -0.00000     0.00000     1.00000
           0           3           9           3
    -5.33881     8.92045    -0.02482
    -0.85795    -0.51373     0.00000
     0.51373    -0.85795     0.00000
    -0.00000     0.00000     1.00000
           0           3           9           4
    -5.33881     8.92045     6.35058
    -0.85795    -0.51373     0.00000
     0.51373    -0.85795     0.00000
    -0.00000     0.00000     1.00000
           0           3           9           5
    -5.33881     8.92045    12.72598
    -0.85795    -0.51373     0.00000
     0.51373    -0.85795     0.00000
    -0.00000     0.00000     1.00000
           0           3          10           1
    -8.83981     7.71565   -12.76928
    -0.65679    -0.75408    -0.00000
     0.75408    -0.65679    -0.00000
     0.00000     0.00000     1.00000
           0           3          10           2
    -8.83981     7.71565    -6.39388
    -0.65679    -0.75408    -0.00000
     0.75408    -0.65679    -0.00000
     0.00000     0.00000     1.00000
           0           3          10           3
    -8.83981     7.71565    -0.01848
    -0.65679    -0.75408    -0.00000
     0.75408    -0.65679    -0.00000
     0.00000     0.00000     1.00000
           0           3          10           4
    -8.83981     7.71565     6.35692
    -0.65679    -0.75408    -0.00000
     0.75408    -0.65679    -0.00000
     0.00000     0.00000     1.00000
           0           3          10           5
    -8.83981     7.71565    12.73232
    -0.65679    -0.75408    -0.00000
     0.75408    -0.65679    -0.00000
     0.00000     0.00000     1.00000
           0           3          11           1
   -11.58653     5.42412   -12.77615
    -0.42262    -0.90631    -0.00000
     0.90631    -0.42262    -0.00000
     0.00000     0.00000     1.00000
           0           3          11           2
   -11.58653     5.42412    -6.40075
    -0.42262    -0.90631    -0.00000
     0.90631    -0.42262    -0.00000
     0.00000     0.00000     1.00000
           0           3          11           3
   -11.58653     5.42412    -0.02535
    -0.42262    -0.90631    -0.00000
     0.90631    -0.42262    -0.00000
     0.00000     0.00000     1.00000
           0           3          11           4
   -11.58653     5.42412     6.35005
    -0.42262    -0.90631    -0.00000
     0.90631    -0.42262    -0.00000
     0.00000     0.00000     1.00000
           0           3          11           5
   -11.58653     5.42412    12.72545
    -0.42262    -0.90631    -0.00000
     0.90631    -0.42262    -0.00000
     0.00000     0.00000     1.00000
           0           3          12           1
   -10.29461     1.43356   -12.76112
    -0.13619    -0.99068    -0.00000
     0.99068    -0.13619    -0.00000
     0.00000     0.00000     1.00000
           0           3          12           2
   -10.29461     1.43356    -6.38572
    -0.13619    -0.99068    -0.00000
     0.99068    -0.13619    -0.00000
     0.00000     0.00000     1.00000
           0           3          12           3
   -10.29461     1.43356    -0.01032
    -0.13619    -0.99068    -0.00000
     0.99068    -0.13619    -0.00000
     0.00000     0.00000     1.00000
           0           3          12           4
   -10.29461     1.43356     6.36508
    -0.13619    -0.99068    -0.00000
     0.99068    -0.13619    -0.00000
     0.00000     0.00000     1.00000
           0           3          12           5
   -10.29461     1.43356    12.74048
    -0.13619    -0.99068    -0.00000
     0.99068    -0.13619    -0.00000
     0.00000     0.00000     1.00000
           0           3          13           1
   -11.50262    -2.02683   -12.77110
     0.17718    -0.98418    -0.00000
     0.98418     0.17718    -0.00000
     0.00000     0.00000     1.00000
           0           3          13           2
   -11.50262    -2.02683    -6.39569
     0.17718    -0.98418    -0.00000
     0.98418     0.17718    -0.00000
     0.00000     0.00000     1.00000
           0           3          13           3
   -11.50262    -2.02683    -0.02029
     0.17718    -0.98418    -0.00000
     0.98418     0.17718    -0.00000
     0.00000     0.00000     1.00000
           0           3          13           4
   -11.50262    -2.02683     6.35510
     0.17718    -0.98418    -0.00000
     0.98418     0.17718    -0.00000
     0.00000     0.00000     1.00000
           0           3          13           5
   -11.50262    -2.02683    12.73050
     0.17718    -0.98418    -0.00000
     0.98418     0.17718    -0.00000
     0.00000     0.00000     1.00000
           0           3          14           1
   -11.49615    -5.62587   -12.78521
     0.44244    -0.89680    -0.00000
     0.89680     0.44244    -0.00000
     0.00000     0.00000     1.00000
           0           3          14           2
   -11.49615    -5.62587    -6.40981
     0.44244    -0.89680    -0.00000
     0.89680     0.44244    -0.00000
     0.00000     0.00000     1.00000
           0           3          14           3
   -11.49615    -5.62587    -0.03441
     0.44244    -0.89680    -0.00000
     0.89680     0.44244    -0.00000
     0.00000     0.00000     1.00000
           0           3          14           4
   -11.49615    -5.62587     6.34099
     0.44244    -0.89680    -0.00000
     0.89680     0.44244    -0.00000
     0.00000     0.00000     1.00000
           0           3          14           5
   -11.49615    -5.62587    12.71639
     0.44244    -0.89680    -0.00000
     0.89680     0.44244    -0.00000
     0.00000     0.00000     1.00000
           0           3          15           1
    -7.55102    -7.10233   -12.77300
     0.68750    -0.72619    -0.00000
     0.72619     0.68750    -0.00000
     0.00000     0.00000     1.00000
           0           3          15           2
    -7.55102    -7.10233    -6.39760
     0.68750    -0.72619    -0.00000
     0.72619     0.68750    -0.00000
     0.00000     0.00000     1.00000
           0           3          15           3
    -7.55102    -7.10233    -0.02220
     0.68750    -0.72619    -0.00000
     0.72619     0.68750    -0.00000
     0.00000     0.00000     1.00000
           0           3          15           4
    -7.55102    -7.10233     6.35320
     0.68750    -0.72619    -0.00000
     0.72619     0.68750    -0.00000
     0.00000     0.00000     1.00000
           0           3          15           5
    -7.55102    -7.10233    12.72860
     0.68750    -0.72619    -0.00000
     0.72619     0.68750    -0.00000
     0.00000     0.00000     1.00000
           0           3          16           1
    -5.72716   -10.36953   -12.77055
     0.87853    -0.47769    -0.00000
     0.47769     0.87853    -0.00000
     0.00000     0.00000     1.00000
           0           3          16           2
    -5.72716   -10.36953    -6.39515
     0.87853    -0.47769    -0.00000
     0.47769     0.87853    -0.00000
     0.00000     0.00000     1.00000
           0           3          16           3
