 SVX cage parameters:
     2.20000
     0.50000     0.20000
     0.00000
           6
   -40.00000   -26.50000   -26.50000    26.50000    26.50000    40.00000
    53.00000    53.00000    22.14782    22.14782    53.00000    53.00000
     0.00000     0.00000     0.00000
 SVX barrel parameters:
           4
     2.63000     5.19260    11.76500    16.68700     1.14100
     0.00000     0.00000     0.00000     0.00000
           4           4           5           6
     0.69600     0.69600     1.74500     1.74500
     0.01000     0.01000     0.03125     0.03125
     2.83600     2.83600     3.18770     3.18770
     0.01900     0.01900     0.00000     0.00000
     0.02000     0.02000     0.00000     0.00000
    26.70000    13.62600    17.00000    12.00000
   -13.00000   -12.98000     0.00000     0.00000
           2
           5           5
     0.00000   180.00000
           2
          10          10
     0.00000   180.00000
           2
           8           8
     0.00000   180.00000
           2
          12          12
     0.00000   180.00000
 SVX barrel sensor rotation matrices and translation vectors:
           0           1           1           1
     1.58891    -2.12984     8.67913
     0.63993     0.76843     0.00098
    -0.76843     0.63993    -0.00010
    -0.00070    -0.00069     1.00000
           0           1           1           2
     1.59292    -2.12594     2.98715
     0.63993     0.76843     0.00098
    -0.76843     0.63993    -0.00010
    -0.00070    -0.00069     1.00000
           0           1           1           3
     1.59693    -2.12204    -2.70487
     0.63993     0.76843     0.00098
    -0.76843     0.63993    -0.00010
    -0.00070    -0.00069     1.00000
           0           1           1           4
     1.60094    -2.11814    -8.39687
     0.63993     0.76843     0.00098
    -0.76843     0.63993    -0.00010
    -0.00070    -0.00069     1.00000
           0           1           2           1
     2.34498    -1.18565     8.67653
     0.22638     0.97404     0.00083
    -0.97404     0.22638    -0.00053
    -0.00070    -0.00069     1.00000
           0           1           2           2
     2.34899    -1.18175     2.98455
     0.22638     0.97404     0.00083
    -0.97404     0.22638    -0.00053
    -0.00070    -0.00069     1.00000
           0           1           2           3
     2.35300    -1.17785    -2.70746
     0.22638     0.97404     0.00083
    -0.97404     0.22638    -0.00053
    -0.00070    -0.00069     1.00000
           0           1           2           4
     2.35701    -1.17394    -8.39946
     0.22638     0.97404     0.00083
    -0.97404     0.22638    -0.00053
    -0.00070    -0.00069     1.00000
           0           1           3           1
     2.61189    -0.00926     8.67735
    -0.23547     0.97188     0.00050
    -0.97188    -0.23547    -0.00085
    -0.00070    -0.00069     1.00000
           0           1           3           2
     2.61590    -0.00536     2.98536
    -0.23547     0.97188     0.00050
    -0.97188    -0.23547    -0.00085
    -0.00070    -0.00069     1.00000
           0           1           3           3
     2.61991    -0.00146    -2.70665
    -0.23547     0.97188     0.00050
    -0.97188    -0.23547    -0.00085
    -0.00070    -0.00069     1.00000
           0           1           3           4
     2.62392     0.00245    -8.39864
    -0.23547     0.97188     0.00050
    -0.97188    -0.23547    -0.00085
    -0.00070    -0.00069     1.00000
           0           1           4           1
     2.33840     1.17149     8.68287
    -0.64709     0.76241     0.00007
    -0.76241    -0.64709    -0.00098
    -0.00070    -0.00069     1.00000
           0           1           4           2
     2.34241     1.17539     2.99089
    -0.64709     0.76241     0.00007
    -0.76241    -0.64709    -0.00098
    -0.00070    -0.00069     1.00000
           0           1           4           3
     2.34642     1.17929    -2.70112
    -0.64709     0.76241     0.00007
    -0.76241    -0.64709    -0.00098
    -0.00070    -0.00069     1.00000
           0           1           4           4
     2.35042     1.18319    -8.39312
    -0.64709     0.76241     0.00007
    -0.76241    -0.64709    -0.00098
    -0.00070    -0.00069     1.00000
           0           1           5           1
     1.53392     2.07585     8.66553
    -0.92067     0.39033    -0.00038
    -0.39033    -0.92067    -0.00091
    -0.00070    -0.00069     1.00000
           0           1           5           2
     1.53793     2.07975     2.97354
    -0.92067     0.39033    -0.00038
    -0.39033    -0.92067    -0.00091
    -0.00070    -0.00069     1.00000
           0           1           5           3
     1.54194     2.08365    -2.71847
    -0.92067     0.39033    -0.00038
    -0.39033    -0.92067    -0.00091
    -0.00070    -0.00069     1.00000
           0           1           5           4
     1.54595     2.08755    -8.41046
    -0.92067     0.39033    -0.00038
    -0.39033    -0.92067    -0.00091
    -0.00070    -0.00069     1.00000
           0           1           6           1
    -1.53204     2.08723    -8.54826
     0.92058     0.39054     0.00182
     0.39054    -0.92059     0.00007
     0.00170     0.00065    -1.00000
           0           1           6           2
    -1.54174     2.08352    -2.85627
     0.92058     0.39054     0.00182
     0.39054    -0.92059     0.00007
     0.00170     0.00065    -1.00000
           0           1           6           3
    -1.55144     2.07982     2.83572
     0.92058     0.39054     0.00182
     0.39054    -0.92059     0.00007
     0.00170     0.00065    -1.00000
           0           1           6           4
    -1.56115     2.07612     8.52771
     0.92058     0.39054     0.00182
     0.39054    -0.92059     0.00007
     0.00170     0.00065    -1.00000
           0           1           7           1
    -2.32053     1.17536    -8.55124
     0.64690     0.76257     0.00160
     0.76257    -0.64690     0.00088
     0.00170     0.00065    -1.00000
           0           1           7           2
    -2.33023     1.17166    -2.85925
     0.64690     0.76257     0.00160
     0.76257    -0.64690     0.00088
     0.00170     0.00065    -1.00000
           0           1           7           3
    -2.33993     1.16795     2.83274
     0.64690     0.76257     0.00160
     0.76257    -0.64690     0.00088
     0.00170     0.00065    -1.00000
           0           1           7           4
    -2.34963     1.16425     8.52473
     0.64690     0.76257     0.00160
     0.76257    -0.64690     0.00088
     0.00170     0.00065    -1.00000
           0           1           8           1
    -2.62717     0.01022    -8.55203
     0.23523     0.97194     0.00103
     0.97194    -0.23523     0.00150
     0.00170     0.00065    -1.00000
           0           1           8           2
    -2.63687     0.00652    -2.86003
     0.23523     0.97194     0.00103
     0.97194    -0.23523     0.00150
     0.00170     0.00065    -1.00000
           0           1           8           3
    -2.64657     0.00281     2.83196
     0.23523     0.97194     0.00103
     0.97194    -0.23523     0.00150
     0.00170     0.00065    -1.00000
           0           1           8           4
    -2.65627    -0.00089     8.52395
     0.23523     0.97194     0.00103
     0.97194    -0.23523     0.00150
     0.00170     0.00065    -1.00000
           0           1           9           1
    -2.35398    -1.17122    -8.53866
    -0.22660     0.97399     0.00025
     0.97399     0.22660     0.00181
     0.00170     0.00065    -1.00000
           0           1           9           2
    -2.36368    -1.17492    -2.84667
    -0.22660     0.97399     0.00025
     0.97399     0.22660     0.00181
     0.00170     0.00065    -1.00000
           0           1           9           3
    -2.37338    -1.17862     2.84532
    -0.22660     0.97399     0.00025
     0.97399     0.22660     0.00181
     0.00170     0.00065    -1.00000
           0           1           9           4
    -2.38308    -1.18233     8.53731
    -0.22660     0.97399     0.00025
     0.97399     0.22660     0.00181
     0.00170     0.00065    -1.00000
           0           1          10           1
    -1.61005    -2.12463    -8.53891
    -0.64008     0.76831    -0.00059
     0.76831     0.64008     0.00173
     0.00170     0.00065    -1.00000
           0           1          10           2
    -1.61975    -2.12833    -2.84692
    -0.64008     0.76831    -0.00059
     0.76831     0.64008     0.00173
     0.00170     0.00065    -1.00000
           0           1          10           3
    -1.62945    -2.13203     2.84507
    -0.64008     0.76831    -0.00059
     0.76831     0.64008     0.00173
     0.00170     0.00065    -1.00000
           0           1          10           4
    -1.63915    -2.13573     8.53706
    -0.64008     0.76831    -0.00059
     0.76831     0.64008     0.00173
     0.00170     0.00065    -1.00000
           0           2           1           1
     2.52120    -4.56592     8.67429
     0.74549     0.66652     0.00098
    -0.66652     0.74549     0.00004
    -0.00070    -0.00069     1.00000
           0           2           1           2
     2.52520    -4.56202     2.98230
     0.74549     0.66652     0.00098
    -0.66652     0.74549     0.00004
    -0.00070    -0.00069     1.00000
           0           2           1           3
     2.52921    -4.55811    -2.70969
     0.74549     0.66652     0.00098
    -0.66652     0.74549     0.00004
    -0.00070    -0.00069     1.00000
           0           2           1           4
     2.53322    -4.55421    -8.40170
     0.74549     0.66652     0.00098
    -0.66652     0.74549     0.00004
    -0.00070    -0.00069     1.00000
           0           2           2           1
     3.51413    -3.85265     8.67524
     0.56749     0.82338     0.00096
    -0.82338     0.56749    -0.00019
    -0.00070    -0.00069     1.00000
           0           2           2           2
     3.51813    -3.84875     2.98324
     0.56749     0.82338     0.00096
    -0.82338     0.56749    -0.00019
    -0.00070    -0.00069     1.00000
           0           2           2           3
     3.52214    -3.84484    -2.70875
     0.56749     0.82338     0.00096
    -0.82338     0.56749    -0.00019
    -0.00070    -0.00069     1.00000
           0           2           2           4
     3.52615    -3.84094    -8.40075
     0.56749     0.82338     0.00096
    -0.82338     0.56749    -0.00019
    -0.00070    -0.00069     1.00000
           0           2           3           1
     4.29887    -2.91164     8.66568
     0.35754     0.93390     0.00089
    -0.93390     0.35754    -0.00041
    -0.00070    -0.00069     1.00000
           0           2           3           2
     4.30288    -2.90774     2.97368
     0.35754     0.93390     0.00089
    -0.93390     0.35754    -0.00041
    -0.00070    -0.00069     1.00000
           0           2           3           3
     4.30689    -2.90384    -2.71832
     0.35754     0.93390     0.00089
    -0.93390     0.35754    -0.00041
    -0.00070    -0.00069     1.00000
           0           2           3           4
     4.31090    -2.89994    -8.41031
     0.35754     0.93390     0.00089
    -0.93390     0.35754    -0.00041
    -0.00070    -0.00069     1.00000
           0           2           4           1
     4.84719    -1.81555     8.67060
     0.12747     0.99184     0.00077
    -0.99184     0.12747    -0.00061
    -0.00070    -0.00069     1.00000
           0           2           4           2
     4.85120    -1.81165     2.97861
     0.12747     0.99184     0.00077
    -0.99184     0.12747    -0.00061
    -0.00070    -0.00069     1.00000
           0           2           4           3
     4.85521    -1.80775    -2.71339
     0.12747     0.99184     0.00077
    -0.99184     0.12747    -0.00061
    -0.00070    -0.00069     1.00000
           0           2           4           4
     4.85921    -1.80385    -8.40539
     0.12747     0.99184     0.00077
    -0.99184     0.12747    -0.00061
    -0.00070    -0.00069     1.00000
           0           2           5           1
     5.15312    -0.62658     8.67522
    -0.10979     0.99395     0.00060
    -0.99395    -0.10979    -0.00078
    -0.00070    -0.00069     1.00000
           0           2           5           2
     5.15712    -0.62268     2.98323
    -0.10979     0.99395     0.00060
    -0.99395    -0.10979    -0.00078
    -0.00070    -0.00069     1.00000
           0           2           5           3
     5.16113    -0.61878    -2.70877
    -0.10979     0.99395     0.00060
    -0.99395    -0.10979    -0.00078
    -0.00070    -0.00069     1.00000
           0           2           5           4
     5.16514    -0.61488    -8.40078
    -0.10979     0.99395     0.00060
    -0.99395    -0.10979    -0.00078
    -0.00070    -0.00069     1.00000
           0           2           6           1
     5.10746     0.58956     8.66052
    -0.34086     0.94011     0.00040
    -0.94011    -0.34086    -0.00090
    -0.00070    -0.00069     1.00000
           0           2           6           2
     5.11146     0.59346     2.96852
    -0.34086     0.94011     0.00040
    -0.94011    -0.34086    -0.00090
    -0.00070    -0.00069     1.00000
           0           2           6           3
     5.11547     0.59736    -2.72348
    -0.34086     0.94011     0.00040
    -0.94011    -0.34086    -0.00090
    -0.00070    -0.00069     1.00000
           0           2           6           4
     5.11948     0.60126    -8.41548
    -0.34086     0.94011     0.00040
    -0.94011    -0.34086    -0.00090
    -0.00070    -0.00069     1.00000
           0           2           7           1
     4.88299     1.80409     8.67826
    -0.55274     0.83335     0.00018
    -0.83335    -0.55274    -0.00097
    -0.00070    -0.00069     1.00000
           0           2           7           2
     4.88700     1.80799     2.98626
    -0.55274     0.83335     0.00018
    -0.83335    -0.55274    -0.00097
    -0.00070    -0.00069     1.00000
           0           2           7           3
     4.89101     1.81190    -2.70573
    -0.55274     0.83335     0.00018
    -0.83335    -0.55274    -0.00097
    -0.00070    -0.00069     1.00000
           0           2           7           4
     4.89502     1.81580    -8.39773
    -0.55274     0.83335     0.00018
    -0.83335    -0.55274    -0.00097
    -0.00070    -0.00069     1.00000
           0           2           8           1
     4.31552     2.88886     8.67656
    -0.73351     0.67968    -0.00005
    -0.67968    -0.73351    -0.00098
    -0.00070    -0.00069     1.00000
           0           2           8           2
     4.31953     2.89276     2.98457
    -0.73351     0.67968    -0.00005
    -0.67968    -0.73351    -0.00098
    -0.00070    -0.00069     1.00000
           0           2           8           3
     4.32354     2.89666    -2.70743
    -0.73351     0.67968    -0.00005
    -0.67968    -0.73351    -0.00098
    -0.00070    -0.00069     1.00000
           0           2           8           4
     4.32755     2.90056    -8.39943
    -0.73351     0.67968    -0.00005
    -0.67968    -0.73351    -0.00098
    -0.00070    -0.00069     1.00000
           0           2           9           1
     3.48133     3.79198     8.66099
    -0.87299     0.48774    -0.00028
    -0.48774    -0.87299    -0.00094
    -0.00070    -0.00069     1.00000
           0           2           9           2
     3.48533     3.79588     2.96899
    -0.87299     0.48774    -0.00028
    -0.48774    -0.87299    -0.00094
    -0.00070    -0.00069     1.00000
           0           2           9           3
     3.48934     3.79978    -2.72301
    -0.87299     0.48774    -0.00028
    -0.48774    -0.87299    -0.00094
    -0.00070    -0.00069     1.00000
           0           2           9           4
     3.49335     3.80368    -8.41501
    -0.87299     0.48774    -0.00028
    -0.48774    -0.87299    -0.00094
    -0.00070    -0.00069     1.00000
           0           2          10           1
     2.48490     4.50281     8.67000
    -0.96332     0.26835    -0.00049
    -0.26835    -0.96332    -0.00085
    -0.00070    -0.00069     1.00000
           0           2          10           2
     2.48891     4.50671     2.97800
    -0.96332     0.26835    -0.00049
    -0.26835    -0.96332    -0.00085
    -0.00070    -0.00069     1.00000
           0           2          10           3
     2.49291     4.51061    -2.71399
    -0.96332     0.26835    -0.00049
    -0.26835    -0.96332    -0.00085
    -0.00070    -0.00069     1.00000
           0           2          10           4
     2.49692     4.51451    -8.40599
    -0.96332     0.26835    -0.00049
    -0.26835    -0.96332    -0.00085
    -0.00070    -0.00069     1.00000
           0           2          11           1
    -2.46502     4.51730    -8.56579
     0.96365     0.26717     0.00182
     0.26717    -0.96365    -0.00017
     0.00170     0.00065    -1.00000
           0           2          11           2
    -2.47472     4.51360    -2.87380
     0.96365     0.26717     0.00182
     0.26717    -0.96365    -0.00017
     0.00170     0.00065    -1.00000
           0           2          11           3
    -2.48443     4.50989     2.81818
     0.96365     0.26717     0.00182
     0.26717    -0.96365    -0.00017
     0.00170     0.00065    -1.00000
           0           2          11           4
    -2.49413     4.50619     8.51018
     0.96365     0.26717     0.00182
     0.26717    -0.96365    -0.00017
     0.00170     0.00065    -1.00000
           0           2          12           1
    -3.49658     3.84254    -8.55728
     0.87359     0.48667     0.00181
     0.48667    -0.87359     0.00026
     0.00170     0.00065    -1.00000
           0           2          12           2
    -3.50628     3.83884    -2.86528
     0.87359     0.48667     0.00181
     0.48667    -0.87359     0.00026
     0.00170     0.00065    -1.00000
           0           2          12           3
    -3.51598     3.83514     2.82671
     0.87359     0.48667     0.00181
     0.48667    -0.87359     0.00026
     0.00170     0.00065    -1.00000
           0           2          12           4
    -3.52568     3.83144     8.51870
     0.87359     0.48667     0.00181
     0.48667    -0.87359     0.00026
     0.00170     0.00065    -1.00000
           0           2          13           1
    -4.28514     2.90090    -8.56199
     0.73434     0.67878     0.00169
     0.67878    -0.73434     0.00068
     0.00170     0.00065    -1.00000
           0           2          13           2
    -4.29484     2.89720    -2.87000
     0.73434     0.67878     0.00169
     0.67878    -0.73434     0.00068
     0.00170     0.00065    -1.00000
           0           2          13           3
    -4.30454     2.89350     2.82199
     0.73434     0.67878     0.00169
     0.67878    -0.73434     0.00068
     0.00170     0.00065    -1.00000
           0           2          13           4
    -4.31425     2.88980     8.51398
     0.73434     0.67878     0.00169
     0.67878    -0.73434     0.00068
     0.00170     0.00065    -1.00000
           0           2          14           1
    -4.83268     1.80642    -8.56882
     0.55376     0.83268     0.00149
     0.83268    -0.55376     0.00106
     0.00170     0.00065    -1.00000
           0           2          14           2
    -4.84238     1.80271    -2.87683
     0.55376     0.83268     0.00149
     0.83268    -0.55376     0.00106
     0.00170     0.00065    -1.00000
           0           2          14           3
    -4.85208     1.79901     2.81516
     0.55376     0.83268     0.00149
     0.83268    -0.55376     0.00106
     0.00170     0.00065    -1.00000
           0           2          14           4
    -4.86179     1.79531     8.50715
     0.55376     0.83268     0.00149
     0.83268    -0.55376     0.00106
     0.00170     0.00065    -1.00000
           0           2          15           1
    -5.17257     0.62740    -8.56018
     0.34200     0.93970     0.00119
     0.93970    -0.34200     0.00138
     0.00170     0.00065    -1.00000
           0           2          15           2
    -5.18227     0.62370    -2.86819
     0.34200     0.93970     0.00119
     0.93970    -0.34200     0.00138
     0.00170     0.00065    -1.00000
           0           2          15           3
    -5.19197     0.62000     2.82380
     0.34200     0.93970     0.00119
     0.93970    -0.34200     0.00138
     0.00170     0.00065    -1.00000
           0           2          15           4
    -5.20167     0.61630     8.51579
     0.34200     0.93970     0.00119
     0.93970    -0.34200     0.00138
     0.00170     0.00065    -1.00000
           0           2          16           1
    -5.15104    -0.59890    -8.55489
     0.11100     0.99382     0.00084
     0.99382    -0.11100     0.00162
     0.00170     0.00065    -1.00000
           0           2          16           2
    -5.16075    -0.60261    -2.86290
     0.11100     0.99382     0.00084
     0.99382    -0.11100     0.00162
     0.00170     0.00065    -1.00000
           0           2          16           3
    -5.17045    -0.60631     2.82909
     0.11100     0.99382     0.00084
     0.99382    -0.11100     0.00162
     0.00170     0.00065    -1.00000
           0           2          16           4
    -5.18015    -0.61001     8.52108
     0.11100     0.99382     0.00084
     0.99382    -0.11100     0.00162
     0.00170     0.00065    -1.00000
           0           2          17           1
    -4.85391    -1.78947    -8.55662
    -0.12626     0.99200     0.00043
     0.99200     0.12626     0.00177
     0.00170     0.00065    -1.00000
           0           2          17           2
    -4.86361    -1.79317    -2.86463
    -0.12626     0.99200     0.00043
     0.99200     0.12626     0.00177
     0.00170     0.00065    -1.00000
           0           2          17           3
    -4.87331    -1.79688     2.82736
    -0.12626     0.99200     0.00043
     0.99200     0.12626     0.00177
     0.00170     0.00065    -1.00000
           0           2          17           4
    -4.88302    -1.80058     8.51935
    -0.12626     0.99200     0.00043
     0.99200     0.12626     0.00177
     0.00170     0.00065    -1.00000
           0           2          18           1
    -4.31441    -2.89068    -8.55955
    -0.35640     0.93433     0.00000
     0.93433     0.35640     0.00182
     0.00170     0.00065    -1.00000
           0           2          18           2
    -4.32411    -2.89438    -2.86756
    -0.35640     0.93433     0.00000
     0.93433     0.35640     0.00182
     0.00170     0.00065    -1.00000
           0           2          18           3
    -4.33380    -2.89808     2.82443
    -0.35640     0.93433     0.00000
     0.93433     0.35640     0.00182
     0.00170     0.00065    -1.00000
           0           2          18           4
    -4.34350    -2.90178     8.51642
    -0.35640     0.93433     0.00000
     0.93433     0.35640     0.00182
     0.00170     0.00065    -1.00000
           0           2          19           1
    -3.53397    -3.83736    -8.55347
    -0.56648     0.82407    -0.00043
     0.82407     0.56648     0.00177
     0.00170     0.00065    -1.00000
           0           2          19           2
    -3.54368    -3.84107    -2.86148
    -0.56648     0.82407    -0.00043
     0.82407     0.56648     0.00177
     0.00170     0.00065    -1.00000
           0           2          19           3
    -3.55338    -3.84477     2.83051
    -0.56648     0.82407    -0.00043
     0.82407     0.56648     0.00177
     0.00170     0.00065    -1.00000
           0           2          19           4
    -3.56308    -3.84847     8.52250
    -0.56648     0.82407    -0.00043
     0.82407     0.56648     0.00177
     0.00170     0.00065    -1.00000
           0           2          20           1
    -2.55187    -4.56633    -8.55179
    -0.74467     0.66743    -0.00084
     0.66743     0.74467     0.00162
     0.00170     0.00065    -1.00000
           0           2          20           2
    -2.56157    -4.57004    -2.85980
    -0.74467     0.66743    -0.00084
     0.66743     0.74467     0.00162
     0.00170     0.00065    -1.00000
           0           2          20           3
    -2.57127    -4.57374     2.83219
    -0.74467     0.66743    -0.00084
     0.66743     0.74467     0.00162
     0.00170     0.00065    -1.00000
           0           2          20           4
    -2.58097    -4.57744     8.52418
    -0.74467     0.66743    -0.00084
     0.66743     0.74467     0.00162
     0.00170     0.00065    -1.00000
           0           3           1           1
     5.66192   -10.34958    12.83938
    -0.87812    -0.47845    -0.00095
    -0.47845     0.87812     0.00026
     0.00070     0.00069    -1.00000
           0           3           1           2
     5.66641   -10.34521     6.46398
    -0.87812    -0.47845    -0.00095
    -0.47845     0.87812     0.00026
     0.00070     0.00069    -1.00000
           0           3           1           3
     5.67090   -10.34084     0.08859
    -0.87812    -0.47845    -0.00095
    -0.47845     0.87812     0.00026
     0.00070     0.00069    -1.00000
           0           3           1           4
     5.67539   -10.33647    -6.28681
    -0.87812    -0.47845    -0.00095
    -0.47845     0.87812     0.00026
     0.00070     0.00069    -1.00000
           0           3           1           5
     5.67988   -10.33210   -12.66221
    -0.87812    -0.47845    -0.00095
    -0.47845     0.87812     0.00026
     0.00070     0.00069    -1.00000
           0           3           2           1
     7.55675    -7.14913    12.83273
    -0.68680    -0.72685    -0.00098
    -0.72685     0.68680    -0.00004
     0.00070     0.00069    -1.00000
           0           3           2           2
     7.56124    -7.14476     6.45733
    -0.68680    -0.72685    -0.00098
    -0.72685     0.68680    -0.00004
     0.00070     0.00069    -1.00000
           0           3           2           3
     7.56573    -7.14040     0.08194
    -0.68680    -0.72685    -0.00098
    -0.72685     0.68680    -0.00004
     0.00070     0.00069    -1.00000
           0           3           2           4
     7.57022    -7.13603    -6.29346
    -0.68680    -0.72685    -0.00098
    -0.72685     0.68680    -0.00004
     0.00070     0.00069    -1.00000
           0           3           2           5
     7.57471    -7.13166   -12.66886
    -0.68680    -0.72685    -0.00098
    -0.72685     0.68680    -0.00004
     0.00070     0.00069    -1.00000
           0           3           3           1
    11.51745    -5.67682    12.83345
    -0.44175    -0.89714    -0.00093
    -0.89714     0.44175    -0.00033
     0.00070     0.00069    -1.00000
           0           3           3           2
    11.52194    -5.67245     6.45805
    -0.44175    -0.89714    -0.00093
    -0.89714     0.44175    -0.00033
     0.00070     0.00069    -1.00000
           0           3           3           3
    11.52642    -5.66808     0.08265
    -0.44175    -0.89714    -0.00093
    -0.89714     0.44175    -0.00033
     0.00070     0.00069    -1.00000
           0           3           3           4
    11.53091    -5.66371    -6.29274
    -0.44175    -0.89714    -0.00093
    -0.89714     0.44175    -0.00033
     0.00070     0.00069    -1.00000
           0           3           3           5
    11.53540    -5.65935   -12.66814
    -0.44175    -0.89714    -0.00093
    -0.89714     0.44175    -0.00033
     0.00070     0.00069    -1.00000
           0           3           4           1
    11.53686    -2.07330    12.86174
    -0.17633    -0.98433    -0.00080
    -0.98433     0.17633    -0.00057
     0.00070     0.00069    -1.00000
           0           3           4           2
    11.54135    -2.06893     6.48633
    -0.17633    -0.98433    -0.00080
    -0.98433     0.17633    -0.00057
     0.00070     0.00069    -1.00000
           0           3           4           3
    11.54584    -2.06456     0.11094
    -0.17633    -0.98433    -0.00080
    -0.98433     0.17633    -0.00057
     0.00070     0.00069    -1.00000
           0           3           4           4
    11.55033    -2.06019    -6.26446
    -0.17633    -0.98433    -0.00080
    -0.98433     0.17633    -0.00057
     0.00070     0.00069    -1.00000
           0           3           4           5
    11.55482    -2.05582   -12.63986
    -0.17633    -0.98433    -0.00080
    -0.98433     0.17633    -0.00057
     0.00070     0.00069    -1.00000
           0           3           5           1
    10.15442     1.39013    12.83316
     0.13715    -0.99055    -0.00058
    -0.99055    -0.13715    -0.00079
     0.00070     0.00069    -1.00000
           0           3           5           2
    10.15891     1.39450     6.45776
     0.13715    -0.99055    -0.00058
    -0.99055    -0.13715    -0.00079
     0.00070     0.00069    -1.00000
           0           3           5           3
    10.16340     1.39887     0.08237
     0.13715    -0.99055    -0.00058
    -0.99055    -0.13715    -0.00079
     0.00070     0.00069    -1.00000
           0           3           5           4
    10.16789     1.40324    -6.29303
     0.13715    -0.99055    -0.00058
    -0.99055    -0.13715    -0.00079
     0.00070     0.00069    -1.00000
           0           3           5           5
    10.17238     1.40761   -12.66843
     0.13715    -0.99055    -0.00058
    -0.99055    -0.13715    -0.00079
     0.00070     0.00069    -1.00000
           0           3           6           1
    11.72122     5.46341    12.88704
     0.42332    -0.90598    -0.00032
    -0.90598    -0.42332    -0.00093
     0.00070     0.00069    -1.00000
           0           3           6           2
    11.72571     5.46778     6.51164
     0.42332    -0.90598    -0.00032
    -0.90598    -0.42332    -0.00093
     0.00070     0.00069    -1.00000
           0           3           6           3
    11.73020     5.47215     0.13624
     0.42332    -0.90598    -0.00032
    -0.90598    -0.42332    -0.00093
     0.00070     0.00069    -1.00000
           0           3           6           4
    11.73469     5.47652    -6.23916
     0.42332    -0.90598    -0.00032
    -0.90598    -0.42332    -0.00093
     0.00070     0.00069    -1.00000
           0           3           6           5
    11.73918     5.48089   -12.61455
     0.42332    -0.90598    -0.00032
    -0.90598    -0.42332    -0.00093
     0.00070     0.00069    -1.00000
           0           3           7           1
     8.86117     7.69166    12.85664
     0.65743    -0.75352    -0.00005
    -0.75352    -0.65743    -0.00098
     0.00070     0.00069    -1.00000
           0           3           7           2
     8.86566     7.69603     6.48124
     0.65743    -0.75352    -0.00005
    -0.75352    -0.65743    -0.00098
     0.00070     0.00069    -1.00000
           0           3           7           3
     8.87015     7.70040     0.10583
     0.65743    -0.75352    -0.00005
    -0.75352    -0.65743    -0.00098
     0.00070     0.00069    -1.00000
           0           3           7           4
     8.87464     7.70477    -6.26956
     0.65743    -0.75352    -0.00005
    -0.75352    -0.65743    -0.00098
     0.00070     0.00069    -1.00000
           0           3           7           5
     8.87913     7.70914   -12.64495
     0.65743    -0.75352    -0.00005
    -0.75352    -0.65743    -0.00098
     0.00070     0.00069    -1.00000
           0           3           8           1
     5.32991     8.88252    12.84992
     0.85845    -0.51289     0.00025
    -0.51289    -0.85845    -0.00095
     0.00070     0.00069    -1.00000
           0           3           8           2
     5.33440     8.88689     6.47452
     0.85845    -0.51289     0.00025
    -0.51289    -0.85845    -0.00095
     0.00070     0.00069    -1.00000
           0           3           8           3
     5.33888     8.89126     0.09912
     0.85845    -0.51289     0.00025
    -0.51289    -0.85845    -0.00095
     0.00070     0.00069    -1.00000
           0           3           8           4
     5.34337     8.89562    -6.27627
     0.85845    -0.51289     0.00025
    -0.51289    -0.85845    -0.00095
     0.00070     0.00069    -1.00000
           0           3           8           5
     5.34786     8.89999   -12.65167
     0.85845    -0.51289     0.00025
    -0.51289    -0.85845    -0.00095
     0.00070     0.00069    -1.00000
           0           3           9           1
    -5.30758     8.91545   -12.81679
    -0.85805    -0.51356    -0.00180
     0.51356    -0.85805     0.00032
    -0.00170    -0.00065     1.00000
           0           3           9           2
    -5.31845     8.91130    -6.44140
    -0.85805    -0.51356    -0.00180
     0.51356    -0.85805     0.00032
    -0.00170    -0.00065     1.00000
           0           3           9           3
    -5.32931     8.90716    -0.06601
    -0.85805    -0.51356    -0.00180
     0.51356    -0.85805     0.00032
    -0.00170    -0.00065     1.00000
           0           3           9           4
    -5.34018     8.90301     6.30938
    -0.85805    -0.51356    -0.00180
     0.51356    -0.85805     0.00032
    -0.00170    -0.00065     1.00000
           0           3           9           5
    -5.35105     8.89887    12.68477
    -0.85805    -0.51356    -0.00180
     0.51356    -0.85805     0.00032
    -0.00170    -0.00065     1.00000
           0           3          10           1
    -8.84089     7.74590   -12.78690
    -0.65691    -0.75397    -0.00161
     0.75397    -0.65691     0.00086
    -0.00170    -0.00065     1.00000
           0           3          10           2
    -8.85175     7.74176    -6.41151
    -0.65691    -0.75397    -0.00161
     0.75397    -0.65691     0.00086
    -0.00170    -0.00065     1.00000
           0           3          10           3
    -8.86262     7.73761    -0.03612
    -0.65691    -0.75397    -0.00161
     0.75397    -0.65691     0.00086
    -0.00170    -0.00065     1.00000
           0           3          10           4
    -8.87349     7.73347     6.33926
    -0.65691    -0.75397    -0.00161
     0.75397    -0.65691     0.00086
    -0.00170    -0.00065     1.00000
           0           3          10           5
    -8.88435     7.72932    12.71465
    -0.65691    -0.75397    -0.00161
     0.75397    -0.65691     0.00086
    -0.00170    -0.00065     1.00000
           0           3          11           1
   -11.61523     5.46096   -12.80296
    -0.42275    -0.90625    -0.00131
     0.90625    -0.42275     0.00127
    -0.00170    -0.00065     1.00000
           0           3          11           2
   -11.62610     5.45682    -6.42757
    -0.42275    -0.90625    -0.00131
     0.90625    -0.42275     0.00127
    -0.00170    -0.00065     1.00000
           0           3          11           3
   -11.63697     5.45267    -0.05218
    -0.42275    -0.90625    -0.00131
     0.90625    -0.42275     0.00127
    -0.00170    -0.00065     1.00000
           0           3          11           4
   -11.64783     5.44853     6.32321
    -0.42275    -0.90625    -0.00131
     0.90625    -0.42275     0.00127
    -0.00170    -0.00065     1.00000
           0           3          11           5
   -11.65870     5.44438    12.69860
    -0.42275    -0.90625    -0.00131
     0.90625    -0.42275     0.00127
    -0.00170    -0.00065     1.00000
           0           3          12           1
   -10.26204     1.44128   -12.78889
    -0.13638    -0.99066    -0.00088
     0.99066    -0.13638     0.00160
    -0.00170    -0.00065     1.00000
           0           3          12           2
   -10.27290     1.43714    -6.41350
    -0.13638    -0.99066    -0.00088
     0.99066    -0.13638     0.00160
    -0.00170    -0.00065     1.00000
           0           3          12           3
   -10.28377     1.43299    -0.03811
    -0.13638    -0.99066    -0.00088
     0.99066    -0.13638     0.00160
    -0.00170    -0.00065     1.00000
           0           3          12           4
   -10.29464     1.42885     6.33728
    -0.13638    -0.99066    -0.00088
     0.99066    -0.13638     0.00160
    -0.00170    -0.00065     1.00000
           0           3          12           5
   -10.30550     1.42470    12.71267
    -0.13638    -0.99066    -0.00088
     0.99066    -0.13638     0.00160
    -0.00170    -0.00065     1.00000
           0           3          13           1
   -11.48461    -2.01866   -12.79710
     0.17701    -0.98421    -0.00034
     0.98421     0.17701     0.00179
    -0.00170    -0.00065     1.00000
           0           3          13           2
   -11.49548    -2.02281    -6.42171
     0.17701    -0.98421    -0.00034
     0.98421     0.17701     0.00179
    -0.00170    -0.00065     1.00000
           0           3          13           3
   -11.50635    -2.02695    -0.04632
     0.17701    -0.98421    -0.00034
     0.98421     0.17701     0.00179
    -0.00170    -0.00065     1.00000
           0           3          13           4
   -11.51721    -2.03110     6.32907
     0.17701    -0.98421    -0.00034
     0.98421     0.17701     0.00179
    -0.00170    -0.00065     1.00000
           0           3          13           5
   -11.52808    -2.03525    12.70446
     0.17701    -0.98421    -0.00034
     0.98421     0.17701     0.00179
    -0.00170    -0.00065     1.00000
           0           3          14           1
   -11.51980    -5.63874   -12.82593
     0.44231    -0.89686     0.00017
     0.89686     0.44231     0.00182
    -0.00170    -0.00065     1.00000
           0           3          14           2
   -11.53067    -5.64288    -6.45054
     0.44231    -0.89686     0.00017
     0.89686     0.44231     0.00182
    -0.00170    -0.00065     1.00000
           0           3          14           3
   -11.54154    -5.64703    -0.07515
     0.44231    -0.89686     0.00017
     0.89686     0.44231     0.00182
    -0.00170    -0.00065     1.00000
           0           3          14           4
   -11.55240    -5.65117     6.30024
     0.44231    -0.89686     0.00017
     0.89686     0.44231     0.00182
    -0.00170    -0.00065     1.00000
           0           3          14           5
   -11.56327    -5.65532    12.67562
     0.44231    -0.89686     0.00017
     0.89686     0.44231     0.00182
    -0.00170    -0.00065     1.00000
           0           3          15           1
    -7.50929    -7.07432   -12.79932
     0.68736    -0.72631     0.00070
     0.72631     0.68736     0.00168
    -0.00170    -0.00065     1.00000
           0           3          15           2
    -7.52016    -7.07846    -6.42393
     0.68736    -0.72631     0.00070
     0.72631     0.68736     0.00168
    -0.00170    -0.00065     1.00000
           0           3          15           3
    -7.53103    -7.08261    -0.04854
     0.68736    -0.72631     0.00070
     0.72631     0.68736     0.00168
    -0.00170    -0.00065     1.00000
           0           3          15           4
    -7.54189    -7.08676     6.32685
     0.68736    -0.72631     0.00070
     0.72631     0.68736     0.00168
    -0.00170    -0.00065     1.00000
           0           3          15           5
    -7.55276    -7.09090    12.70224
     0.68736    -0.72631     0.00070
     0.72631     0.68736     0.00168
    -0.00170    -0.00065     1.00000
           0           3          16           1
    -5.70592   -10.36519   -12.79359
     0.87845    -0.47784     0.00119
     0.47784     0.87845     0.00139
    -0.00170    -0.00065     1.00000
           0           3          16           2
    -5.71679   -10.36934    -6.41820
     0.87845    -0.47784     0.00119
     0.47784     0.87845     0.00139
    -0.00170    -0.00065     1.00000
           0           3          16           3
