 SVX cage parameters:
     2.20000
     0.50000     0.20000
     0.00000
           6
   -40.00000   -26.50000   -26.50000    26.50000    26.50000    40.00000
    53.00000    53.00000    22.14782    22.14782    53.00000    53.00000
     0.00000     0.00000     0.00000
 SVX barrel parameters:
           4
     2.63000     5.19260    11.76500    16.68700     1.14100
     0.00000     0.00000     0.00000     0.00000
           4           4           5           6
     0.69600     0.69600     1.74500     1.74500
     0.01000     0.01000     0.03125     0.03125
     2.83600     2.83600     3.18770     3.18770
     0.01900     0.01900     0.00000     0.00000
     0.02000     0.02000     0.00000     0.00000
    26.70000    13.62600    17.00000    12.00000
   -13.00000   -12.98000     0.00000     0.00000
           2
           5           5
     0.00000   180.00000
           2
          10          10
     0.00000   180.00000
           2
           8           8
     0.00000   180.00000
           2
          12          12
     0.00000   180.00000
 SVX barrel sensor rotation matrices and translation vectors:
           0           1           1           1
     1.59024    -2.13780     8.68719
     0.63997     0.76840     0.00130
    -0.76840     0.63997    -0.00038
    -0.00112    -0.00075     1.00000
           0           1           1           2
     1.59661    -2.13351     2.99520
     0.63997     0.76840     0.00130
    -0.76840     0.63997    -0.00038
    -0.00112    -0.00075     1.00000
           0           1           1           3
     1.60299    -2.12921    -2.69681
     0.63997     0.76840     0.00130
    -0.76840     0.63997    -0.00038
    -0.00112    -0.00075     1.00000
           0           1           1           4
     1.60937    -2.12492    -8.38881
     0.63997     0.76840     0.00130
    -0.76840     0.63997    -0.00038
    -0.00112    -0.00075     1.00000
           0           1           2           1
     2.36402    -1.19930     8.68860
     0.22688     0.97392     0.00099
    -0.97392     0.22688    -0.00092
    -0.00112    -0.00075     1.00000
           0           1           2           2
     2.37039    -1.19501     2.99662
     0.22688     0.97392     0.00099
    -0.97392     0.22688    -0.00092
    -0.00112    -0.00075     1.00000
           0           1           2           3
     2.37677    -1.19071    -2.69539
     0.22688     0.97392     0.00099
    -0.97392     0.22688    -0.00092
    -0.00112    -0.00075     1.00000
           0           1           2           4
     2.38315    -1.18642    -8.38738
     0.22688     0.97392     0.00099
    -0.97392     0.22688    -0.00092
    -0.00112    -0.00075     1.00000
           0           1           3           1
     2.62493    -0.01147     8.68239
    -0.23474     0.97206     0.00047
    -0.97206    -0.23474    -0.00127
    -0.00112    -0.00075     1.00000
           0           1           3           2
     2.63131    -0.00717     2.99041
    -0.23474     0.97206     0.00047
    -0.97206    -0.23474    -0.00127
    -0.00112    -0.00075     1.00000
           0           1           3           3
     2.63769    -0.00288    -2.70160
    -0.23474     0.97206     0.00047
    -0.97206    -0.23474    -0.00127
    -0.00112    -0.00075     1.00000
           0           1           3           4
     2.64407     0.00141    -8.39359
    -0.23474     0.97206     0.00047
    -0.97206    -0.23474    -0.00127
    -0.00112    -0.00075     1.00000
           0           1           4           1
     2.33721     1.17407     8.68873
    -0.64729     0.76225    -0.00015
    -0.76225    -0.64729    -0.00134
    -0.00112    -0.00075     1.00000
           0           1           4           2
     2.34358     1.17836     2.99675
    -0.64729     0.76225    -0.00015
    -0.76225    -0.64729    -0.00134
    -0.00112    -0.00075     1.00000
           0           1           4           3
     2.34996     1.18266    -2.69526
    -0.64729     0.76225    -0.00015
    -0.76225    -0.64729    -0.00134
    -0.00112    -0.00075     1.00000
           0           1           4           4
     2.35634     1.18695    -8.38725
    -0.64729     0.76225    -0.00015
    -0.76225    -0.64729    -0.00134
    -0.00112    -0.00075     1.00000
           0           1           5           1
     1.53621     2.08549     8.67539
    -0.92080     0.39003    -0.00074
    -0.39003    -0.92080    -0.00113
    -0.00112    -0.00075     1.00000
           0           1           5           2
     1.54259     2.08978     2.98341
    -0.92080     0.39003    -0.00074
    -0.39003    -0.92080    -0.00113
    -0.00112    -0.00075     1.00000
           0           1           5           3
     1.54897     2.09408    -2.70860
    -0.92080     0.39003    -0.00074
    -0.39003    -0.92080    -0.00113
    -0.00112    -0.00075     1.00000
           0           1           5           4
     1.55534     2.09837    -8.40059
    -0.92080     0.39003    -0.00074
    -0.39003    -0.92080    -0.00113
    -0.00112    -0.00075     1.00000
           0           1           6           1
    -1.54154     2.08071    -8.53345
     0.92082     0.39000    -0.00002
     0.39000    -0.92082    -0.00077
    -0.00032     0.00070    -1.00000
           0           1           6           2
    -1.53970     2.07672    -2.84145
     0.92082     0.39000    -0.00002
     0.39000    -0.92082    -0.00077
    -0.00032     0.00070    -1.00000
           0           1           6           3
    -1.53786     2.07272     2.85054
     0.92082     0.39000    -0.00002
     0.39000    -0.92082    -0.00077
    -0.00032     0.00070    -1.00000
           0           1           6           4
    -1.53601     2.06872     8.54254
     0.92082     0.39000    -0.00002
     0.39000    -0.92082    -0.00077
    -0.00032     0.00070    -1.00000
           0           1           7           1
    -2.32062     1.16765    -8.53388
     0.64709     0.76241     0.00033
     0.76241    -0.64709    -0.00070
    -0.00032     0.00070    -1.00000
           0           1           7           2
    -2.31878     1.16366    -2.84188
     0.64709     0.76241     0.00033
     0.76241    -0.64709    -0.00070
    -0.00032     0.00070    -1.00000
           0           1           7           3
    -2.31694     1.15966     2.85012
     0.64709     0.76241     0.00033
     0.76241    -0.64709    -0.00070
    -0.00032     0.00070    -1.00000
           0           1           7           4
    -2.31509     1.15566     8.54211
     0.64709     0.76241     0.00033
     0.76241    -0.64709    -0.00070
    -0.00032     0.00070    -1.00000
           0           1           8           1
    -2.62098     0.01034    -8.54800
     0.23515     0.97196     0.00061
     0.97196    -0.23515    -0.00048
    -0.00032     0.00070    -1.00000
           0           1           8           2
    -2.61914     0.00635    -2.85600
     0.23515     0.97196     0.00061
     0.97196    -0.23515    -0.00048
    -0.00032     0.00070    -1.00000
           0           1           8           3
    -2.61729     0.00235     2.83600
     0.23515     0.97196     0.00061
     0.97196    -0.23515    -0.00048
    -0.00032     0.00070    -1.00000
           0           1           8           4
    -2.61545    -0.00165     8.52800
     0.23515     0.97196     0.00061
     0.97196    -0.23515    -0.00048
    -0.00032     0.00070    -1.00000
           0           1           9           1
    -2.36006    -1.16537    -8.53214
    -0.22662     0.97398     0.00076
     0.97398     0.22662    -0.00016
    -0.00032     0.00070    -1.00000
           0           1           9           2
    -2.35822    -1.16936    -2.84014
    -0.22662     0.97398     0.00076
     0.97398     0.22662    -0.00016
    -0.00032     0.00070    -1.00000
           0           1           9           3
    -2.35638    -1.17336     2.85186
    -0.22662     0.97398     0.00076
     0.97398     0.22662    -0.00016
    -0.00032     0.00070    -1.00000
           0           1           9           4
    -2.35453    -1.17736     8.54386
    -0.22662     0.97398     0.00076
     0.97398     0.22662    -0.00016
    -0.00032     0.00070    -1.00000
           0           1          10           1
    -1.61235    -2.10810    -8.53161
    -0.64099     0.76755     0.00075
     0.76755     0.64099     0.00020
    -0.00032     0.00070    -1.00000
           0           1          10           2
    -1.61051    -2.11210    -2.83961
    -0.64099     0.76755     0.00075
     0.76755     0.64099     0.00020
    -0.00032     0.00070    -1.00000
           0           1          10           3
    -1.60867    -2.11609     2.85239
    -0.64099     0.76755     0.00075
     0.76755     0.64099     0.00020
    -0.00032     0.00070    -1.00000
           0           1          10           4
    -1.60682    -2.12009     8.54438
    -0.64099     0.76755     0.00075
     0.76755     0.64099     0.00020
    -0.00032     0.00070    -1.00000
           0           2           1           1
     2.52470    -4.57620     8.68192
     0.74595     0.66600     0.00134
    -0.66600     0.74595    -0.00018
    -0.00112    -0.00075     1.00000
           0           2           1           2
     2.53108    -4.57190     2.98993
     0.74595     0.66600     0.00134
    -0.66600     0.74595    -0.00018
    -0.00112    -0.00075     1.00000
           0           2           1           3
     2.53746    -4.56761    -2.70206
     0.74595     0.66600     0.00134
    -0.66600     0.74595    -0.00018
    -0.00112    -0.00075     1.00000
           0           2           1           4
     2.54384    -4.56332    -8.39407
     0.74595     0.66600     0.00134
    -0.66600     0.74595    -0.00018
    -0.00112    -0.00075     1.00000
           0           2           2           1
     3.52581    -3.86971     8.68983
     0.56810     0.82296     0.00126
    -0.82296     0.56810    -0.00049
    -0.00112    -0.00075     1.00000
           0           2           2           2
     3.53218    -3.86542     2.99783
     0.56810     0.82296     0.00126
    -0.82296     0.56810    -0.00049
    -0.00112    -0.00075     1.00000
           0           2           2           3
     3.53856    -3.86113    -2.69416
     0.56810     0.82296     0.00126
    -0.82296     0.56810    -0.00049
    -0.00112    -0.00075     1.00000
           0           2           2           4
     3.54494    -3.85683    -8.38616
     0.56810     0.82296     0.00126
    -0.82296     0.56810    -0.00049
    -0.00112    -0.00075     1.00000
           0           2           3           1
     4.33278    -2.93817     8.67784
     0.35828     0.93361     0.00111
    -0.93361     0.35828    -0.00078
    -0.00112    -0.00075     1.00000
           0           2           3           2
     4.33916    -2.93388     2.98583
     0.35828     0.93361     0.00111
    -0.93361     0.35828    -0.00078
    -0.00112    -0.00075     1.00000
           0           2           3           3
     4.34554    -2.92959    -2.70616
     0.35828     0.93361     0.00111
    -0.93361     0.35828    -0.00078
    -0.00112    -0.00075     1.00000
           0           2           3           4
     4.35191    -2.92529    -8.39816
     0.35828     0.93361     0.00111
    -0.93361     0.35828    -0.00078
    -0.00112    -0.00075     1.00000
           0           2           4           1
     4.89178    -1.83796     8.68040
     0.12899     0.99165     0.00089
    -0.99165     0.12899    -0.00101
    -0.00112    -0.00075     1.00000
           0           2           4           2
     4.89815    -1.83367     2.98841
     0.12899     0.99165     0.00089
    -0.99165     0.12899    -0.00101
    -0.00112    -0.00075     1.00000
           0           2           4           3
     4.90453    -1.82938    -2.70359
     0.12899     0.99165     0.00089
    -0.99165     0.12899    -0.00101
    -0.00112    -0.00075     1.00000
           0           2           4           4
     4.91091    -1.82508    -8.39558
     0.12899     0.99165     0.00089
    -0.99165     0.12899    -0.00101
    -0.00112    -0.00075     1.00000
           0           2           5           1
     5.18386    -0.63436     8.67719
    -0.10860     0.99409     0.00063
    -0.99408    -0.10860    -0.00120
    -0.00112    -0.00075     1.00000
           0           2           5           2
     5.19024    -0.63007     2.98519
    -0.10860     0.99409     0.00063
    -0.99408    -0.10860    -0.00120
    -0.00112    -0.00075     1.00000
           0           2           5           3
     5.19662    -0.62577    -2.70680
    -0.10860     0.99409     0.00063
    -0.99408    -0.10860    -0.00120
    -0.00112    -0.00075     1.00000
           0           2           5           4
     5.20299    -0.62148    -8.39881
    -0.10860     0.99409     0.00063
    -0.99408    -0.10860    -0.00120
    -0.00112    -0.00075     1.00000
           0           2           6           1
     5.16603     0.59252     8.66136
    -0.33960     0.94057     0.00033
    -0.94057    -0.33960    -0.00131
    -0.00112    -0.00075     1.00000
           0           2           6           2
     5.17241     0.59681     2.96937
    -0.33960     0.94057     0.00033
    -0.94057    -0.33960    -0.00131
    -0.00112    -0.00075     1.00000
           0           2           6           3
     5.17878     0.60111    -2.72263
    -0.33960     0.94057     0.00033
    -0.94057    -0.33960    -0.00131
    -0.00112    -0.00075     1.00000
           0           2           6           4
     5.18516     0.60540    -8.41462
    -0.33960     0.94057     0.00033
    -0.94057    -0.33960    -0.00131
    -0.00112    -0.00075     1.00000
           0           2           7           1
     4.89060     1.80839     8.68303
    -0.55210     0.83378     0.00001
    -0.83378    -0.55210    -0.00135
    -0.00112    -0.00075     1.00000
           0           2           7           2
     4.89698     1.81269     2.99104
    -0.55210     0.83378     0.00001
    -0.83378    -0.55210    -0.00135
    -0.00112    -0.00075     1.00000
           0           2           7           3
     4.90336     1.81698    -2.70096
    -0.55210     0.83378     0.00001
    -0.83378    -0.55210    -0.00135
    -0.00112    -0.00075     1.00000
           0           2           7           4
     4.90974     1.82128    -8.39295
    -0.55210     0.83378     0.00001
    -0.83378    -0.55210    -0.00135
    -0.00112    -0.00075     1.00000
           0           2           8           1
     4.31729     2.89055     8.68080
    -0.73322     0.67999    -0.00031
    -0.67999    -0.73322    -0.00132
    -0.00112    -0.00075     1.00000
           0           2           8           2
     4.32366     2.89484     2.98880
    -0.73322     0.67999    -0.00031
    -0.67999    -0.73322    -0.00132
    -0.00112    -0.00075     1.00000
           0           2           8           3
     4.33004     2.89913    -2.70319
    -0.73322     0.67999    -0.00031
    -0.67999    -0.73322    -0.00132
    -0.00112    -0.00075     1.00000
           0           2           8           4
     4.33642     2.90343    -8.39519
    -0.73322     0.67999    -0.00031
    -0.67999    -0.73322    -0.00132
    -0.00112    -0.00075     1.00000
           0           2           9           1
     3.50560     3.82036     8.67002
    -0.87287     0.48795    -0.00061
    -0.48795    -0.87287    -0.00121
    -0.00112    -0.00075     1.00000
           0           2           9           2
     3.51198     3.82466     2.97802
    -0.87287     0.48795    -0.00061
    -0.48795    -0.87287    -0.00121
    -0.00112    -0.00075     1.00000
           0           2           9           3
     3.51835     3.82895    -2.71397
    -0.87287     0.48795    -0.00061
    -0.48795    -0.87287    -0.00121
    -0.00112    -0.00075     1.00000
           0           2           9           4
     3.52473     3.83325    -8.40597
    -0.87287     0.48795    -0.00061
    -0.48795    -0.87287    -0.00121
    -0.00112    -0.00075     1.00000
           0           2          10           1
     2.49377     4.51183     8.68283
    -0.96307     0.26924    -0.00088
    -0.26924    -0.96307    -0.00103
    -0.00112    -0.00075     1.00000
           0           2          10           2
     2.50015     4.51613     2.99083
    -0.96307     0.26924    -0.00088
    -0.26924    -0.96307    -0.00103
    -0.00112    -0.00075     1.00000
           0           2          10           3
     2.50653     4.52042    -2.70116
    -0.96307     0.26924    -0.00088
    -0.26924    -0.96307    -0.00103
    -0.00112    -0.00075     1.00000
           0           2          10           4
     2.51291     4.52471    -8.39316
    -0.96307     0.26924    -0.00088
    -0.26924    -0.96307    -0.00103
    -0.00112    -0.00075     1.00000
           0           2          11           1
    -2.48473     4.52430    -8.54210
     0.96362     0.26727    -0.00012
     0.26727    -0.96362    -0.00076
    -0.00032     0.00070    -1.00000
           0           2          11           2
    -2.48288     4.52030    -2.85010
     0.96362     0.26727    -0.00012
     0.26727    -0.96362    -0.00076
    -0.00032     0.00070    -1.00000
           0           2          11           3
    -2.48104     4.51631     2.84189
     0.96362     0.26727    -0.00012
     0.26727    -0.96362    -0.00076
    -0.00032     0.00070    -1.00000
           0           2          11           4
    -2.47920     4.51231     8.53389
     0.96362     0.26727    -0.00012
     0.26727    -0.96362    -0.00076
    -0.00032     0.00070    -1.00000
           0           2          12           1
    -3.51454     3.84293    -8.54325
     0.87351     0.48681     0.00006
     0.48681    -0.87351    -0.00077
    -0.00032     0.00070    -1.00000
           0           2          12           2
    -3.51269     3.83893    -2.85126
     0.87351     0.48681     0.00006
     0.48681    -0.87351    -0.00077
    -0.00032     0.00070    -1.00000
           0           2          12           3
    -3.51085     3.83494     2.84074
     0.87351     0.48681     0.00006
     0.48681    -0.87351    -0.00077
    -0.00032     0.00070    -1.00000
           0           2          12           4
    -3.50901     3.83094     8.53274
     0.87351     0.48681     0.00006
     0.48681    -0.87351    -0.00077
    -0.00032     0.00070    -1.00000
           0           2          13           1
    -4.28759     2.89226    -8.54741
     0.73441     0.67870     0.00024
     0.67870    -0.73441    -0.00074
    -0.00032     0.00070    -1.00000
           0           2          13           2
    -4.28575     2.88826    -2.85541
     0.73441     0.67870     0.00024
     0.67870    -0.73441    -0.00074
    -0.00032     0.00070    -1.00000
           0           2          13           3
    -4.28390     2.88426     2.83658
     0.73441     0.67870     0.00024
     0.67870    -0.73441    -0.00074
    -0.00032     0.00070    -1.00000
           0           2          13           4
    -4.28206     2.88026     8.52858
     0.73441     0.67870     0.00024
     0.67870    -0.73441    -0.00074
    -0.00032     0.00070    -1.00000
           0           2          14           1
    -4.85108     1.80533    -8.54570
     0.55348     0.83286     0.00041
     0.83286    -0.55348    -0.00066
    -0.00032     0.00070    -1.00000
           0           2          14           2
    -4.84923     1.80134    -2.85371
     0.55348     0.83286     0.00041
     0.83286    -0.55348    -0.00066
    -0.00032     0.00070    -1.00000
           0           2          14           3
    -4.84739     1.79734     2.83829
     0.55348     0.83286     0.00041
     0.83286    -0.55348    -0.00066
    -0.00032     0.00070    -1.00000
           0           2          14           4
    -4.84555     1.79334     8.53029
     0.55348     0.83286     0.00041
     0.83286    -0.55348    -0.00066
    -0.00032     0.00070    -1.00000
           0           2          15           1
    -5.14656     0.62389    -8.54831
     0.34221     0.93962     0.00055
     0.93962    -0.34221    -0.00054
    -0.00032     0.00070    -1.00000
           0           2          15           2
    -5.14471     0.61989    -2.85631
     0.34221     0.93962     0.00055
     0.93962    -0.34221    -0.00054
    -0.00032     0.00070    -1.00000
           0           2          15           3
    -5.14287     0.61589     2.83569
     0.34221     0.93962     0.00055
     0.93962    -0.34221    -0.00054
    -0.00032     0.00070    -1.00000
           0           2          15           4
    -5.14103     0.61189     8.52769
     0.34221     0.93962     0.00055
     0.93962    -0.34221    -0.00054
    -0.00032     0.00070    -1.00000
           0           2          16           1
    -5.15861    -0.59903    -8.54268
     0.11040     0.99389     0.00066
     0.99389    -0.11040    -0.00040
    -0.00032     0.00070    -1.00000
           0           2          16           2
    -5.15676    -0.60303    -2.85068
     0.11040     0.99389     0.00066
     0.99389    -0.11040    -0.00040
    -0.00032     0.00070    -1.00000
           0           2          16           3
    -5.15492    -0.60702     2.84131
     0.11040     0.99389     0.00066
     0.99389    -0.11040    -0.00040
    -0.00032     0.00070    -1.00000
           0           2          16           4
    -5.15308    -0.61102     8.53331
     0.11040     0.99389     0.00066
     0.99389    -0.11040    -0.00040
    -0.00032     0.00070    -1.00000
           0           2          17           1
    -4.87959    -1.79046    -8.54517
    -0.12623     0.99200     0.00074
     0.99200     0.12623    -0.00023
    -0.00032     0.00070    -1.00000
           0           2          17           2
    -4.87774    -1.79446    -2.85317
    -0.12623     0.99200     0.00074
     0.99200     0.12623    -0.00023
    -0.00032     0.00070    -1.00000
           0           2          17           3
    -4.87590    -1.79845     2.83883
    -0.12623     0.99200     0.00074
     0.99200     0.12623    -0.00023
    -0.00032     0.00070    -1.00000
           0           2          17           4
    -4.87406    -1.80245     8.53082
    -0.12623     0.99200     0.00074
     0.99200     0.12623    -0.00023
    -0.00032     0.00070    -1.00000
           0           2          18           1
    -4.32804    -2.88726    -8.54756
    -0.35647     0.93431     0.00077
     0.93431     0.35647    -0.00005
    -0.00032     0.00070    -1.00000
           0           2          18           2
    -4.32620    -2.89125    -2.85556
    -0.35647     0.93431     0.00077
     0.93431     0.35647    -0.00005
    -0.00032     0.00070    -1.00000
           0           2          18           3
    -4.32434    -2.89525     2.83644
    -0.35647     0.93431     0.00077
     0.93431     0.35647    -0.00005
    -0.00032     0.00070    -1.00000
           0           2          18           4
    -4.32250    -2.89925     8.52844
    -0.35647     0.93431     0.00077
     0.93431     0.35647    -0.00005
    -0.00032     0.00070    -1.00000
           0           2          19           1
    -3.53758    -3.82200    -8.54129
    -0.56674     0.82390     0.00076
     0.82390     0.56674     0.00013
    -0.00032     0.00070    -1.00000
           0           2          19           2
    -3.53573    -3.82600    -2.84929
    -0.56674     0.82390     0.00076
     0.82390     0.56674     0.00013
    -0.00032     0.00070    -1.00000
           0           2          19           3
    -3.53389    -3.83000     2.84271
    -0.56674     0.82390     0.00076
     0.82390     0.56674     0.00013
    -0.00032     0.00070    -1.00000
           0           2          19           4
    -3.53205    -3.83399     8.53470
    -0.56674     0.82390     0.00076
     0.82390     0.56674     0.00013
    -0.00032     0.00070    -1.00000
           0           2          20           1
    -2.55799    -4.54838    -8.54185
    -0.74539     0.66662     0.00071
     0.66662     0.74539     0.00031
    -0.00032     0.00070    -1.00000
           0           2          20           2
    -2.55614    -4.55238    -2.84985
    -0.74539     0.66662     0.00071
     0.66662     0.74539     0.00031
    -0.00032     0.00070    -1.00000
           0           2          20           3
    -2.55430    -4.55638     2.84215
    -0.74539     0.66662     0.00071
     0.66662     0.74539     0.00031
    -0.00032     0.00070    -1.00000
           0           2          20           4
    -2.55246    -4.56037     8.53415
    -0.74539     0.66662     0.00071
     0.66662     0.74539     0.00031
    -0.00032     0.00070    -1.00000
           0           3           1           1
     5.65812   -10.34859    12.84365
    -0.87813    -0.47842    -0.00134
    -0.47842     0.87813     0.00013
     0.00112     0.00075    -1.00000
           0           3           1           2
     5.66527   -10.34378     6.46825
    -0.87813    -0.47842    -0.00134
    -0.47842     0.87813     0.00013
     0.00112     0.00075    -1.00000
           0           3           1           3
     5.67241   -10.33897     0.09286
    -0.87813    -0.47842    -0.00134
    -0.47842     0.87813     0.00013
     0.00112     0.00075    -1.00000
           0           3           1           4
     5.67955   -10.33416    -6.28254
    -0.87813    -0.47842    -0.00134
    -0.47842     0.87813     0.00013
     0.00112     0.00075    -1.00000
           0           3           1           5
     5.68670   -10.32935   -12.65793
    -0.87813    -0.47842    -0.00134
    -0.47842     0.87813     0.00013
     0.00112     0.00075    -1.00000
           0           3           2           1
     7.57601    -7.17290    12.83926
    -0.68670    -0.72694    -0.00132
    -0.72694     0.68670    -0.00030
     0.00112     0.00075    -1.00000
           0           3           2           2
     7.58315    -7.16809     6.46387
    -0.68670    -0.72694    -0.00132
    -0.72694     0.68670    -0.00030
     0.00112     0.00075    -1.00000
           0           3           2           3
     7.59030    -7.16328     0.08847
    -0.68670    -0.72694    -0.00132
    -0.72694     0.68670    -0.00030
     0.00112     0.00075    -1.00000
           0           3           2           4
     7.59744    -7.15847    -6.28692
    -0.68670    -0.72694    -0.00132
    -0.72694     0.68670    -0.00030
     0.00112     0.00075    -1.00000
           0           3           2           5
     7.60458    -7.15366   -12.66232
    -0.68670    -0.72694    -0.00132
    -0.72694     0.68670    -0.00030
     0.00112     0.00075    -1.00000
           0           3           3           1
    11.52652    -5.68664    12.84437
    -0.44196    -0.89704    -0.00117
    -0.89704     0.44196    -0.00067
     0.00112     0.00075    -1.00000
           0           3           3           2
    11.53367    -5.68183     6.46897
    -0.44196    -0.89704    -0.00117
    -0.89704     0.44196    -0.00067
     0.00112     0.00075    -1.00000
           0           3           3           3
    11.54080    -5.67702     0.09358
    -0.44196    -0.89704    -0.00117
    -0.89704     0.44196    -0.00067
     0.00112     0.00075    -1.00000
           0           3           3           4
    11.54795    -5.67221    -6.28182
    -0.44196    -0.89704    -0.00117
    -0.89704     0.44196    -0.00067
     0.00112     0.00075    -1.00000
           0           3           3           5
    11.55509    -5.66740   -12.65721
    -0.44196    -0.89704    -0.00117
    -0.89704     0.44196    -0.00067
     0.00112     0.00075    -1.00000
           0           3           4           1
    11.57667    -2.08911    12.85636
    -0.17684    -0.98424    -0.00094
    -0.98424     0.17684    -0.00097
     0.00112     0.00075    -1.00000
           0           3           4           2
    11.58382    -2.08430     6.48095
    -0.17684    -0.98424    -0.00094
    -0.98424     0.17684    -0.00097
     0.00112     0.00075    -1.00000
           0           3           4           3
    11.59096    -2.07949     0.10556
    -0.17684    -0.98424    -0.00094
    -0.98424     0.17684    -0.00097
     0.00112     0.00075    -1.00000
           0           3           4           4
    11.59810    -2.07468    -6.26983
    -0.17684    -0.98424    -0.00094
    -0.98424     0.17684    -0.00097
     0.00112     0.00075    -1.00000
           0           3           4           5
    11.60525    -2.06987   -12.64523
    -0.17684    -0.98424    -0.00094
    -0.98424     0.17684    -0.00097
     0.00112     0.00075    -1.00000
           0           3           5           1
    10.16067     1.38752    12.82555
     0.13669    -0.99061    -0.00059
    -0.99061    -0.13669    -0.00121
     0.00112     0.00075    -1.00000
           0           3           5           2
    10.16781     1.39233     6.45016
     0.13669    -0.99061    -0.00059
    -0.99061    -0.13669    -0.00121
     0.00112     0.00075    -1.00000
           0           3           5           3
    10.17495     1.39714     0.07477
     0.13669    -0.99061    -0.00059
    -0.99061    -0.13669    -0.00121
     0.00112     0.00075    -1.00000
           0           3           5           4
    10.18210     1.40195    -6.30063
     0.13669    -0.99061    -0.00059
    -0.99061    -0.13669    -0.00121
     0.00112     0.00075    -1.00000
           0           3           5           5
    10.18924     1.40676   -12.67602
     0.13669    -0.99061    -0.00059
    -0.99061    -0.13669    -0.00121
     0.00112     0.00075    -1.00000
           0           3           6           1
    11.68588     5.45461    12.88804
     0.42358    -0.90586    -0.00021
    -0.90586    -0.42358    -0.00133
     0.00112     0.00075    -1.00000
           0           3           6           2
    11.69302     5.45942     6.51265
     0.42358    -0.90586    -0.00021
    -0.90586    -0.42358    -0.00133
     0.00112     0.00075    -1.00000
           0           3           6           3
    11.70016     5.46423     0.13725
     0.42358    -0.90586    -0.00021
    -0.90586    -0.42358    -0.00133
     0.00112     0.00075    -1.00000
           0           3           6           4
    11.70731     5.46904    -6.23814
     0.42358    -0.90586    -0.00021
    -0.90586    -0.42358    -0.00133
     0.00112     0.00075    -1.00000
           0           3           6           5
    11.71445     5.47385   -12.61354
     0.42358    -0.90586    -0.00021
    -0.90586    -0.42358    -0.00133
     0.00112     0.00075    -1.00000
           0           3           7           1
     8.86814     7.70436    12.86989
     0.65780    -0.75319     0.00017
    -0.75319    -0.65780    -0.00134
     0.00112     0.00075    -1.00000
           0           3           7           2
     8.87528     7.70917     6.49450
     0.65780    -0.75319     0.00017
    -0.75319    -0.65780    -0.00134
     0.00112     0.00075    -1.00000
           0           3           7           3
     8.88242     7.71398     0.11909
     0.65780    -0.75319     0.00017
    -0.75319    -0.65780    -0.00134
     0.00112     0.00075    -1.00000
           0           3           7           4
     8.88957     7.71879    -6.25630
     0.65780    -0.75319     0.00017
    -0.75319    -0.65780    -0.00134
     0.00112     0.00075    -1.00000
           0           3           7           5
     8.89671     7.72360   -12.63169
     0.65780    -0.75319     0.00017
    -0.75319    -0.65780    -0.00134
     0.00112     0.00075    -1.00000
           0           3           8           1
     5.30919     8.85233    12.85332
     0.85837    -0.51303     0.00057
    -0.51303    -0.85837    -0.00122
     0.00112     0.00075    -1.00000
           0           3           8           2
     5.31633     8.85714     6.47792
     0.85837    -0.51303     0.00057
    -0.51303    -0.85837    -0.00122
     0.00112     0.00075    -1.00000
           0           3           8           3
     5.32348     8.86195     0.10253
     0.85837    -0.51303     0.00057
    -0.51303    -0.85837    -0.00122
     0.00112     0.00075    -1.00000
           0           3           8           4
     5.33062     8.86676    -6.27286
     0.85837    -0.51303     0.00057
    -0.51303    -0.85837    -0.00122
     0.00112     0.00075    -1.00000
           0           3           8           5
     5.33777     8.87157   -12.64826
     0.85837    -0.51303     0.00057
    -0.51303    -0.85837    -0.00122
     0.00112     0.00075    -1.00000
           0           3           9           1
    -5.31158     8.88461   -12.77149
    -0.85798    -0.51368    -0.00008
     0.51368    -0.85798    -0.00077
     0.00032    -0.00070     1.00000
           0           3           9           2
    -5.30951     8.88014    -6.39610
    -0.85798    -0.51368    -0.00008
     0.51368    -0.85798    -0.00077
     0.00032    -0.00070     1.00000
           0           3           9           3
    -5.30745     8.87566    -0.02069
    -0.85798    -0.51368    -0.00008
     0.51368    -0.85798    -0.00077
     0.00032    -0.00070     1.00000
           0           3           9           4
    -5.30538     8.87118     6.35471
    -0.85798    -0.51368    -0.00008
     0.51368    -0.85798    -0.00077
     0.00032    -0.00070     1.00000
           0           3           9           5
    -5.30332     8.86670    12.73011
    -0.85798    -0.51368    -0.00008
     0.51368    -0.85798    -0.00077
     0.00032    -0.00070     1.00000
           0           3          10           1
    -8.82853     7.72041   -12.76324
    -0.65685    -0.75402    -0.00032
     0.75402    -0.65685    -0.00071
     0.00032    -0.00070     1.00000
           0           3          10           2
    -8.82647     7.71593    -6.38784
    -0.65685    -0.75402    -0.00032
     0.75402    -0.65685    -0.00071
     0.00032    -0.00070     1.00000
           0           3          10           3
    -8.82440     7.71145    -0.01245
    -0.65685    -0.75402    -0.00032
     0.75402    -0.65685    -0.00071
     0.00032    -0.00070     1.00000
           0           3          10           4
    -8.82234     7.70697     6.36295
    -0.65685    -0.75402    -0.00032
     0.75402    -0.65685    -0.00071
     0.00032    -0.00070     1.00000
           0           3          10           5
    -8.82028     7.70250    12.73835
    -0.65685    -0.75402    -0.00032
     0.75402    -0.65685    -0.00071
     0.00032    -0.00070     1.00000
           0           3          11           1
   -11.60577     5.44213   -12.77437
    -0.42253    -0.90635    -0.00050
     0.90635    -0.42253    -0.00059
     0.00032    -0.00070     1.00000
           0           3          11           2
   -11.60370     5.43765    -6.39897
    -0.42253    -0.90635    -0.00050
     0.90635    -0.42253    -0.00059
     0.00032    -0.00070     1.00000
           0           3          11           3
   -11.60164     5.43317    -0.02358
    -0.42253    -0.90635    -0.00050
     0.90635    -0.42253    -0.00059
     0.00032    -0.00070     1.00000
           0           3          11           4
   -11.59957     5.42869     6.35182
    -0.42253    -0.90635    -0.00050
     0.90635    -0.42253    -0.00059
     0.00032    -0.00070     1.00000
           0           3          11           5
   -11.59751     5.42421    12.72722
    -0.42253    -0.90635    -0.00050
     0.90635    -0.42253    -0.00059
     0.00032    -0.00070     1.00000
           0           3          12           1
   -10.25258     1.43721   -12.76077
    -0.13623    -0.99068    -0.00065
     0.99068    -0.13623    -0.00042
     0.00032    -0.00070     1.00000
           0           3          12           2
   -10.25052     1.43273    -6.38538
    -0.13623    -0.99068    -0.00065
     0.99068    -0.13623    -0.00042
     0.00032    -0.00070     1.00000
           0           3          12           3
   -10.24845     1.42825    -0.00998
    -0.13623    -0.99068    -0.00065
     0.99068    -0.13623    -0.00042
     0.00032    -0.00070     1.00000
           0           3          12           4
   -10.24639     1.42377     6.36542
    -0.13623    -0.99068    -0.00065
     0.99068    -0.13623    -0.00042
     0.00032    -0.00070     1.00000
           0           3          12           5
   -10.24432     1.41929    12.74082
    -0.13623    -0.99068    -0.00065
     0.99068    -0.13623    -0.00042
     0.00032    -0.00070     1.00000
           0           3          13           1
   -11.52021    -2.01980   -12.77465
     0.17745    -0.98413    -0.00075
     0.98413     0.17745    -0.00019
     0.00032    -0.00070     1.00000
           0           3          13           2
   -11.51814    -2.02427    -6.39925
     0.17745    -0.98413    -0.00075
     0.98413     0.17745    -0.00019
     0.00032    -0.00070     1.00000
           0           3          13           3
   -11.51608    -2.02875    -0.02386
     0.17745    -0.98413    -0.00075
     0.98413     0.17745    -0.00019
     0.00032    -0.00070     1.00000
           0           3          13           4
   -11.51401    -2.03323     6.35154
     0.17745    -0.98413    -0.00075
     0.98413     0.17745    -0.00019
     0.00032    -0.00070     1.00000
           0           3          13           5
   -11.51195    -2.03771    12.72694
     0.17745    -0.98413    -0.00075
     0.98413     0.17745    -0.00019
     0.00032    -0.00070     1.00000
           0           3          14           1
   -11.51162    -5.61836   -12.80140
     0.44237    -0.89683    -0.00077
     0.89683     0.44237     0.00002
     0.00032    -0.00070     1.00000
           0           3          14           2
   -11.50955    -5.62284    -6.42600
     0.44237    -0.89683    -0.00077
     0.89683     0.44237     0.00002
     0.00032    -0.00070     1.00000
           0           3          14           3
   -11.50749    -5.62731    -0.05061
     0.44237    -0.89683    -0.00077
     0.89683     0.44237     0.00002
     0.00032    -0.00070     1.00000
           0           3          14           4
   -11.50542    -5.63179     6.32480
     0.44237    -0.89683    -0.00077
     0.89683     0.44237     0.00002
     0.00032    -0.00070     1.00000
           0           3          14           5
   -11.50336    -5.63627    12.70020
     0.44237    -0.89683    -0.00077
     0.89683     0.44237     0.00002
     0.00032    -0.00070     1.00000
           0           3          15           1
    -7.51511    -7.05534   -12.77635
     0.68754    -0.72615    -0.00073
     0.72615     0.68754     0.00025
     0.00032    -0.00070     1.00000
           0           3          15           2
    -7.51304    -7.05981    -6.40095
     0.68754    -0.72615    -0.00073
     0.72615     0.68754     0.00025
     0.00032    -0.00070     1.00000
           0           3          15           3
    -7.51098    -7.06429    -0.02555
     0.68754    -0.72615    -0.00073
     0.72615     0.68754     0.00025
     0.00032    -0.00070     1.00000
           0           3          15           4
    -7.50891    -7.06877     6.34985
     0.68754    -0.72615    -0.00073
     0.72615     0.68754     0.00025
     0.00032    -0.00070     1.00000
           0           3          15           5
    -7.50685    -7.07325    12.72525
     0.68754    -0.72615    -0.00073
     0.72615     0.68754     0.00025
     0.00032    -0.00070     1.00000
           0           3          16           1
    -5.72418   -10.32304   -12.77121
     0.87843    -0.47786    -0.00062
     0.47786     0.87843     0.00046
     0.00032    -0.00070     1.00000
           0           3          16           2
    -5.72211   -10.32752    -6.39581
     0.87843    -0.47786    -0.00062
     0.47786     0.87843     0.00046
     0.00032    -0.00070     1.00000
           0           3          16           3
