 SVX cage parameters:
     2.20000
     0.50000     0.20000
     0.00000
           6
   -40.00000   -26.50000   -26.50000    26.50000    26.50000    40.00000
    53.00000    53.00000    22.00000    22.00000    53.00000    53.00000
     0.00000     0.00000     0.00000
 SVX barrel parameters:
           4
     2.63000     5.13000    11.76500    16.68700     1.21400
     0.00000     0.00000     0.00000     0.00000
           4           4           5           6
     0.69600     0.69600     1.74500     1.74500
     0.01000     0.01000     0.03125     0.03125
     2.83600     2.83600     3.18770     3.18770
     0.01900     0.01900     0.00000     0.00000
     0.02000     0.02000     0.00000     0.00000
    26.70000    13.60000    17.00000    12.00000
   -13.00000   -13.02000     0.00000     0.00000
           2
           5           5
     0.00000   180.00000
           2
          10          10
     0.00000   180.00000
           2
           8           8
     0.00000   180.00000
           2
          12          12
     0.00000   180.00000
 SVX barrel sensor rotation matrices and translation vectors:
           0           1           1           1
     1.58604    -2.11720     8.65219
     0.63891     0.76928    -0.00000
    -0.76928     0.63891    -0.00000
    -0.00000     0.00000     1.00000
           0           1           1           2
     1.58604    -2.11720     2.96019
     0.63891     0.76928    -0.00000
    -0.76928     0.63891    -0.00000
    -0.00000     0.00000     1.00000
           0           1           1           3
     1.58604    -2.11720    -2.73181
     0.63891     0.76928    -0.00000
    -0.76928     0.63891    -0.00000
    -0.00000     0.00000     1.00000
           0           1           1           4
     1.58604    -2.11720    -8.42381
     0.63891     0.76928    -0.00000
    -0.76928     0.63891    -0.00000
    -0.00000     0.00000     1.00000
           0           1           2           1
     2.34170    -1.17512     8.64789
     0.22508     0.97434    -0.00000
    -0.97434     0.22508    -0.00000
    -0.00000     0.00000     1.00000
           0           1           2           2
     2.34170    -1.17512     2.95589
     0.22508     0.97434    -0.00000
    -0.97434     0.22508    -0.00000
    -0.00000     0.00000     1.00000
           0           1           2           3
     2.34170    -1.17512    -2.73611
     0.22508     0.97434    -0.00000
    -0.97434     0.22508    -0.00000
    -0.00000     0.00000     1.00000
           0           1           2           4
     2.34170    -1.17512    -8.42811
     0.22508     0.97434    -0.00000
    -0.97434     0.22508    -0.00000
    -0.00000     0.00000     1.00000
           0           1           3           1
     2.61485    -0.00252     8.64028
    -0.23676     0.97157     0.00000
    -0.97157    -0.23676     0.00000
     0.00000     0.00000     1.00000
           0           1           3           2
     2.61485    -0.00252     2.94828
    -0.23676     0.97157     0.00000
    -0.97157    -0.23676     0.00000
     0.00000     0.00000     1.00000
           0           1           3           3
     2.61485    -0.00252    -2.74372
    -0.23676     0.97157     0.00000
    -0.97157    -0.23676     0.00000
     0.00000     0.00000     1.00000
           0           1           3           4
     2.61485    -0.00252    -8.43572
    -0.23676     0.97157     0.00000
    -0.97157    -0.23676     0.00000
     0.00000     0.00000     1.00000
           0           1           4           1
     2.33828     1.17590     8.65886
    -0.64810     0.76155     0.00000
    -0.76155    -0.64810     0.00000
     0.00000     0.00000     1.00000
           0           1           4           2
     2.33828     1.17590     2.96687
    -0.64810     0.76155     0.00000
    -0.76155    -0.64810     0.00000
     0.00000     0.00000     1.00000
           0           1           4           3
     2.33828     1.17590    -2.72513
    -0.64810     0.76155     0.00000
    -0.76155    -0.64810     0.00000
     0.00000     0.00000     1.00000
           0           1           4           4
     2.33828     1.17590    -8.41714
    -0.64810     0.76155     0.00000
    -0.76155    -0.64810     0.00000
     0.00000     0.00000     1.00000
           0           1           5           1
     1.53119     2.07713     8.63361
    -0.92119     0.38910     0.00000
    -0.38910    -0.92119     0.00000
     0.00000     0.00000     1.00000
           0           1           5           2
     1.53119     2.07713     2.94161
    -0.92119     0.38910     0.00000
    -0.38910    -0.92119     0.00000
     0.00000     0.00000     1.00000
           0           1           5           3
     1.53119     2.07713    -2.75039
    -0.92119     0.38910     0.00000
    -0.38910    -0.92119     0.00000
     0.00000     0.00000     1.00000
           0           1           5           4
     1.53119     2.07713    -8.44239
    -0.92119     0.38910     0.00000
    -0.38910    -0.92119     0.00000
     0.00000     0.00000     1.00000
           0           1           6           1
    -1.54394     2.08309    -8.55688
     0.92082     0.38999     0.00000
     0.38999    -0.92082     0.00000
     0.00000    -0.00000    -1.00000
           0           1           6           2
    -1.54394     2.08309    -2.86488
     0.92082     0.38999     0.00000
     0.38999    -0.92082     0.00000
     0.00000    -0.00000    -1.00000
           0           1           6           3
    -1.54394     2.08309     2.82712
     0.92082     0.38999     0.00000
     0.38999    -0.92082     0.00000
     0.00000    -0.00000    -1.00000
           0           1           6           4
    -1.54394     2.08309     8.51912
     0.92082     0.38999     0.00000
     0.38999    -0.92082     0.00000
     0.00000    -0.00000    -1.00000
           0           1           7           1
    -2.32481     1.16684    -8.56369
     0.64737     0.76218    -0.00000
     0.76218    -0.64737    -0.00000
    -0.00000     0.00000    -1.00000
           0           1           7           2
    -2.32481     1.16684    -2.87169
     0.64737     0.76218    -0.00000
     0.76218    -0.64737    -0.00000
    -0.00000     0.00000    -1.00000
           0           1           7           3
    -2.32481     1.16684     2.82031
     0.64737     0.76218    -0.00000
     0.76218    -0.64737    -0.00000
    -0.00000     0.00000    -1.00000
           0           1           7           4
    -2.32481     1.16684     8.51231
     0.64737     0.76218    -0.00000
     0.76218    -0.64737    -0.00000
    -0.00000     0.00000    -1.00000
           0           1           8           1
    -2.63023     0.00270    -8.55903
     0.23583     0.97179    -0.00000
     0.97179    -0.23583    -0.00000
    -0.00000     0.00000    -1.00000
           0           1           8           2
    -2.63022     0.00270    -2.86703
     0.23583     0.97179    -0.00000
     0.97179    -0.23583    -0.00000
    -0.00000     0.00000    -1.00000
           0           1           8           3
    -2.63022     0.00270     2.82497
     0.23583     0.97179    -0.00000
     0.97179    -0.23583    -0.00000
    -0.00000     0.00000    -1.00000
           0           1           8           4
    -2.63022     0.00270     8.51697
     0.23583     0.97179    -0.00000
     0.97179    -0.23583    -0.00000
    -0.00000     0.00000    -1.00000
           0           1           9           1
    -2.36080    -1.17717    -8.55610
    -0.22600     0.97413    -0.00000
     0.97413     0.22600    -0.00000
    -0.00000    -0.00000    -1.00000
           0           1           9           2
    -2.36080    -1.17717    -2.86410
    -0.22600     0.97413    -0.00000
     0.97413     0.22600    -0.00000
    -0.00000    -0.00000    -1.00000
           0           1           9           3
    -2.36080    -1.17717     2.82790
    -0.22600     0.97413    -0.00000
     0.97413     0.22600    -0.00000
    -0.00000    -0.00000    -1.00000
           0           1           9           4
    -2.36080    -1.17717     8.51991
    -0.22600     0.97413    -0.00000
     0.97413     0.22600    -0.00000
    -0.00000    -0.00000    -1.00000
           0           1          10           1
    -1.60845    -2.12268    -8.56153
    -0.63961     0.76870    -0.00000
     0.76870     0.63961    -0.00000
    -0.00000    -0.00000    -1.00000
           0           1          10           2
    -1.60845    -2.12268    -2.86953
    -0.63961     0.76870    -0.00000
     0.76870     0.63961    -0.00000
    -0.00000    -0.00000    -1.00000
           0           1          10           3
    -1.60845    -2.12268     2.82247
    -0.63961     0.76870    -0.00000
     0.76870     0.63961    -0.00000
    -0.00000    -0.00000    -1.00000
           0           1          10           4
    -1.60845    -2.12268     8.51447
    -0.63961     0.76870    -0.00000
     0.76870     0.63961    -0.00000
    -0.00000    -0.00000    -1.00000
           0           2           1           1
     2.50780    -4.53676     8.62540
     0.74337     0.66888    -0.00000
    -0.66888     0.74337    -0.00000
    -0.00000     0.00000     1.00000
           0           2           1           2
     2.50780    -4.53676     2.93340
     0.74337     0.66888    -0.00000
    -0.66888     0.74337    -0.00000
    -0.00000     0.00000     1.00000
           0           2           1           3
     2.50780    -4.53676    -2.75860
     0.74337     0.66888    -0.00000
    -0.66888     0.74337    -0.00000
    -0.00000     0.00000     1.00000
           0           2           1           4
     2.50780    -4.53676    -8.45060
     0.74337     0.66888    -0.00000
    -0.66888     0.74337    -0.00000
    -0.00000     0.00000     1.00000
           0           2           2           1
     3.50198    -3.83130     8.62738
     0.56524     0.82492    -0.00000
    -0.82492     0.56524    -0.00000
    -0.00000     0.00000     1.00000
           0           2           2           2
     3.50198    -3.83130     2.93538
     0.56524     0.82492    -0.00000
    -0.82492     0.56524    -0.00000
    -0.00000     0.00000     1.00000
           0           2           2           3
     3.50198    -3.83130    -2.75662
     0.56524     0.82492    -0.00000
    -0.82492     0.56524    -0.00000
    -0.00000     0.00000     1.00000
           0           2           2           4
     3.50198    -3.83130    -8.44862
     0.56524     0.82492    -0.00000
    -0.82492     0.56524    -0.00000
    -0.00000     0.00000     1.00000
           0           2           3           1
     4.28053    -2.89038     8.62238
     0.35541     0.93471    -0.00000
    -0.93471     0.35541    -0.00000
    -0.00000     0.00000     1.00000
           0           2           3           2
     4.28053    -2.89038     2.93038
     0.35541     0.93471    -0.00000
    -0.93471     0.35541    -0.00000
    -0.00000     0.00000     1.00000
           0           2           3           3
     4.28053    -2.89038    -2.76162
     0.35541     0.93471    -0.00000
    -0.93471     0.35541    -0.00000
    -0.00000     0.00000     1.00000
           0           2           3           4
     4.28053    -2.89038    -8.45362
     0.35541     0.93471    -0.00000
    -0.93471     0.35541    -0.00000
    -0.00000     0.00000     1.00000
           0           2           4           1
     4.83282    -1.79894     8.62542
     0.12566     0.99207    -0.00000
    -0.99207     0.12566    -0.00000
    -0.00000     0.00000     1.00000
           0           2           4           2
     4.83282    -1.79894     2.93342
     0.12566     0.99207    -0.00000
    -0.99207     0.12566    -0.00000
    -0.00000     0.00000     1.00000
           0           2           4           3
     4.83282    -1.79894    -2.75858
     0.12566     0.99207    -0.00000
    -0.99207     0.12566    -0.00000
    -0.00000     0.00000     1.00000
           0           2           4           4
     4.83282    -1.79894    -8.45058
     0.12566     0.99207    -0.00000
    -0.99207     0.12566    -0.00000
    -0.00000     0.00000     1.00000
           0           2           5           1
     5.14689    -0.61845     8.62021
    -0.11115     0.99380     0.00000
    -0.99380    -0.11115     0.00000
     0.00000     0.00000     1.00000
           0           2           5           2
     5.14689    -0.61845     2.92822
    -0.11115     0.99380     0.00000
    -0.99380    -0.11115     0.00000
     0.00000     0.00000     1.00000
           0           2           5           3
     5.14689    -0.61845    -2.76378
    -0.11115     0.99380     0.00000
    -0.99380    -0.11115     0.00000
     0.00000     0.00000     1.00000
           0           2           5           4
     5.14689    -0.61845    -8.45578
    -0.11115     0.99380     0.00000
    -0.99380    -0.11115     0.00000
     0.00000     0.00000     1.00000
           0           2           6           1
     5.09632     0.59355     8.62132
    -0.34171     0.93980     0.00000
    -0.93980    -0.34171     0.00000
     0.00000     0.00000     1.00000
           0           2           6           2
     5.09632     0.59355     2.92932
    -0.34171     0.93980     0.00000
    -0.93980    -0.34171     0.00000
     0.00000     0.00000     1.00000
           0           2           6           3
     5.09632     0.59355    -2.76268
    -0.34171     0.93980     0.00000
    -0.93980    -0.34171     0.00000
     0.00000     0.00000     1.00000
           0           2           6           4
     5.09632     0.59355    -8.45468
    -0.34171     0.93980     0.00000
    -0.93980    -0.34171     0.00000
     0.00000     0.00000     1.00000
           0           2           7           1
     4.88084     1.80589     8.63227
    -0.55312     0.83310     0.00000
    -0.83310    -0.55312     0.00000
     0.00000     0.00000     1.00000
           0           2           7           2
     4.88084     1.80589     2.94027
    -0.55312     0.83310     0.00000
    -0.83310    -0.55312     0.00000
     0.00000     0.00000     1.00000
           0           2           7           3
     4.88084     1.80589    -2.75173
    -0.55312     0.83310     0.00000
    -0.83310    -0.55312     0.00000
     0.00000     0.00000     1.00000
           0           2           7           4
     4.88084     1.80589    -8.44373
    -0.55312     0.83310     0.00000
    -0.83310    -0.55312     0.00000
     0.00000     0.00000     1.00000
           0           2           8           1
     4.30032     2.87995     8.63290
    -0.73351     0.67968     0.00000
    -0.67968    -0.73351     0.00000
     0.00000     0.00000     1.00000
           0           2           8           2
     4.30032     2.87995     2.94090
    -0.73351     0.67968     0.00000
    -0.67968    -0.73351     0.00000
     0.00000     0.00000     1.00000
           0           2           8           3
     4.30032     2.87995    -2.75110
    -0.73351     0.67968     0.00000
    -0.67968    -0.73351     0.00000
     0.00000     0.00000     1.00000
           0           2           8           4
     4.30032     2.87995    -8.44310
    -0.73351     0.67968     0.00000
    -0.67968    -0.73351     0.00000
     0.00000     0.00000     1.00000
           0           2           9           1
     3.47335     3.78536     8.61704
    -0.87276     0.48814     0.00000
    -0.48814    -0.87276     0.00000
     0.00000     0.00000     1.00000
           0           2           9           2
     3.47335     3.78536     2.92504
    -0.87276     0.48814     0.00000
    -0.48814    -0.87276     0.00000
     0.00000     0.00000     1.00000
           0           2           9           3
     3.47335     3.78536    -2.76696
    -0.87276     0.48814     0.00000
    -0.48814    -0.87276     0.00000
     0.00000     0.00000     1.00000
           0           2           9           4
     3.47335     3.78536    -8.45896
    -0.87276     0.48814     0.00000
    -0.48814    -0.87276     0.00000
     0.00000     0.00000     1.00000
           0           2          10           1
     2.47440     4.48346     8.61395
    -0.96308     0.26922     0.00000
    -0.26922    -0.96308     0.00000
     0.00000     0.00000     1.00000
           0           2          10           2
     2.47440     4.48346     2.92195
    -0.96308     0.26922     0.00000
    -0.26922    -0.96308     0.00000
     0.00000     0.00000     1.00000
           0           2          10           3
     2.47440     4.48346    -2.77005
    -0.96308     0.26922     0.00000
    -0.26922    -0.96308     0.00000
     0.00000     0.00000     1.00000
           0           2          10           4
     2.47440     4.48346    -8.46205
    -0.96308     0.26922     0.00000
    -0.26922    -0.96308     0.00000
     0.00000     0.00000     1.00000
           0           2          11           1
    -2.46019     4.49302    -8.55492
     0.96341     0.26804     0.00000
     0.26804    -0.96341     0.00000
     0.00000    -0.00000    -1.00000
           0           2          11           2
    -2.46019     4.49302    -2.86292
     0.96341     0.26804     0.00000
     0.26804    -0.96341     0.00000
     0.00000    -0.00000    -1.00000
           0           2          11           3
    -2.46019     4.49302     2.82908
     0.96341     0.26804     0.00000
     0.26804    -0.96341     0.00000
     0.00000    -0.00000    -1.00000
           0           2          11           4
    -2.46019     4.49302     8.52108
     0.96341     0.26804     0.00000
     0.26804    -0.96341     0.00000
     0.00000    -0.00000    -1.00000
           0           2          12           1
    -3.45192     3.78334    -8.56012
     0.87336     0.48707     0.00000
     0.48707    -0.87336     0.00000
     0.00000    -0.00000    -1.00000
           0           2          12           2
    -3.45192     3.78334    -2.86812
     0.87336     0.48707     0.00000
     0.48707    -0.87336     0.00000
     0.00000    -0.00000    -1.00000
           0           2          12           3
    -3.45192     3.78334     2.82388
     0.87336     0.48707     0.00000
     0.48707    -0.87336     0.00000
     0.00000    -0.00000    -1.00000
           0           2          12           4
    -3.45192     3.78334     8.51588
     0.87336     0.48707     0.00000
     0.48707    -0.87336     0.00000
     0.00000    -0.00000    -1.00000
           0           2          13           1
    -4.27620     2.88725    -8.55783
     0.73434     0.67878     0.00000
     0.67878    -0.73434     0.00000
     0.00000    -0.00000    -1.00000
           0           2          13           2
    -4.27620     2.88725    -2.86583
     0.73434     0.67878     0.00000
     0.67878    -0.73434     0.00000
     0.00000    -0.00000    -1.00000
           0           2          13           3
    -4.27620     2.88725     2.82617
     0.73434     0.67878     0.00000
     0.67878    -0.73434     0.00000
     0.00000    -0.00000    -1.00000
           0           2          13           4
    -4.27620     2.88725     8.51817
     0.73434     0.67878     0.00000
     0.67878    -0.73434     0.00000
     0.00000    -0.00000    -1.00000
           0           2          14           1
    -4.82743     1.79650    -8.56444
     0.55414     0.83242    -0.00000
     0.83242    -0.55414    -0.00000
    -0.00000     0.00000    -1.00000
           0           2          14           2
    -4.82743     1.79650    -2.87244
     0.55414     0.83242    -0.00000
     0.83242    -0.55414    -0.00000
    -0.00000     0.00000    -1.00000
           0           2          14           3
    -4.82743     1.79650     2.81956
     0.55414     0.83242    -0.00000
     0.83242    -0.55414    -0.00000
    -0.00000     0.00000    -1.00000
           0           2          14           4
    -4.82743     1.79650     8.51156
     0.55414     0.83242    -0.00000
     0.83242    -0.55414    -0.00000
    -0.00000     0.00000    -1.00000
           0           2          15           1
    -5.14649     0.61636    -8.55631
     0.34286     0.93939    -0.00000
     0.93939    -0.34286    -0.00000
    -0.00000     0.00000    -1.00000
           0           2          15           2
    -5.14649     0.61636    -2.86431
     0.34286     0.93939    -0.00000
     0.93939    -0.34286    -0.00000
    -0.00000     0.00000    -1.00000
           0           2          15           3
    -5.14649     0.61636     2.82769
     0.34286     0.93939    -0.00000
     0.93939    -0.34286    -0.00000
    -0.00000     0.00000    -1.00000
           0           2          15           4
    -5.14649     0.61636     8.51969
     0.34286     0.93939    -0.00000
     0.93939    -0.34286    -0.00000
    -0.00000     0.00000    -1.00000
           0           2          16           1
    -5.14244    -0.60705    -8.55192
     0.11236     0.99367    -0.00000
     0.99367    -0.11236    -0.00000
    -0.00000     0.00000    -1.00000
           0           2          16           2
    -5.14244    -0.60705    -2.85992
     0.11236     0.99367    -0.00000
     0.99367    -0.11236    -0.00000
    -0.00000     0.00000    -1.00000
           0           2          16           3
    -5.14244    -0.60705     2.83208
     0.11236     0.99367    -0.00000
     0.99367    -0.11236    -0.00000
    -0.00000     0.00000    -1.00000
           0           2          16           4
    -5.14244    -0.60705     8.52408
     0.11236     0.99367    -0.00000
     0.99367    -0.11236    -0.00000
    -0.00000     0.00000    -1.00000
           0           2          17           1
    -4.84127    -1.79107    -8.55899
    -0.12445     0.99223    -0.00000
     0.99223     0.12445    -0.00000
    -0.00000    -0.00000    -1.00000
           0           2          17           2
    -4.84127    -1.79107    -2.86699
    -0.12445     0.99223    -0.00000
     0.99223     0.12445    -0.00000
    -0.00000    -0.00000    -1.00000
           0           2          17           3
    -4.84127    -1.79107     2.82501
    -0.12445     0.99223    -0.00000
     0.99223     0.12445    -0.00000
    -0.00000    -0.00000    -1.00000
           0           2          17           4
    -4.84127    -1.79107     8.51701
    -0.12445     0.99223    -0.00000
     0.99223     0.12445    -0.00000
    -0.00000    -0.00000    -1.00000
           0           2          18           1
    -4.30369    -2.88949    -8.56428
    -0.35427     0.93514    -0.00000
     0.93514     0.35427    -0.00000
    -0.00000    -0.00000    -1.00000
           0           2          18           2
    -4.30369    -2.88949    -2.87228
    -0.35427     0.93514    -0.00000
     0.93514     0.35427    -0.00000
    -0.00000    -0.00000    -1.00000
           0           2          18           3
    -4.30369    -2.88949     2.81972
    -0.35427     0.93514    -0.00000
     0.93514     0.35427    -0.00000
    -0.00000    -0.00000    -1.00000
           0           2          18           4
    -4.30369    -2.88949     8.51172
    -0.35427     0.93514    -0.00000
     0.93514     0.35427    -0.00000
    -0.00000    -0.00000    -1.00000
           0           2          19           1
    -3.50785    -3.81902    -8.56435
    -0.56424     0.82561    -0.00000
     0.82561     0.56424    -0.00000
    -0.00000    -0.00000    -1.00000
           0           2          19           2
    -3.50785    -3.81902    -2.87235
    -0.56424     0.82561    -0.00000
     0.82561     0.56424    -0.00000
    -0.00000    -0.00000    -1.00000
           0           2          19           3
    -3.50785    -3.81902     2.81965
    -0.56424     0.82561    -0.00000
     0.82561     0.56424    -0.00000
    -0.00000    -0.00000    -1.00000
           0           2          19           4
    -3.50785    -3.81902     8.51165
    -0.56424     0.82561    -0.00000
     0.82561     0.56424    -0.00000
    -0.00000    -0.00000    -1.00000
           0           2          20           1
    -2.52639    -4.54144    -8.56538
    -0.74255     0.66979    -0.00000
     0.66979     0.74255    -0.00000
    -0.00000    -0.00000    -1.00000
           0           2          20           2
    -2.52639    -4.54144    -2.87338
    -0.74255     0.66979    -0.00000
     0.66979     0.74255    -0.00000
    -0.00000    -0.00000    -1.00000
           0           2          20           3
    -2.52639    -4.54144     2.81862
    -0.74255     0.66979    -0.00000
     0.66979     0.74255    -0.00000
    -0.00000    -0.00000    -1.00000
           0           2          20           4
    -2.52639    -4.54144     8.51062
    -0.74255     0.66979    -0.00000
     0.66979     0.74255    -0.00000
    -0.00000    -0.00000    -1.00000
           0           3           1           1
     5.63842   -10.31974    12.76166
    -0.87815    -0.47838    -0.00000
    -0.47838     0.87815    -0.00000
     0.00000    -0.00000    -1.00000
           0           3           1           2
     5.63842   -10.31974     6.38626
    -0.87815    -0.47838    -0.00000
    -0.47838     0.87815    -0.00000
     0.00000    -0.00000    -1.00000
           0           3           1           3
     5.63842   -10.31974     0.01086
    -0.87815    -0.47838    -0.00000
    -0.47838     0.87815    -0.00000
     0.00000    -0.00000    -1.00000
           0           3           1           4
     5.63842   -10.31974    -6.36454
    -0.87815    -0.47838    -0.00000
    -0.47838     0.87815    -0.00000
     0.00000    -0.00000    -1.00000
           0           3           1           5
     5.63842   -10.31974   -12.73994
    -0.87815    -0.47838    -0.00000
    -0.47838     0.87815    -0.00000
     0.00000    -0.00000    -1.00000
           0           3           2           1
     7.54711    -7.13539    12.74890
    -0.68686    -0.72679     0.00000
    -0.72679     0.68686     0.00000
    -0.00000     0.00000    -1.00000
           0           3           2           2
     7.54711    -7.13539     6.37350
    -0.68686    -0.72679     0.00000
    -0.72679     0.68686     0.00000
    -0.00000     0.00000    -1.00000
           0           3           2           3
     7.54711    -7.13539    -0.00190
    -0.68686    -0.72679     0.00000
    -0.72679     0.68686     0.00000
    -0.00000     0.00000    -1.00000
           0           3           2           4
     7.54711    -7.13539    -6.37730
    -0.68686    -0.72679     0.00000
    -0.72679     0.68686     0.00000
    -0.00000     0.00000    -1.00000
           0           3           2           5
     7.54711    -7.13539   -12.75270
    -0.68686    -0.72679     0.00000
    -0.72679     0.68686     0.00000
    -0.00000     0.00000    -1.00000
           0           3           3           1
    11.46071    -5.63413    12.75788
    -0.44181    -0.89711     0.00000
    -0.89711     0.44181     0.00000
    -0.00000     0.00000    -1.00000
           0           3           3           2
    11.46071    -5.63413     6.38248
    -0.44181    -0.89711     0.00000
    -0.89711     0.44181     0.00000
    -0.00000     0.00000    -1.00000
           0           3           3           3
    11.46071    -5.63413     0.00708
    -0.44181    -0.89711     0.00000
    -0.89711     0.44181     0.00000
    -0.00000     0.00000    -1.00000
           0           3           3           4
    11.46071    -5.63413    -6.36832
    -0.44181    -0.89711     0.00000
    -0.89711     0.44181     0.00000
    -0.00000     0.00000    -1.00000
           0           3           3           5
    11.46071    -5.63413   -12.74372
    -0.44181    -0.89711     0.00000
    -0.89711     0.44181     0.00000
    -0.00000     0.00000    -1.00000
           0           3           4           1
    11.55658    -2.06300    12.75897
    -0.17641    -0.98432     0.00000
    -0.98432     0.17641     0.00000
    -0.00000     0.00000    -1.00000
           0           3           4           2
    11.55658    -2.06300     6.38357
    -0.17641    -0.98432     0.00000
    -0.98432     0.17641     0.00000
    -0.00000     0.00000    -1.00000
           0           3           4           3
    11.55658    -2.06300     0.00817
    -0.17641    -0.98432     0.00000
    -0.98432     0.17641     0.00000
    -0.00000     0.00000    -1.00000
           0           3           4           4
    11.55658    -2.06300    -6.36723
    -0.17641    -0.98432     0.00000
    -0.98432     0.17641     0.00000
    -0.00000     0.00000    -1.00000
           0           3           4           5
    11.55658    -2.06300   -12.74263
    -0.17641    -0.98432     0.00000
    -0.98432     0.17641     0.00000
    -0.00000     0.00000    -1.00000
           0           3           5           1
    10.15010     1.39964    12.75994
     0.13707    -0.99056     0.00000
    -0.99056    -0.13707     0.00000
    -0.00000    -0.00000    -1.00000
           0           3           5           2
    10.15010     1.39964     6.38454
     0.13707    -0.99056     0.00000
    -0.99056    -0.13707     0.00000
    -0.00000    -0.00000    -1.00000
           0           3           5           3
    10.15010     1.39964     0.00914
     0.13707    -0.99056     0.00000
    -0.99056    -0.13707     0.00000
    -0.00000    -0.00000    -1.00000
           0           3           5           4
    10.15010     1.39964    -6.36626
     0.13707    -0.99056     0.00000
    -0.99056    -0.13707     0.00000
    -0.00000    -0.00000    -1.00000
           0           3           5           5
    10.15010     1.39964   -12.74166
     0.13707    -0.99056     0.00000
    -0.99056    -0.13707     0.00000
    -0.00000    -0.00000    -1.00000
           0           3           6           1
    11.70214     5.46190    12.75598
     0.42326    -0.90601     0.00000
    -0.90601    -0.42326     0.00000
    -0.00000    -0.00000    -1.00000
           0           3           6           2
    11.70214     5.46190     6.38058
     0.42326    -0.90601     0.00000
    -0.90601    -0.42326     0.00000
    -0.00000    -0.00000    -1.00000
           0           3           6           3
    11.70214     5.46190     0.00518
     0.42326    -0.90601     0.00000
    -0.90601    -0.42326     0.00000
    -0.00000    -0.00000    -1.00000
           0           3           6           4
    11.70214     5.46190    -6.37022
     0.42326    -0.90601     0.00000
    -0.90601    -0.42326     0.00000
    -0.00000    -0.00000    -1.00000
           0           3           6           5
    11.70214     5.46190   -12.74562
     0.42326    -0.90601     0.00000
    -0.90601    -0.42326     0.00000
    -0.00000    -0.00000    -1.00000
           0           3           7           1
     8.82781     7.67546    12.75994
     0.65737    -0.75356     0.00000
    -0.75356    -0.65737     0.00000
    -0.00000    -0.00000    -1.00000
           0           3           7           2
     8.82781     7.67546     6.38454
     0.65737    -0.75356     0.00000
    -0.75356    -0.65737     0.00000
    -0.00000    -0.00000    -1.00000
           0           3           7           3
     8.82781     7.67546     0.00914
     0.65737    -0.75356     0.00000
    -0.75356    -0.65737     0.00000
    -0.00000    -0.00000    -1.00000
           0           3           7           4
     8.82781     7.67546    -6.36626
     0.65737    -0.75356     0.00000
    -0.75356    -0.65737     0.00000
    -0.00000    -0.00000    -1.00000
           0           3           7           5
     8.82781     7.67546   -12.74166
     0.65737    -0.75356     0.00000
    -0.75356    -0.65737     0.00000
    -0.00000    -0.00000    -1.00000
           0           3           8           1
     5.29976     8.85765    12.76500
     0.85841    -0.51297     0.00000
    -0.51297    -0.85841     0.00000
    -0.00000    -0.00000    -1.00000
           0           3           8           2
     5.29976     8.85765     6.38960
     0.85841    -0.51297     0.00000
    -0.51297    -0.85841     0.00000
    -0.00000    -0.00000    -1.00000
           0           3           8           3
     5.29976     8.85765     0.01420
     0.85841    -0.51297     0.00000
    -0.51297    -0.85841     0.00000
    -0.00000    -0.00000    -1.00000
           0           3           8           4
     5.29976     8.85765    -6.36120
     0.85841    -0.51297     0.00000
    -0.51297    -0.85841     0.00000
    -0.00000    -0.00000    -1.00000
           0           3           8           5
     5.29976     8.85765   -12.73660
     0.85841    -0.51297     0.00000
    -0.51297    -0.85841     0.00000
    -0.00000    -0.00000    -1.00000
           0           3           9           1
    -5.30842     8.89835   -12.75639
    -0.85817    -0.51336    -0.00000
     0.51336    -0.85817    -0.00000
     0.00000    -0.00000     1.00000
           0           3           9           2
    -5.30842     8.89835    -6.38099
    -0.85817    -0.51336    -0.00000
     0.51336    -0.85817    -0.00000
     0.00000    -0.00000     1.00000
           0           3           9           3
    -5.30842     8.89835    -0.00559
    -0.85817    -0.51336    -0.00000
     0.51336    -0.85817    -0.00000
     0.00000    -0.00000     1.00000
           0           3           9           4
    -5.30842     8.89835     6.36981
    -0.85817    -0.51336    -0.00000
     0.51336    -0.85817    -0.00000
     0.00000    -0.00000     1.00000
           0           3           9           5
    -5.30842     8.89835    12.74521
    -0.85817    -0.51336    -0.00000
     0.51336    -0.85817    -0.00000
     0.00000    -0.00000     1.00000
           0           3          10           1
    -8.82378     7.72569   -12.75745
    -0.65707    -0.75383    -0.00000
     0.75383    -0.65707    -0.00000
     0.00000    -0.00000     1.00000
           0           3          10           2
    -8.82378     7.72569    -6.38205
    -0.65707    -0.75383    -0.00000
     0.75383    -0.65707    -0.00000
     0.00000    -0.00000     1.00000
           0           3          10           3
    -8.82378     7.72569    -0.00665
    -0.65707    -0.75383    -0.00000
     0.75383    -0.65707    -0.00000
     0.00000    -0.00000     1.00000
           0           3          10           4
    -8.82378     7.72569     6.36875
    -0.65707    -0.75383    -0.00000
     0.75383    -0.65707    -0.00000
     0.00000    -0.00000     1.00000
           0           3          10           5
    -8.82378     7.72569    12.74415
    -0.65707    -0.75383    -0.00000
     0.75383    -0.65707    -0.00000
     0.00000    -0.00000     1.00000
           0           3          11           1
   -11.58155     5.43554   -12.75231
    -0.42293    -0.90616    -0.00000
     0.90616    -0.42293    -0.00000
     0.00000    -0.00000     1.00000
           0           3          11           2
   -11.58155     5.43554    -6.37691
    -0.42293    -0.90616    -0.00000
     0.90616    -0.42293    -0.00000
     0.00000    -0.00000     1.00000
           0           3          11           3
   -11.58155     5.43554    -0.00151
    -0.42293    -0.90616    -0.00000
     0.90616    -0.42293    -0.00000
     0.00000    -0.00000     1.00000
           0           3          11           4
   -11.58155     5.43554     6.37389
    -0.42293    -0.90616    -0.00000
     0.90616    -0.42293    -0.00000
     0.00000    -0.00000     1.00000
           0           3          11           5
   -11.58155     5.43554    12.74929
    -0.42293    -0.90616    -0.00000
     0.90616    -0.42293    -0.00000
     0.00000    -0.00000     1.00000
           0           3          12           1
   -10.22738     1.42379   -12.73985
    -0.13661    -0.99062    -0.00000
     0.99062    -0.13661    -0.00000
     0.00000    -0.00000     1.00000
           0           3          12           2
   -10.22738     1.42379    -6.36445
    -0.13661    -0.99062    -0.00000
     0.99062    -0.13661    -0.00000
     0.00000    -0.00000     1.00000
           0           3          12           3
   -10.22738     1.42379     0.01095
    -0.13661    -0.99062    -0.00000
     0.99062    -0.13661    -0.00000
     0.00000    -0.00000     1.00000
           0           3          12           4
   -10.22738     1.42379     6.38635
    -0.13661    -0.99062    -0.00000
     0.99062    -0.13661    -0.00000
     0.00000    -0.00000     1.00000
           0           3          12           5
   -10.22738     1.42379    12.76175
    -0.13661    -0.99062    -0.00000
     0.99062    -0.13661    -0.00000
     0.00000    -0.00000     1.00000
           0           3          13           1
   -11.50587    -2.03798   -12.72335
     0.17680    -0.98425    -0.00000
     0.98425     0.17680    -0.00000
     0.00000     0.00000     1.00000
           0           3          13           2
   -11.50587    -2.03798    -6.34795
     0.17680    -0.98425    -0.00000
     0.98425     0.17680    -0.00000
     0.00000     0.00000     1.00000
           0           3          13           3
   -11.50587    -2.03798     0.02745
     0.17680    -0.98425    -0.00000
     0.98425     0.17680    -0.00000
     0.00000     0.00000     1.00000
           0           3          13           4
   -11.50587    -2.03798     6.40285
     0.17680    -0.98425    -0.00000
     0.98425     0.17680    -0.00000
     0.00000     0.00000     1.00000
           0           3          13           5
   -11.50587    -2.03798    12.77825
     0.17680    -0.98425    -0.00000
     0.98425     0.17680    -0.00000
     0.00000     0.00000     1.00000
           0           3          14           1
   -11.49146    -5.63946   -12.77756
     0.44214    -0.89695    -0.00000
     0.89695     0.44214    -0.00000
     0.00000     0.00000     1.00000
           0           3          14           2
   -11.49146    -5.63946    -6.40216
     0.44214    -0.89695    -0.00000
     0.89695     0.44214    -0.00000
     0.00000     0.00000     1.00000
           0           3          14           3
   -11.49146    -5.63946    -0.02676
     0.44214    -0.89695    -0.00000
     0.89695     0.44214    -0.00000
     0.00000     0.00000     1.00000
           0           3          14           4
   -11.49146    -5.63946     6.34864
     0.44214    -0.89695    -0.00000
     0.89695     0.44214    -0.00000
     0.00000     0.00000     1.00000
           0           3          14           5
   -11.49146    -5.63946    12.72404
     0.44214    -0.89695    -0.00000
     0.89695     0.44214    -0.00000
     0.00000     0.00000     1.00000
           0           3          15           1
    -7.47579    -7.05918   -12.75710
     0.68719    -0.72647    -0.00000
     0.72647     0.68719    -0.00000
     0.00000     0.00000     1.00000
           0           3          15           2
    -7.47579    -7.05918    -6.38170
     0.68719    -0.72647    -0.00000
     0.72647     0.68719    -0.00000
     0.00000     0.00000     1.00000
           0           3          15           3
    -7.47579    -7.05918    -0.00630
     0.68719    -0.72647    -0.00000
     0.72647     0.68719    -0.00000
     0.00000     0.00000     1.00000
           0           3          15           4
    -7.47579    -7.05918     6.36910
     0.68719    -0.72647    -0.00000
     0.72647     0.68719    -0.00000
     0.00000     0.00000     1.00000
           0           3          15           5
    -7.47579    -7.05918    12.74450
     0.68719    -0.72647    -0.00000
     0.72647     0.68719    -0.00000
     0.00000     0.00000     1.00000
           0           3          16           1
    -5.68292   -10.37186   -12.74156
     0.87835    -0.47802    -0.00000
     0.47802     0.87835    -0.00000
     0.00000     0.00000     1.00000
           0           3          16           2
    -5.68292   -10.37186    -6.36616
     0.87835    -0.47802    -0.00000
     0.47802     0.87835    -0.00000
     0.00000     0.00000     1.00000
           0           3          16           3
