 SVX cage parameters:
     2.20000
     0.50000     0.20000
     0.00000
           6
   -40.00000   -26.50000   -26.50000    26.50000    26.50000    40.00000
    53.00000    53.00000    22.14782    22.14782    53.00000    53.00000
     0.00000     0.00000     0.00000
 SVX barrel parameters:
           4
     2.63000     5.19260    11.76500    16.68700     1.14100
     0.00000     0.00000     0.00000     0.00000
           4           4           5           6
     0.69600     0.69600     1.74500     1.74500
     0.01000     0.01000     0.03125     0.03125
     2.83600     2.83600     3.18770     3.18770
     0.01900     0.01900     0.00000     0.00000
     0.02000     0.02000     0.00000     0.00000
    26.70000    13.62600    17.00000    12.00000
   -13.00000   -12.98000     0.00000     0.00000
           2
           5           5
     0.00000   180.00000
           2
          10          10
     0.00000   180.00000
           2
           8           8
     0.00000   180.00000
           2
          12          12
     0.00000   180.00000
 SVX barrel sensor rotation matrices and translation vectors:
           0           1           1           1
     1.57652    -2.13132     8.67684
     0.63985     0.76850    -0.00000
    -0.76850     0.63985    -0.00041
    -0.00032     0.00026     1.00000
           0           1           1           2
     1.58343    -2.12674     2.98483
     0.63985     0.76850    -0.00000
    -0.76850     0.63985    -0.00041
    -0.00032     0.00026     1.00000
           0           1           1           3
     1.59034    -2.12216    -2.70716
     0.63985     0.76850    -0.00000
    -0.76850     0.63985    -0.00041
    -0.00032     0.00026     1.00000
           0           1           1           4
     1.59725    -2.11758    -8.39915
     0.63985     0.76850    -0.00000
    -0.76850     0.63985    -0.00041
    -0.00032     0.00026     1.00000
           0           1           2           1
     2.34833    -1.19242     8.67919
     0.22599     0.97413    -0.00000
    -0.97413     0.22599    -0.00100
    -0.00097     0.00023     1.00000
           0           1           2           2
     2.35523    -1.18785     2.98719
     0.22599     0.97413    -0.00000
    -0.97413     0.22599    -0.00100
    -0.00097     0.00023     1.00000
           0           1           2           3
     2.36214    -1.18326    -2.70480
     0.22599     0.97413    -0.00000
    -0.97413     0.22599    -0.00100
    -0.00097     0.00023     1.00000
           0           1           2           4
     2.36905    -1.17868    -8.39679
     0.22599     0.97413    -0.00000
    -0.97413     0.22599    -0.00100
    -0.00097     0.00023     1.00000
           0           1           3           1
     2.61555    -0.00906     8.67664
    -0.23528     0.97193    -0.00000
    -0.97193    -0.23528    -0.00137
    -0.00133    -0.00032     1.00000
           0           1           3           2
     2.62246    -0.00449     2.98465
    -0.23528     0.97193    -0.00000
    -0.97193    -0.23528    -0.00137
    -0.00133    -0.00032     1.00000
           0           1           3           3
     2.62937     0.00009    -2.70734
    -0.23529     0.97193    -0.00000
    -0.97192    -0.23529    -0.00137
    -0.00133    -0.00032     1.00000
           0           1           3           4
     2.63628     0.00468    -8.39933
    -0.23529     0.97193    -0.00000
    -0.97192    -0.23529    -0.00137
    -0.00133    -0.00032     1.00000
           0           1           4           1
     2.32248     1.16981     8.68013
    -0.64696     0.76252    -0.00000
    -0.76252    -0.64696    -0.00144
    -0.00110    -0.00093     1.00000
           0           1           4           2
     2.32939     1.17439     2.98814
    -0.64697     0.76252    -0.00000
    -0.76252    -0.64697    -0.00144
    -0.00110    -0.00093     1.00000
           0           1           4           3
     2.33630     1.17897    -2.70386
    -0.64697     0.76252    -0.00000
    -0.76252    -0.64697    -0.00144
    -0.00110    -0.00093     1.00000
           0           1           4           4
     2.34321     1.18355    -8.39585
    -0.64697     0.76252    -0.00000
    -0.76252    -0.64697    -0.00144
    -0.00110    -0.00093     1.00000
           0           1           5           1
     1.53144     2.09081     8.66741
    -0.92053     0.39068    -0.00000
    -0.39068    -0.92053    -0.00122
    -0.00048    -0.00112     1.00000
           0           1           5           2
     1.53835     2.09538     2.97542
    -0.92053     0.39068    -0.00000
    -0.39068    -0.92053    -0.00122
    -0.00048    -0.00112     1.00000
           0           1           5           3
     1.54526     2.09996    -2.71658
    -0.92053     0.39068    -0.00000
    -0.39068    -0.92053    -0.00122
    -0.00048    -0.00112     1.00000
           0           1           5           4
     1.55217     2.10454    -8.40857
    -0.92053     0.39068    -0.00000
    -0.39068    -0.92053    -0.00122
    -0.00048    -0.00112     1.00000
           0           1           6           1
    -1.54255     2.10171    -8.54380
     0.92308     0.38461    -0.00000
     0.38461    -0.92308    -0.00093
    -0.00036     0.00086    -1.00000
           0           1           6           2
    -1.53968     2.09720    -2.85181
     0.92308     0.38460    -0.00000
     0.38460    -0.92308    -0.00093
    -0.00036     0.00086    -1.00000
           0           1           6           3
    -1.53682     2.09269     2.84019
     0.92309     0.38459    -0.00000
     0.38459    -0.92309    -0.00093
    -0.00036     0.00086    -1.00000
           0           1           6           4
    -1.53396     2.08817     8.53219
     0.92309     0.38458    -0.00000
     0.38458    -0.92309    -0.00093
    -0.00036     0.00086    -1.00000
           0           1           7           1
    -2.33718     1.18449    -8.54202
     0.64967     0.76022    -0.00000
     0.76022    -0.64967    -0.00090
    -0.00068     0.00058    -1.00000
           0           1           7           2
    -2.33432     1.17999    -2.85002
     0.64967     0.76022    -0.00000
     0.76022    -0.64967    -0.00090
    -0.00068     0.00058    -1.00000
           0           1           7           3
    -2.33146     1.17550     2.84198
     0.64968     0.76021    -0.00000
     0.76021    -0.64968    -0.00090
    -0.00068     0.00058    -1.00000
           0           1           7           4
    -2.32860     1.17101     8.53397
     0.64968     0.76021    -0.00000
     0.76021    -0.64968    -0.00090
    -0.00068     0.00058    -1.00000
           0           1           8           1
    -2.64796     0.01042    -8.55478
     0.23706     0.97150    -0.00000
     0.97150    -0.23706    -0.00068
    -0.00066     0.00016    -1.00000
           0           1           8           2
    -2.64512     0.00591    -2.86277
     0.23706     0.97150    -0.00000
     0.97150    -0.23706    -0.00068
    -0.00066     0.00016    -1.00000
           0           1           8           3
    -2.64226     0.00140     2.82923
     0.23706     0.97150    -0.00000
     0.97150    -0.23706    -0.00068
    -0.00066     0.00016    -1.00000
           0           1           8           4
    -2.63940    -0.00310     8.52122
     0.23706     0.97150    -0.00000
     0.97150    -0.23706    -0.00068
    -0.00066     0.00016    -1.00000
           0           1           9           1
    -2.37272    -1.17608    -8.54088
    -0.22720     0.97385    -0.00000
     0.97385     0.22720    -0.00031
    -0.00030    -0.00007    -1.00000
           0           1           9           2
    -2.36987    -1.18057    -2.84888
    -0.22720     0.97385    -0.00000
     0.97385     0.22720    -0.00031
    -0.00030    -0.00007    -1.00000
           0           1           9           3
    -2.36700    -1.18507     2.84312
    -0.22720     0.97385    -0.00000
     0.97385     0.22720    -0.00031
    -0.00030    -0.00007    -1.00000
           0           1           9           4
    -2.36414    -1.18956     8.53511
    -0.22720     0.97385    -0.00000
     0.97385     0.22720    -0.00031
    -0.00030    -0.00007    -1.00000
           0           1          10           1
    -1.60451    -2.11156    -8.54272
    -0.64063     0.76785     0.00000
     0.76785     0.64063     0.00012
     0.00009     0.00008    -1.00000
           0           1          10           2
    -1.60167    -2.11608    -2.85072
    -0.64063     0.76785     0.00000
     0.76785     0.64063     0.00012
     0.00009     0.00008    -1.00000
           0           1          10           3
    -1.59881    -2.12056     2.84128
    -0.64062     0.76786     0.00000
     0.76786     0.64062     0.00012
     0.00009     0.00008    -1.00000
           0           1          10           4
    -1.59596    -2.12507     8.53327
    -0.64062     0.76786     0.00000
     0.76786     0.64062     0.00012
     0.00009     0.00008    -1.00000
           0           2           1           1
     2.50494    -4.57452     8.67918
     0.74556     0.66643    -0.00000
    -0.66643     0.74556    -0.00021
    -0.00014     0.00016     1.00000
           0           2           1           2
     2.51185    -4.56993     2.98720
     0.74556     0.66643    -0.00000
    -0.66643     0.74556    -0.00021
    -0.00014     0.00016     1.00000
           0           2           1           3
     2.51877    -4.56535    -2.70480
     0.74556     0.66643    -0.00000
    -0.66643     0.74556    -0.00021
    -0.00014     0.00016     1.00000
           0           2           1           4
     2.52568    -4.56077    -8.39680
     0.74556     0.66643    -0.00000
    -0.66643     0.74556    -0.00021
    -0.00014     0.00016     1.00000
           0           2           2           1
     3.50412    -3.85894     8.68463
     0.56806     0.82299    -0.00000
    -0.82299     0.56806    -0.00054
    -0.00044     0.00031     1.00000
           0           2           2           2
     3.51103    -3.85437     2.99263
     0.56806     0.82299    -0.00000
    -0.82299     0.56806    -0.00054
    -0.00044     0.00031     1.00000
           0           2           2           3
     3.51794    -3.84979    -2.69936
     0.56806     0.82299    -0.00000
    -0.82299     0.56806    -0.00054
    -0.00044     0.00031     1.00000
           0           2           2           4
     3.52485    -3.84520    -8.39137
     0.56806     0.82299    -0.00000
    -0.82299     0.56806    -0.00054
    -0.00044     0.00031     1.00000
           0           2           3           1
     4.30997    -2.92440     8.67494
     0.35783     0.93379    -0.00000
    -0.93379     0.35783    -0.00085
    -0.00079     0.00030     1.00000
           0           2           3           2
     4.31687    -2.91983     2.98295
     0.35783     0.93379    -0.00000
    -0.93379     0.35783    -0.00085
    -0.00079     0.00030     1.00000
           0           2           3           3
     4.32378    -2.91524    -2.70905
     0.35783     0.93379    -0.00000
    -0.93379     0.35783    -0.00085
    -0.00079     0.00030     1.00000
           0           2           3           4
     4.33069    -2.91066    -8.40103
     0.35783     0.93379    -0.00000
    -0.93379     0.35783    -0.00085
    -0.00079     0.00030     1.00000
           0           2           4           1
     4.87111    -1.82991     8.67811
     0.12816     0.99175    -0.00000
    -0.99175     0.12816    -0.00110
    -0.00109     0.00014     1.00000
           0           2           4           2
     4.87802    -1.82534     2.98611
     0.12816     0.99175    -0.00000
    -0.99175     0.12816    -0.00110
    -0.00109     0.00014     1.00000
           0           2           4           3
     4.88494    -1.82075    -2.70588
     0.12816     0.99175    -0.00000
    -0.99175     0.12816    -0.00110
    -0.00109     0.00014     1.00000
           0           2           4           4
     4.89185    -1.81617    -8.39788
     0.12816     0.99175    -0.00000
    -0.99175     0.12816    -0.00110
    -0.00109     0.00014     1.00000
           0           2           5           1
     5.15966    -0.62948     8.67823
    -0.10960     0.99398    -0.00000
    -0.99397    -0.10960    -0.00130
    -0.00129    -0.00014     1.00000
           0           2           5           2
     5.16657    -0.62490     2.98624
    -0.10960     0.99398    -0.00000
    -0.99397    -0.10960    -0.00130
    -0.00129    -0.00014     1.00000
           0           2           5           3
     5.17348    -0.62032    -2.70576
    -0.10960     0.99398    -0.00000
    -0.99397    -0.10960    -0.00130
    -0.00129    -0.00014     1.00000
           0           2           5           4
     5.18039    -0.61574    -8.39775
    -0.10960     0.99398    -0.00000
    -0.99397    -0.10960    -0.00130
    -0.00129    -0.00014     1.00000
           0           2           6           1
     5.15759     0.59724     8.67221
    -0.33971     0.94053    -0.00000
    -0.94053    -0.33971    -0.00141
    -0.00133    -0.00048     1.00000
           0           2           6           2
     5.16450     0.60181     2.98022
    -0.33972     0.94053    -0.00000
    -0.94053    -0.33972    -0.00141
    -0.00133    -0.00048     1.00000
           0           2           6           3
     5.17141     0.60640    -2.71178
    -0.33972     0.94053    -0.00000
    -0.94053    -0.33972    -0.00141
    -0.00133    -0.00048     1.00000
           0           2           6           4
     5.17833     0.61098    -8.40377
    -0.33972     0.94053    -0.00000
    -0.94053    -0.33972    -0.00141
    -0.00133    -0.00048     1.00000
           0           2           7           1
     4.86424     1.79889     8.68041
    -0.55252     0.83350    -0.00000
    -0.83350    -0.55252    -0.00146
    -0.00122    -0.00081     1.00000
           0           2           7           2
     4.87115     1.80346     2.98841
    -0.55252     0.83350    -0.00000
    -0.83350    -0.55252    -0.00146
    -0.00122    -0.00081     1.00000
           0           2           7           3
     4.87806     1.80805    -2.70358
    -0.55252     0.83350    -0.00000
    -0.83350    -0.55252    -0.00146
    -0.00122    -0.00081     1.00000
           0           2           7           4
     4.88497     1.81262    -8.39558
    -0.55252     0.83350    -0.00000
    -0.83350    -0.55252    -0.00146
    -0.00122    -0.00081     1.00000
           0           2           8           1
     4.29935     2.89058     8.67934
    -0.73296     0.68027    -0.00000
    -0.68027    -0.73296    -0.00141
    -0.00096    -0.00103     1.00000
           0           2           8           2
     4.30626     2.89515     2.98735
    -0.73296     0.68027    -0.00000
    -0.68027    -0.73296    -0.00141
    -0.00096    -0.00103     1.00000
           0           2           8           3
     4.31317     2.89973    -2.70465
    -0.73296     0.68027    -0.00000
    -0.68027    -0.73296    -0.00141
    -0.00096    -0.00103     1.00000
           0           2           8           4
     4.32008     2.90432    -8.39664
    -0.73296     0.68027    -0.00000
    -0.68027    -0.73296    -0.00141
    -0.00096    -0.00103     1.00000
           0           2           9           1
     3.49010     3.82220     8.66855
    -0.87279     0.48810    -0.00000
    -0.48810    -0.87279    -0.00130
    -0.00063    -0.00113     1.00000
           0           2           9           2
     3.49701     3.82678     2.97656
    -0.87279     0.48810    -0.00000
    -0.48810    -0.87279    -0.00130
    -0.00063    -0.00113     1.00000
           0           2           9           3
     3.50392     3.83136    -2.71544
    -0.87279     0.48810    -0.00000
    -0.48810    -0.87279    -0.00130
    -0.00063    -0.00113     1.00000
           0           2           9           4
     3.51083     3.83594    -8.40743
    -0.87279     0.48810    -0.00000
    -0.48810    -0.87279    -0.00130
    -0.00063    -0.00113     1.00000
           0           2          10           1
     2.48868     4.53393     8.68220
    -0.96303     0.26938    -0.00000
    -0.26938    -0.96303    -0.00110
    -0.00030    -0.00106     1.00000
           0           2          10           2
     2.49559     4.53850     2.99021
    -0.96303     0.26938    -0.00000
    -0.26938    -0.96303    -0.00110
    -0.00030    -0.00106     1.00000
           0           2          10           3
     2.50250     4.54307    -2.70179
    -0.96303     0.26938    -0.00000
    -0.26938    -0.96303    -0.00110
    -0.00030    -0.00106     1.00000
           0           2          10           4
     2.50941     4.54766    -8.39378
    -0.96304     0.26937    -0.00000
    -0.26937    -0.96304    -0.00110
    -0.00030    -0.00106     1.00000
           0           2          11           1
    -2.48365     4.58490    -8.55355
     0.96557     0.26014    -0.00000
     0.26014    -0.96557    -0.00089
    -0.00023     0.00086    -1.00000
           0           2          11           2
    -2.48079     4.58037    -2.86156
     0.96557     0.26014    -0.00000
     0.26014    -0.96557    -0.00089
    -0.00023     0.00086    -1.00000
           0           2          11           3
    -2.47793     4.57586     2.83044
     0.96558     0.26012    -0.00000
     0.26012    -0.96557    -0.00089
    -0.00023     0.00086    -1.00000
           0           2          11           4
    -2.47507     4.57134     8.52244
     0.96558     0.26012    -0.00000
     0.26012    -0.96558    -0.00089
    -0.00023     0.00086    -1.00000
           0           2          12           1
    -3.51525     3.84206    -8.54533
     0.87361     0.48663    -0.00000
     0.48663    -0.87361    -0.00093
    -0.00045     0.00081    -1.00000
           0           2          12           2
    -3.51239     3.83754    -2.85334
     0.87361     0.48663    -0.00000
     0.48663    -0.87361    -0.00093
    -0.00045     0.00081    -1.00000
           0           2          12           3
    -3.50953     3.83303     2.83866
     0.87361     0.48663    -0.00000
     0.48663    -0.87361    -0.00093
    -0.00045     0.00081    -1.00000
           0           2          12           4
    -3.50667     3.82851     8.53066
     0.87361     0.48663    -0.00000
     0.48663    -0.87361    -0.00093
    -0.00045     0.00081    -1.00000
           0           2          13           1
    -4.31075     2.92889    -8.55128
     0.73707     0.67581    -0.00000
     0.67581    -0.73707    -0.00093
    -0.00063     0.00069    -1.00000
           0           2          13           2
    -4.30789     2.92438    -2.85928
     0.73707     0.67581    -0.00000
     0.67581    -0.73707    -0.00093
    -0.00063     0.00069    -1.00000
           0           2          13           3
    -4.30504     2.91988     2.83272
     0.73708     0.67581    -0.00000
     0.67581    -0.73708    -0.00093
    -0.00063     0.00069    -1.00000
           0           2          13           4
    -4.30219     2.91536     8.52472
     0.73708     0.67580    -0.00000
     0.67580    -0.73708    -0.00093
    -0.00063     0.00069    -1.00000
           0           2          14           1
    -4.89230     1.83524    -8.54645
     0.55608     0.83113    -0.00000
     0.83113    -0.55608    -0.00086
    -0.00071     0.00048    -1.00000
           0           2          14           2
    -4.88946     1.83073    -2.85446
     0.55608     0.83113    -0.00000
     0.83113    -0.55608    -0.00086
    -0.00071     0.00048    -1.00000
           0           2          14           3
    -4.88660     1.82621     2.83754
     0.55608     0.83113    -0.00000
     0.83113    -0.55608    -0.00086
    -0.00071     0.00048    -1.00000
           0           2          14           4
    -4.88376     1.82170     8.52955
     0.55608     0.83113    -0.00000
     0.83113    -0.55608    -0.00086
    -0.00071     0.00048    -1.00000
           0           2          15           1
    -5.21294     0.63598    -8.54773
     0.34364     0.93910    -0.00000
     0.93910    -0.34364    -0.00074
    -0.00069     0.00025    -1.00000
           0           2          15           2
    -5.21009     0.63145    -2.85574
     0.34364     0.93910    -0.00000
     0.93910    -0.34364    -0.00074
    -0.00069     0.00025    -1.00000
           0           2          15           3
    -5.20724     0.62692     2.83626
     0.34364     0.93910    -0.00000
     0.93910    -0.34364    -0.00074
    -0.00069     0.00025    -1.00000
           0           2          15           4
    -5.20439     0.62238     8.52826
     0.34364     0.93910    -0.00000
     0.93910    -0.34364    -0.00074
    -0.00069     0.00025    -1.00000
           0           2          16           1
    -5.20470    -0.61227    -8.54388
     0.11052     0.99387    -0.00000
     0.99387    -0.11052    -0.00059
    -0.00059     0.00007    -1.00000
           0           2          16           2
    -5.20183    -0.61680    -2.85188
     0.11052     0.99387    -0.00000
     0.99387    -0.11052    -0.00059
    -0.00059     0.00007    -1.00000
           0           2          16           3
    -5.19897    -0.62131     2.84012
     0.11052     0.99387    -0.00000
     0.99387    -0.11052    -0.00059
    -0.00059     0.00007    -1.00000
           0           2          16           4
    -5.19610    -0.62584     8.53211
     0.11052     0.99387    -0.00000
     0.99387    -0.11052    -0.00059
    -0.00059     0.00007    -1.00000
           0           2          17           1
    -4.90831    -1.81215    -8.54718
    -0.12712     0.99189    -0.00000
     0.99189     0.12712    -0.00040
    -0.00040    -0.00005    -1.00000
           0           2          17           2
    -4.90544    -1.81665    -2.85518
    -0.12712     0.99189    -0.00000
     0.99189     0.12712    -0.00040
    -0.00040    -0.00005    -1.00000
           0           2          17           3
    -4.90257    -1.82116     2.83681
    -0.12712     0.99189    -0.00000
     0.99189     0.12712    -0.00040
    -0.00040    -0.00005    -1.00000
           0           2          17           4
    -4.89971    -1.82569     8.52881
    -0.12712     0.99189    -0.00000
     0.99189     0.12712    -0.00040
    -0.00040    -0.00005    -1.00000
           0           2          18           1
    -4.34608    -2.90966    -8.54968
    -0.35726     0.93401    -0.00000
     0.93401     0.35726    -0.00019
    -0.00018    -0.00007    -1.00000
           0           2          18           2
    -4.34323    -2.91418    -2.85768
    -0.35726     0.93401    -0.00000
     0.93401     0.35726    -0.00019
    -0.00018    -0.00007    -1.00000
           0           2          18           3
    -4.34035    -2.91868     2.83431
    -0.35726     0.93401    -0.00000
     0.93401     0.35726    -0.00019
    -0.00018    -0.00007    -1.00000
           0           2          18           4
    -4.33746    -2.92320     8.52631
    -0.35726     0.93401    -0.00000
     0.93401     0.35726    -0.00019
    -0.00018    -0.00007    -1.00000
           0           2          19           1
    -3.53401    -3.83762    -8.54597
    -0.56747     0.82339     0.00000
     0.82339     0.56747     0.00003
     0.00002     0.00002    -1.00000
           0           2          19           2
    -3.53115    -3.84212    -2.85398
    -0.56747     0.82339     0.00000
     0.82339     0.56747     0.00003
     0.00002     0.00002    -1.00000
           0           2          19           3
    -3.52828    -3.84661     2.83802
    -0.56747     0.82339     0.00000
     0.82339     0.56747     0.00003
     0.00002     0.00002    -1.00000
           0           2          19           4
    -3.52542    -3.85113     8.53003
    -0.56747     0.82339     0.00000
     0.82339     0.56747     0.00003
     0.00002     0.00002    -1.00000
           0           2          20           1
    -2.54492    -4.55775    -8.54696
    -0.74446     0.66767     0.00000
     0.66767     0.74446     0.00026
     0.00017     0.00019    -1.00000
           0           2          20           2
    -2.54206    -4.56227    -2.85496
    -0.74446     0.66767     0.00000
     0.66767     0.74446     0.00026
     0.00017     0.00019    -1.00000
           0           2          20           3
    -2.53920    -4.56677     2.83703
    -0.74446     0.66767     0.00000
     0.66767     0.74446     0.00026
     0.00017     0.00019    -1.00000
           0           2          20           4
    -2.53633    -4.57130     8.52903
    -0.74446     0.66767     0.00000
     0.66767     0.74446     0.00026
     0.00017     0.00019    -1.00000
           0           3           1           1
     5.61354   -10.34178    12.85945
    -0.87803    -0.47861     0.00000
    -0.47861     0.87803     0.00012
    -0.00006     0.00011    -1.00000
           0           3           1           2
     5.62128   -10.33665     6.48405
    -0.87803    -0.47861     0.00000
    -0.47861     0.87803     0.00012
    -0.00006     0.00011    -1.00000
           0           3           1           3
     5.62903   -10.33151     0.10866
    -0.87803    -0.47861     0.00000
    -0.47861     0.87803     0.00012
    -0.00006     0.00011    -1.00000
           0           3           1           4
     5.63677   -10.32638    -6.26674
    -0.87803    -0.47861     0.00000
    -0.47861     0.87803     0.00012
    -0.00006     0.00011    -1.00000
           0           3           1           5
     5.64450   -10.32126   -12.64213
    -0.87803    -0.47861     0.00000
    -0.47861     0.87803     0.00012
    -0.00006     0.00011    -1.00000
           0           3           2           1
     7.53146    -7.14657    12.84880
    -0.68689    -0.72676    -0.00000
    -0.72676     0.68689    -0.00033
     0.00024    -0.00023    -1.00000
           0           3           2           2
     7.53920    -7.14144     6.47341
    -0.68689    -0.72676    -0.00000
    -0.72676     0.68689    -0.00033
     0.00024    -0.00023    -1.00000
           0           3           2           3
     7.54694    -7.13630     0.09801
    -0.68689    -0.72676    -0.00000
    -0.72676     0.68689    -0.00033
     0.00024    -0.00023    -1.00000
           0           3           2           4
     7.55469    -7.13117    -6.27738
    -0.68689    -0.72676    -0.00000
    -0.72676     0.68689    -0.00033
     0.00024    -0.00023    -1.00000
           0           3           2           5
     7.56242    -7.12604   -12.65278
    -0.68689    -0.72676    -0.00000
    -0.72676     0.68689    -0.00033
     0.00024    -0.00023    -1.00000
           0           3           3           1
    11.51316    -5.67905    12.86643
    -0.44110    -0.89746    -0.00000
    -0.89746     0.44110    -0.00073
     0.00066    -0.00032    -1.00000
           0           3           3           2
    11.52090    -5.67392     6.49103
    -0.44110    -0.89746    -0.00000
    -0.89746     0.44110    -0.00073
     0.00066    -0.00032    -1.00000
           0           3           3           3
    11.52863    -5.66879     0.11565
    -0.44110    -0.89746    -0.00000
    -0.89746     0.44110    -0.00073
     0.00066    -0.00032    -1.00000
           0           3           3           4
    11.53636    -5.66366    -6.25975
    -0.44110    -0.89746    -0.00000
    -0.89746     0.44110    -0.00073
     0.00066    -0.00032    -1.00000
           0           3           3           5
    11.54409    -5.65853   -12.63514
    -0.44110    -0.89746    -0.00000
    -0.89746     0.44110    -0.00073
     0.00066    -0.00032    -1.00000
           0           3           4           1
    11.56342    -2.08531    12.87580
    -0.17625    -0.98435    -0.00000
    -0.98435     0.17625    -0.00105
     0.00103    -0.00019    -1.00000
           0           3           4           2
    11.57116    -2.08018     6.50041
    -0.17625    -0.98435    -0.00000
    -0.98435     0.17625    -0.00105
     0.00103    -0.00019    -1.00000
           0           3           4           3
    11.57890    -2.07505     0.12501
    -0.17625    -0.98435    -0.00000
    -0.98435     0.17625    -0.00105
     0.00103    -0.00019    -1.00000
           0           3           4           4
    11.58663    -2.06992    -6.25038
    -0.17625    -0.98435    -0.00000
    -0.98435     0.17625    -0.00105
     0.00103    -0.00019    -1.00000
           0           3           4           5
    11.59438    -2.06479   -12.62577
    -0.17625    -0.98435    -0.00000
    -0.98435     0.17625    -0.00105
     0.00103    -0.00019    -1.00000
           0           3           5           1
    10.27148     1.41218    12.86441
     0.13709    -0.99056    -0.00000
    -0.99056    -0.13709    -0.00132
     0.00131     0.00018    -1.00000
           0           3           5           2
    10.27922     1.41731     6.48902
     0.13709    -0.99056    -0.00000
    -0.99056    -0.13709    -0.00132
     0.00131     0.00018    -1.00000
           0           3           5           3
    10.28697     1.42245     0.11362
     0.13709    -0.99056    -0.00000
    -0.99056    -0.13709    -0.00132
     0.00131     0.00018    -1.00000
           0           3           5           4
    10.29470     1.42757    -6.26177
     0.13709    -0.99056    -0.00000
    -0.99056    -0.13709    -0.00132
     0.00131     0.00018    -1.00000
           0           3           5           5
    10.30244     1.43270   -12.63717
     0.13709    -0.99056    -0.00000
    -0.99056    -0.13709    -0.00132
     0.00131     0.00018    -1.00000
           0           3           6           1
    11.62135     5.42963    12.90121
     0.42352    -0.90589    -0.00000
    -0.90589    -0.42352    -0.00144
     0.00130     0.00061    -1.00000
           0           3           6           2
    11.62910     5.43476     6.52581
     0.42352    -0.90589    -0.00000
    -0.90589    -0.42352    -0.00144
     0.00130     0.00061    -1.00000
           0           3           6           3
    11.63682     5.43989     0.15042
     0.42352    -0.90589    -0.00000
    -0.90589    -0.42352    -0.00144
     0.00130     0.00061    -1.00000
           0           3           6           4
    11.64457     5.44502    -6.22497
     0.42352    -0.90589    -0.00000
    -0.90589    -0.42352    -0.00144
     0.00130     0.00061    -1.00000
           0           3           6           5
    11.65230     5.45015   -12.60036
     0.42352    -0.90589    -0.00000
    -0.90589    -0.42352    -0.00144
     0.00130     0.00061    -1.00000
           0           3           7           1
     8.84865     7.72169    12.88331
     0.65733    -0.75360    -0.00000
    -0.75360    -0.65733    -0.00144
     0.00109     0.00095    -1.00000
           0           3           7           2
     8.85639     7.72682     6.50792
     0.65733    -0.75360    -0.00000
    -0.75360    -0.65733    -0.00144
     0.00109     0.00095    -1.00000
           0           3           7           3
     8.86413     7.73196     0.13252
     0.65733    -0.75360    -0.00000
    -0.75360    -0.65733    -0.00144
     0.00109     0.00095    -1.00000
           0           3           7           4
     8.87187     7.73709    -6.24287
     0.65733    -0.75360    -0.00000
    -0.75360    -0.65733    -0.00144
     0.00109     0.00095    -1.00000
           0           3           7           5
     8.87961     7.74221   -12.61827
     0.65733    -0.75360    -0.00000
    -0.75360    -0.65733    -0.00144
     0.00109     0.00095    -1.00000
           0           3           8           1
     5.30742     8.90641    12.87440
     0.85860    -0.51265    -0.00000
    -0.51265    -0.85860    -0.00132
     0.00068     0.00113    -1.00000
           0           3           8           2
     5.31516     8.91154     6.49901
     0.85860    -0.51265    -0.00000
    -0.51265    -0.85860    -0.00132
     0.00068     0.00113    -1.00000
           0           3           8           3
     5.32290     8.91668     0.12361
     0.85860    -0.51265    -0.00000
    -0.51265    -0.85860    -0.00132
     0.00068     0.00113    -1.00000
           0           3           8           4
     5.33064     8.92181    -6.25178
     0.85860    -0.51265    -0.00000
    -0.51265    -0.85860    -0.00132
     0.00068     0.00113    -1.00000
           0           3           8           5
     5.33838     8.92693   -12.62717
     0.85860    -0.51265    -0.00000
    -0.51265    -0.85860    -0.00132
     0.00068     0.00113    -1.00000
           0           3           9           1
    -5.29729     8.98739   -12.77439
    -0.86145    -0.50784    -0.00000
     0.50784    -0.86145    -0.00094
     0.00048    -0.00081     1.00000
           0           3           9           2
    -5.29410     8.98232    -6.39899
    -0.86145    -0.50784    -0.00000
     0.50784    -0.86145    -0.00094
     0.00048    -0.00081     1.00000
           0           3           9           3
    -5.29089     8.97727    -0.02359
    -0.86145    -0.50784    -0.00000
     0.50784    -0.86145    -0.00094
     0.00048    -0.00081     1.00000
           0           3           9           4
    -5.28768     8.97221     6.35180
    -0.86146    -0.50783    -0.00000
     0.50783    -0.86146    -0.00094
     0.00048    -0.00081     1.00000
           0           3           9           5
    -5.28448     8.96716    12.72720
    -0.86146    -0.50783    -0.00000
     0.50783    -0.86146    -0.00094
     0.00048    -0.00081     1.00000
           0           3          10           1
    -8.84483     7.78605   -12.75396
    -0.65998    -0.75128    -0.00000
     0.75128    -0.65998    -0.00090
     0.00068    -0.00059     1.00000
           0           3          10           2
    -8.84162     7.78098    -6.37856
    -0.65998    -0.75128    -0.00000
     0.75128    -0.65998    -0.00090
     0.00068    -0.00059     1.00000
           0           3          10           3
    -8.83842     7.77593    -0.00317
    -0.65998    -0.75128    -0.00000
     0.75128    -0.65998    -0.00090
     0.00068    -0.00059     1.00000
           0           3          10           4
    -8.83521     7.77089     6.37223
    -0.65999    -0.75128    -0.00000
     0.75128    -0.65999    -0.00090
     0.00068    -0.00059     1.00000
           0           3          10           5
    -8.83203     7.76584    12.74763
    -0.65999    -0.75128    -0.00000
     0.75128    -0.65999    -0.00090
     0.00068    -0.00059     1.00000
           0           3          11           1
   -11.66724     5.50999   -12.76166
    -0.42554    -0.90494    -0.00000
     0.90494    -0.42554    -0.00079
     0.00071    -0.00034     1.00000
           0           3          11           2
   -11.66406     5.50493    -6.38626
    -0.42554    -0.90494    -0.00000
     0.90494    -0.42554    -0.00079
     0.00071    -0.00034     1.00000
           0           3          11           3
   -11.66085     5.49988    -0.01086
    -0.42554    -0.90494    -0.00000
     0.90494    -0.42554    -0.00079
     0.00071    -0.00034     1.00000
           0           3          11           4
   -11.65766     5.49483     6.36454
    -0.42554    -0.90494    -0.00000
     0.90494    -0.42554    -0.00079
     0.00071    -0.00034     1.00000
           0           3          11           5
   -11.65448     5.48978    12.73993
    -0.42554    -0.90494    -0.00000
     0.90494    -0.42554    -0.00079
     0.00071    -0.00034     1.00000
           0           3          12           1
   -10.30817     1.45365   -12.74531
    -0.13684    -0.99059    -0.00000
     0.99059    -0.13684    -0.00061
     0.00060    -0.00008     1.00000
           0           3          12           2
   -10.30497     1.44858    -6.36992
    -0.13684    -0.99059    -0.00000
     0.99059    -0.13684    -0.00061
     0.00060    -0.00008     1.00000
           0           3          12           3
   -10.30179     1.44353     0.00548
    -0.13684    -0.99059    -0.00000
     0.99059    -0.13684    -0.00061
     0.00060    -0.00008     1.00000
           0           3          12           4
   -10.29858     1.43848     6.38088
    -0.13684    -0.99059    -0.00000
     0.99059    -0.13684    -0.00061
     0.00060    -0.00008     1.00000
           0           3          12           5
   -10.29538     1.43342    12.75627
    -0.13684    -0.99059    -0.00000
     0.99059    -0.13684    -0.00061
     0.00060    -0.00008     1.00000
           0           3          13           1
   -11.61163    -2.05859   -12.75782
     0.17748    -0.98412    -0.00000
     0.98412     0.17748    -0.00036
     0.00035     0.00006     1.00000
           0           3          13           2
   -11.60842    -2.06365    -6.38243
     0.17748    -0.98412    -0.00000
     0.98412     0.17748    -0.00036
     0.00035     0.00006     1.00000
           0           3          13           3
   -11.60522    -2.06873    -0.00703
     0.17748    -0.98412    -0.00000
     0.98412     0.17748    -0.00036
     0.00035     0.00006     1.00000
           0           3          13           4
   -11.60202    -2.07378     6.36836
     0.17748    -0.98412    -0.00000
     0.98412     0.17748    -0.00036
     0.00035     0.00006     1.00000
           0           3          13           5
   -11.59881    -2.07883    12.74376
     0.17748    -0.98412    -0.00000
     0.98412     0.17748    -0.00036
     0.00035     0.00006     1.00000
           0           3          14           1
   -11.55336    -5.66781   -12.78134
     0.44300    -0.89652    -0.00000
     0.89652     0.44300    -0.00010
     0.00009     0.00004     1.00000
           0           3          14           2
   -11.55016    -5.67287    -6.40594
     0.44300    -0.89652    -0.00000
     0.89652     0.44300    -0.00010
     0.00009     0.00004     1.00000
           0           3          14           3
   -11.54695    -5.67792    -0.03055
     0.44300    -0.89652    -0.00000
     0.89652     0.44300    -0.00010
     0.00009     0.00004     1.00000
           0           3          14           4
   -11.54373    -5.68300     6.34485
     0.44300    -0.89652    -0.00000
     0.89652     0.44300    -0.00010
     0.00009     0.00004     1.00000
           0           3          14           5
   -11.54052    -5.68805    12.72025
     0.44300    -0.89652    -0.00000
     0.89652     0.44300    -0.00010
     0.00009     0.00004     1.00000
           0           3          15           1
    -7.50772    -7.08757   -12.76835
     0.68898    -0.72478     0.00000
     0.72478     0.68898     0.00018
    -0.00013    -0.00012     1.00000
           0           3          15           2
    -7.50453    -7.09260    -6.39295
     0.68898    -0.72478     0.00000
     0.72478     0.68898     0.00018
    -0.00013    -0.00012     1.00000
           0           3          15           3
    -7.50133    -7.09762    -0.01756
     0.68898    -0.72478     0.00000
     0.72478     0.68898     0.00018
    -0.00013    -0.00012     1.00000
           0           3          15           4
    -7.49814    -7.10264     6.35784
     0.68898    -0.72478     0.00000
     0.72478     0.68898     0.00018
    -0.00013    -0.00012     1.00000
           0           3          15           5
    -7.49495    -7.10769    12.73324
     0.68898    -0.72478     0.00000
     0.72478     0.68898     0.00018
    -0.00013    -0.00012     1.00000
           0           3          16           1
    -5.63981   -10.31088   -12.77173
     0.87862    -0.47752     0.00000
     0.47752     0.87862     0.00045
    -0.00021    -0.00040     1.00000
           0           3          16           2
    -5.63662   -10.31594    -6.39633
     0.87862    -0.47752     0.00000
     0.47752     0.87862     0.00045
    -0.00021    -0.00040     1.00000
           0           3          16           3
