 SVX cage parameters:
     2.20000
     0.50000     0.20000
     0.00000
           6
   -40.00000   -26.50000   -26.50000    26.50000    26.50000    40.00000
    53.00000    53.00000    22.00000    22.00000    53.00000    53.00000
     0.00000     0.00000     0.00000
 SVX barrel parameters:
           4
     2.63000     5.13000    11.76500    16.68700     1.21400
     0.00000     0.00000     0.00000     0.00000
           4           4           5           6
     0.69600     0.69600     1.74500     1.74500
     0.01000     0.01000     0.03125     0.03125
     2.83600     2.83600     3.18770     3.18770
     0.01900     0.01900     0.00000     0.00000
     0.02000     0.02000     0.00000     0.00000
    26.70000    13.60000    17.00000    12.00000
   -13.00000   -13.02000     0.00000     0.00000
           2
           5           5
     0.00000   180.00000
           2
          10          10
     0.00000   180.00000
           2
           8           8
     0.00000   180.00000
           2
          12          12
     0.00000   180.00000
 SVX barrel sensor rotation matrices and translation vectors:
           0           1           1           1
     1.59001    -2.12406     8.64686
     0.63891     0.76929    -0.00000
    -0.76929     0.63891    -0.00000
    -0.00000     0.00000     1.00000
           0           1           1           2
     1.59001    -2.12406     2.95486
     0.63891     0.76929    -0.00000
    -0.76929     0.63891    -0.00000
    -0.00000     0.00000     1.00000
           0           1           1           3
     1.59001    -2.12406    -2.73714
     0.63891     0.76929    -0.00000
    -0.76929     0.63891    -0.00000
    -0.00000     0.00000     1.00000
           0           1           1           4
     1.59001    -2.12406    -8.42914
     0.63891     0.76929    -0.00000
    -0.76929     0.63891    -0.00000
    -0.00000     0.00000     1.00000
           0           1           2           1
     2.36149    -1.18588     8.64686
     0.22508     0.97434    -0.00000
    -0.97434     0.22508    -0.00000
    -0.00000     0.00000     1.00000
           0           1           2           2
     2.36149    -1.18588     2.95486
     0.22508     0.97434    -0.00000
    -0.97434     0.22508    -0.00000
    -0.00000     0.00000     1.00000
           0           1           2           3
     2.36149    -1.18588    -2.73714
     0.22508     0.97434    -0.00000
    -0.97434     0.22508    -0.00000
    -0.00000     0.00000     1.00000
           0           1           2           4
     2.36149    -1.18588    -8.42914
     0.22508     0.97434    -0.00000
    -0.97434     0.22508    -0.00000
    -0.00000     0.00000     1.00000
           0           1           3           1
     2.62911    -0.00106     8.64686
    -0.23676     0.97157     0.00000
    -0.97157    -0.23676     0.00000
     0.00000     0.00000     1.00000
           0           1           3           2
     2.62911    -0.00106     2.95486
    -0.23676     0.97157     0.00000
    -0.97157    -0.23676     0.00000
     0.00000     0.00000     1.00000
           0           1           3           3
     2.62911    -0.00106    -2.73714
    -0.23676     0.97157     0.00000
    -0.97157    -0.23676     0.00000
     0.00000     0.00000     1.00000
           0           1           3           4
     2.62911    -0.00106    -8.42914
    -0.23676     0.97157     0.00000
    -0.97157    -0.23676     0.00000
     0.00000     0.00000     1.00000
           0           1           4           1
     2.33578     1.17765     8.64686
    -0.64810     0.76155     0.00000
    -0.76155    -0.64810     0.00000
     0.00000     0.00000     1.00000
           0           1           4           2
     2.33578     1.17765     2.95486
    -0.64810     0.76155     0.00000
    -0.76155    -0.64810     0.00000
     0.00000     0.00000     1.00000
           0           1           4           3
     2.33578     1.17765    -2.73714
    -0.64810     0.76155     0.00000
    -0.76155    -0.64810     0.00000
     0.00000     0.00000     1.00000
           0           1           4           4
     2.33578     1.17765    -8.42914
    -0.64810     0.76155     0.00000
    -0.76155    -0.64810     0.00000
     0.00000     0.00000     1.00000
           0           1           5           1
     1.54407     2.09882     8.64686
    -0.92119     0.38910     0.00000
    -0.38910    -0.92119     0.00000
     0.00000     0.00000     1.00000
           0           1           5           2
     1.54407     2.09882     2.95486
    -0.92119     0.38910     0.00000
    -0.38910    -0.92119     0.00000
     0.00000     0.00000     1.00000
           0           1           5           3
     1.54407     2.09882    -2.73714
    -0.92119     0.38910     0.00000
    -0.38910    -0.92119     0.00000
     0.00000     0.00000     1.00000
           0           1           5           4
     1.54407     2.09882    -8.42914
    -0.92119     0.38910     0.00000
    -0.38910    -0.92119     0.00000
     0.00000     0.00000     1.00000
           0           1           6           1
    -1.56007     2.10107    -8.56601
     0.92082     0.38999     0.00000
     0.38999    -0.92082     0.00000
     0.00000    -0.00000    -1.00000
           0           1           6           2
    -1.56007     2.10107    -2.87401
     0.92082     0.38999     0.00000
     0.38999    -0.92082     0.00000
     0.00000    -0.00000    -1.00000
           0           1           6           3
    -1.56007     2.10107     2.81799
     0.92082     0.38999     0.00000
     0.38999    -0.92082     0.00000
     0.00000    -0.00000    -1.00000
           0           1           6           4
    -1.56007     2.10107     8.50999
     0.92082     0.38999     0.00000
     0.38999    -0.92082     0.00000
     0.00000    -0.00000    -1.00000
           0           1           7           1
    -2.35091     1.17913    -8.56601
     0.64737     0.76218    -0.00000
     0.76218    -0.64737    -0.00000
    -0.00000     0.00000    -1.00000
           0           1           7           2
    -2.35091     1.17913    -2.87401
     0.64737     0.76218    -0.00000
     0.76218    -0.64737    -0.00000
    -0.00000     0.00000    -1.00000
           0           1           7           3
    -2.35091     1.17913     2.81799
     0.64737     0.76218    -0.00000
     0.76218    -0.64737    -0.00000
    -0.00000     0.00000    -1.00000
           0           1           7           4
    -2.35091     1.17913     8.50999
     0.64737     0.76218    -0.00000
     0.76218    -0.64737    -0.00000
    -0.00000     0.00000    -1.00000
           0           1           8           1
    -2.64311     0.00015    -8.56601
     0.23583     0.97179    -0.00000
     0.97179    -0.23583    -0.00000
    -0.00000     0.00000    -1.00000
           0           1           8           2
    -2.64310     0.00015    -2.87401
     0.23583     0.97179    -0.00000
     0.97179    -0.23583    -0.00000
    -0.00000     0.00000    -1.00000
           0           1           8           3
    -2.64310     0.00015     2.81799
     0.23583     0.97179    -0.00000
     0.97179    -0.23583    -0.00000
    -0.00000     0.00000    -1.00000
           0           1           8           4
    -2.64310     0.00015     8.50999
     0.23583     0.97179    -0.00000
     0.97179    -0.23583    -0.00000
    -0.00000     0.00000    -1.00000
           0           1           9           1
    -2.37436    -1.18438    -8.56601
    -0.22600     0.97413    -0.00000
     0.97413     0.22600    -0.00000
    -0.00000    -0.00000    -1.00000
           0           1           9           2
    -2.37436    -1.18438    -2.87401
    -0.22600     0.97413    -0.00000
     0.97413     0.22600    -0.00000
    -0.00000    -0.00000    -1.00000
           0           1           9           3
    -2.37436    -1.18438     2.81799
    -0.22600     0.97413    -0.00000
     0.97413     0.22600    -0.00000
    -0.00000    -0.00000    -1.00000
           0           1           9           4
    -2.37436    -1.18438     8.50999
    -0.22600     0.97413    -0.00000
     0.97413     0.22600    -0.00000
    -0.00000    -0.00000    -1.00000
           0           1          10           1
    -1.60205    -2.12179    -8.56601
    -0.63961     0.76870    -0.00000
     0.76870     0.63961    -0.00000
    -0.00000    -0.00000    -1.00000
           0           1          10           2
    -1.60205    -2.12179    -2.87401
    -0.63961     0.76870    -0.00000
     0.76870     0.63961    -0.00000
    -0.00000    -0.00000    -1.00000
           0           1          10           3
    -1.60205    -2.12179     2.81799
    -0.63961     0.76870    -0.00000
     0.76870     0.63961    -0.00000
    -0.00000    -0.00000    -1.00000
           0           1          10           4
    -1.60205    -2.12179     8.50999
    -0.63961     0.76870    -0.00000
     0.76870     0.63961    -0.00000
    -0.00000    -0.00000    -1.00000
           0           2           1           1
     2.48740    -4.50870     8.62367
     0.74337     0.66888    -0.00000
    -0.66888     0.74337    -0.00000
    -0.00000     0.00000     1.00000
           0           2           1           2
     2.48740    -4.50870     2.93167
     0.74337     0.66888    -0.00000
    -0.66888     0.74337    -0.00000
    -0.00000     0.00000     1.00000
           0           2           1           3
     2.48740    -4.50870    -2.76033
     0.74337     0.66888    -0.00000
    -0.66888     0.74337    -0.00000
    -0.00000     0.00000     1.00000
           0           2           1           4
     2.48740    -4.50870    -8.45233
     0.74337     0.66888    -0.00000
    -0.66888     0.74337    -0.00000
    -0.00000     0.00000     1.00000
           0           2           2           1
     3.47365    -3.79938     8.62367
     0.56524     0.82492    -0.00000
    -0.82492     0.56524    -0.00000
    -0.00000     0.00000     1.00000
           0           2           2           2
     3.47365    -3.79938     2.93167
     0.56524     0.82492    -0.00000
    -0.82492     0.56524    -0.00000
    -0.00000     0.00000     1.00000
           0           2           2           3
     3.47365    -3.79938    -2.76033
     0.56524     0.82492    -0.00000
    -0.82492     0.56524    -0.00000
    -0.00000     0.00000     1.00000
           0           2           2           4
     3.47365    -3.79938    -8.45233
     0.56524     0.82492    -0.00000
    -0.82492     0.56524    -0.00000
    -0.00000     0.00000     1.00000
           0           2           3           1
     4.26545    -2.87805     8.62367
     0.35541     0.93471    -0.00000
    -0.93471     0.35541    -0.00000
    -0.00000     0.00000     1.00000
           0           2           3           2
     4.26545    -2.87805     2.93167
     0.35541     0.93471    -0.00000
    -0.93471     0.35541    -0.00000
    -0.00000     0.00000     1.00000
           0           2           3           3
     4.26545    -2.87805    -2.76033
     0.35541     0.93471    -0.00000
    -0.93471     0.35541    -0.00000
    -0.00000     0.00000     1.00000
           0           2           3           4
     4.26545    -2.87805    -8.45233
     0.35541     0.93471    -0.00000
    -0.93471     0.35541    -0.00000
    -0.00000     0.00000     1.00000
           0           2           4           1
     4.81841    -1.79635     8.62367
     0.12566     0.99207    -0.00000
    -0.99207     0.12566    -0.00000
    -0.00000     0.00000     1.00000
           0           2           4           2
     4.81841    -1.79635     2.93167
     0.12566     0.99207    -0.00000
    -0.99207     0.12566    -0.00000
    -0.00000     0.00000     1.00000
           0           2           4           3
     4.81841    -1.79635    -2.76033
     0.12566     0.99207    -0.00000
    -0.99207     0.12566    -0.00000
    -0.00000     0.00000     1.00000
           0           2           4           4
     4.81841    -1.79635    -8.45233
     0.12566     0.99207    -0.00000
    -0.99207     0.12566    -0.00000
    -0.00000     0.00000     1.00000
           0           2           5           1
     5.10150    -0.61496     8.62367
    -0.11115     0.99380     0.00000
    -0.99380    -0.11115     0.00000
     0.00000     0.00000     1.00000
           0           2           5           2
     5.10150    -0.61496     2.93167
    -0.11115     0.99380     0.00000
    -0.99380    -0.11115     0.00000
     0.00000     0.00000     1.00000
           0           2           5           3
     5.10150    -0.61496    -2.76033
    -0.11115     0.99380     0.00000
    -0.99380    -0.11115     0.00000
     0.00000     0.00000     1.00000
           0           2           5           4
     5.10150    -0.61496    -8.45233
    -0.11115     0.99380     0.00000
    -0.99380    -0.11115     0.00000
     0.00000     0.00000     1.00000
           0           2           6           1
     5.09888     0.59986     8.62367
    -0.34171     0.93980     0.00000
    -0.93980    -0.34171     0.00000
     0.00000     0.00000     1.00000
           0           2           6           2
     5.09888     0.59986     2.93167
    -0.34171     0.93980     0.00000
    -0.93980    -0.34171     0.00000
     0.00000     0.00000     1.00000
           0           2           6           3
     5.09888     0.59986    -2.76033
    -0.34171     0.93980     0.00000
    -0.93980    -0.34171     0.00000
     0.00000     0.00000     1.00000
           0           2           6           4
     5.09888     0.59986    -8.45233
    -0.34171     0.93980     0.00000
    -0.93980    -0.34171     0.00000
     0.00000     0.00000     1.00000
           0           2           7           1
     4.81065     1.78002     8.62367
    -0.55312     0.83310     0.00000
    -0.83310    -0.55312     0.00000
     0.00000     0.00000     1.00000
           0           2           7           2
     4.81065     1.78002     2.93167
    -0.55312     0.83310     0.00000
    -0.83310    -0.55312     0.00000
     0.00000     0.00000     1.00000
           0           2           7           3
     4.81065     1.78002    -2.76033
    -0.55312     0.83310     0.00000
    -0.83310    -0.55312     0.00000
     0.00000     0.00000     1.00000
           0           2           7           4
     4.81065     1.78002    -8.45233
    -0.55312     0.83310     0.00000
    -0.83310    -0.55312     0.00000
     0.00000     0.00000     1.00000
           0           2           8           1
     4.25301     2.85930     8.62367
    -0.73351     0.67968     0.00000
    -0.67968    -0.73351     0.00000
     0.00000     0.00000     1.00000
           0           2           8           2
     4.25301     2.85930     2.93167
    -0.73351     0.67968     0.00000
    -0.67968    -0.73351     0.00000
     0.00000     0.00000     1.00000
           0           2           8           3
     4.25301     2.85930    -2.76033
    -0.73351     0.67968     0.00000
    -0.67968    -0.73351     0.00000
     0.00000     0.00000     1.00000
           0           2           8           4
     4.25301     2.85930    -8.45233
    -0.73351     0.67968     0.00000
    -0.67968    -0.73351     0.00000
     0.00000     0.00000     1.00000
           0           2           9           1
     3.45721     3.77720     8.62367
    -0.87276     0.48814     0.00000
    -0.48814    -0.87276     0.00000
     0.00000     0.00000     1.00000
           0           2           9           2
     3.45721     3.77720     2.93167
    -0.87276     0.48814     0.00000
    -0.48814    -0.87276     0.00000
     0.00000     0.00000     1.00000
           0           2           9           3
     3.45721     3.77720    -2.76033
    -0.87276     0.48814     0.00000
    -0.48814    -0.87276     0.00000
     0.00000     0.00000     1.00000
           0           2           9           4
     3.45721     3.77720    -8.45233
    -0.87276     0.48814     0.00000
    -0.48814    -0.87276     0.00000
     0.00000     0.00000     1.00000
           0           2          10           1
     2.46789     4.48223     8.62367
    -0.96308     0.26922     0.00000
    -0.26922    -0.96308     0.00000
     0.00000     0.00000     1.00000
           0           2          10           2
     2.46789     4.48223     2.93167
    -0.96308     0.26922     0.00000
    -0.26922    -0.96308     0.00000
     0.00000     0.00000     1.00000
           0           2          10           3
     2.46789     4.48223    -2.76033
    -0.96308     0.26922     0.00000
    -0.26922    -0.96308     0.00000
     0.00000     0.00000     1.00000
           0           2          10           4
     2.46789     4.48223    -8.45233
    -0.96308     0.26922     0.00000
    -0.26922    -0.96308     0.00000
     0.00000     0.00000     1.00000
           0           2          11           1
    -2.46174     4.48716    -8.56012
     0.96341     0.26804     0.00000
     0.26804    -0.96341     0.00000
     0.00000    -0.00000    -1.00000
           0           2          11           2
    -2.46174     4.48716    -2.86812
     0.96341     0.26804     0.00000
     0.26804    -0.96341     0.00000
     0.00000    -0.00000    -1.00000
           0           2          11           3
    -2.46174     4.48716     2.82388
     0.96341     0.26804     0.00000
     0.26804    -0.96341     0.00000
     0.00000    -0.00000    -1.00000
           0           2          11           4
    -2.46174     4.48716     8.51588
     0.96341     0.26804     0.00000
     0.26804    -0.96341     0.00000
     0.00000    -0.00000    -1.00000
           0           2          12           1
    -3.45192     3.78334    -8.56012
     0.87336     0.48707     0.00000
     0.48707    -0.87336     0.00000
     0.00000    -0.00000    -1.00000
           0           2          12           2
    -3.45192     3.78334    -2.86812
     0.87336     0.48707     0.00000
     0.48707    -0.87336     0.00000
     0.00000    -0.00000    -1.00000
           0           2          12           3
    -3.45192     3.78334     2.82388
     0.87336     0.48707     0.00000
     0.48707    -0.87336     0.00000
     0.00000    -0.00000    -1.00000
           0           2          12           4
    -3.45192     3.78334     8.51588
     0.87336     0.48707     0.00000
     0.48707    -0.87336     0.00000
     0.00000    -0.00000    -1.00000
           0           2          13           1
    -4.24884     2.86642    -8.56012
     0.73434     0.67878     0.00000
     0.67878    -0.73434     0.00000
     0.00000    -0.00000    -1.00000
           0           2          13           2
    -4.24884     2.86642    -2.86812
     0.73434     0.67878     0.00000
     0.67878    -0.73434     0.00000
     0.00000    -0.00000    -1.00000
           0           2          13           3
    -4.24884     2.86642     2.82388
     0.73434     0.67878     0.00000
     0.67878    -0.73434     0.00000
     0.00000    -0.00000    -1.00000
           0           2          13           4
    -4.24884     2.86642     8.51588
     0.73434     0.67878     0.00000
     0.67878    -0.73434     0.00000
     0.00000    -0.00000    -1.00000
           0           2          14           1
    -4.80780     1.78782    -8.56012
     0.55414     0.83242    -0.00000
     0.83242    -0.55414    -0.00000
    -0.00000     0.00000    -1.00000
           0           2          14           2
    -4.80780     1.78782    -2.86812
     0.55414     0.83242    -0.00000
     0.83242    -0.55414    -0.00000
    -0.00000     0.00000    -1.00000
           0           2          14           3
    -4.80780     1.78782     2.82388
     0.55414     0.83242    -0.00000
     0.83242    -0.55414    -0.00000
    -0.00000     0.00000    -1.00000
           0           2          14           4
    -4.80780     1.78782     8.51588
     0.55414     0.83242    -0.00000
     0.83242    -0.55414    -0.00000
    -0.00000     0.00000    -1.00000
           0           2          15           1
    -5.09747     0.60801    -8.56012
     0.34286     0.93939    -0.00000
     0.93939    -0.34286    -0.00000
    -0.00000     0.00000    -1.00000
           0           2          15           2
    -5.09747     0.60801    -2.86812
     0.34286     0.93939    -0.00000
     0.93939    -0.34286    -0.00000
    -0.00000     0.00000    -1.00000
           0           2          15           3
    -5.09747     0.60801     2.82388
     0.34286     0.93939    -0.00000
     0.93939    -0.34286    -0.00000
    -0.00000     0.00000    -1.00000
           0           2          15           4
    -5.09747     0.60801     8.51588
     0.34286     0.93939    -0.00000
     0.93939    -0.34286    -0.00000
    -0.00000     0.00000    -1.00000
           0           2          16           1
    -5.10158    -0.60682    -8.56012
     0.11236     0.99367    -0.00000
     0.99367    -0.11236    -0.00000
    -0.00000     0.00000    -1.00000
           0           2          16           2
    -5.10158    -0.60682    -2.86812
     0.11236     0.99367    -0.00000
     0.99367    -0.11236    -0.00000
    -0.00000     0.00000    -1.00000
           0           2          16           3
    -5.10158    -0.60682     2.82388
     0.11236     0.99367    -0.00000
     0.99367    -0.11236    -0.00000
    -0.00000     0.00000    -1.00000
           0           2          16           4
    -5.10158    -0.60682     8.51588
     0.11236     0.99367    -0.00000
     0.99367    -0.11236    -0.00000
    -0.00000     0.00000    -1.00000
           0           2          17           1
    -4.81993    -1.78855    -8.56012
    -0.12445     0.99223    -0.00000
     0.99223     0.12445    -0.00000
    -0.00000    -0.00000    -1.00000
           0           2          17           2
    -4.81993    -1.78855    -2.86812
    -0.12445     0.99223    -0.00000
     0.99223     0.12445    -0.00000
    -0.00000    -0.00000    -1.00000
           0           2          17           3
    -4.81993    -1.78855     2.82388
    -0.12445     0.99223    -0.00000
     0.99223     0.12445    -0.00000
    -0.00000    -0.00000    -1.00000
           0           2          17           4
    -4.81993    -1.78855     8.51588
    -0.12445     0.99223    -0.00000
     0.99223     0.12445    -0.00000
    -0.00000    -0.00000    -1.00000
           0           2          18           1
    -4.26829    -2.87092    -8.56012
    -0.35427     0.93514    -0.00000
     0.93514     0.35427    -0.00000
    -0.00000    -0.00000    -1.00000
           0           2          18           2
    -4.26829    -2.87092    -2.86812
    -0.35427     0.93514    -0.00000
     0.93514     0.35427    -0.00000
    -0.00000    -0.00000    -1.00000
           0           2          18           3
    -4.26829    -2.87092     2.82388
    -0.35427     0.93514    -0.00000
     0.93514     0.35427    -0.00000
    -0.00000    -0.00000    -1.00000
           0           2          18           4
    -4.26829    -2.87092     8.51588
    -0.35427     0.93514    -0.00000
     0.93514     0.35427    -0.00000
    -0.00000    -0.00000    -1.00000
           0           2          19           1
    -3.47762    -3.79322    -8.56012
    -0.56424     0.82561    -0.00000
     0.82561     0.56424    -0.00000
    -0.00000    -0.00000    -1.00000
           0           2          19           2
    -3.47762    -3.79322    -2.86812
    -0.56424     0.82561    -0.00000
     0.82561     0.56424    -0.00000
    -0.00000    -0.00000    -1.00000
           0           2          19           3
    -3.47762    -3.79322     2.82388
    -0.56424     0.82561    -0.00000
     0.82561     0.56424    -0.00000
    -0.00000    -0.00000    -1.00000
           0           2          19           4
    -3.47762    -3.79322     8.51588
    -0.56424     0.82561    -0.00000
     0.82561     0.56424    -0.00000
    -0.00000    -0.00000    -1.00000
           0           2          20           1
    -2.49223    -4.50374    -8.56012
    -0.74255     0.66979    -0.00000
     0.66979     0.74255    -0.00000
    -0.00000    -0.00000    -1.00000
           0           2          20           2
    -2.49223    -4.50374    -2.86812
    -0.74255     0.66979    -0.00000
     0.66979     0.74255    -0.00000
    -0.00000    -0.00000    -1.00000
           0           2          20           3
    -2.49223    -4.50374     2.82388
    -0.74255     0.66979    -0.00000
     0.66979     0.74255    -0.00000
    -0.00000    -0.00000    -1.00000
           0           2          20           4
    -2.49223    -4.50374     8.51588
    -0.74255     0.66979    -0.00000
     0.66979     0.74255    -0.00000
    -0.00000    -0.00000    -1.00000
           0           3           1           1
     5.62649   -10.33306    12.75994
    -0.87815    -0.47838    -0.00000
    -0.47838     0.87815    -0.00000
     0.00000    -0.00000    -1.00000
           0           3           1           2
     5.62649   -10.33306     6.38454
    -0.87815    -0.47838    -0.00000
    -0.47838     0.87815    -0.00000
     0.00000    -0.00000    -1.00000
           0           3           1           3
     5.62649   -10.33306     0.00914
    -0.87815    -0.47838    -0.00000
    -0.47838     0.87815    -0.00000
     0.00000    -0.00000    -1.00000
           0           3           1           4
     5.62649   -10.33306    -6.36626
    -0.87815    -0.47838    -0.00000
    -0.47838     0.87815    -0.00000
     0.00000    -0.00000    -1.00000
           0           3           1           5
     5.62649   -10.33306   -12.74166
    -0.87815    -0.47838    -0.00000
    -0.47838     0.87815    -0.00000
     0.00000    -0.00000    -1.00000
           0           3           2           1
     7.52792    -7.11741    12.75994
    -0.68686    -0.72679     0.00000
    -0.72679     0.68686     0.00000
    -0.00000     0.00000    -1.00000
           0           3           2           2
     7.52792    -7.11741     6.38454
    -0.68686    -0.72679     0.00000
    -0.72679     0.68686     0.00000
    -0.00000     0.00000    -1.00000
           0           3           2           3
     7.52792    -7.11741     0.00914
    -0.68686    -0.72679     0.00000
    -0.72679     0.68686     0.00000
    -0.00000     0.00000    -1.00000
           0           3           2           4
     7.52792    -7.11741    -6.36626
    -0.68686    -0.72679     0.00000
    -0.72679     0.68686     0.00000
    -0.00000     0.00000    -1.00000
           0           3           2           5
     7.52792    -7.11741   -12.74166
    -0.68686    -0.72679     0.00000
    -0.72679     0.68686     0.00000
    -0.00000     0.00000    -1.00000
           0           3           3           1
    11.52438    -5.67797    12.75994
    -0.44181    -0.89711     0.00000
    -0.89711     0.44181     0.00000
    -0.00000     0.00000    -1.00000
           0           3           3           2
    11.52438    -5.67797     6.38454
    -0.44181    -0.89711     0.00000
    -0.89711     0.44181     0.00000
    -0.00000     0.00000    -1.00000
           0           3           3           3
    11.52438    -5.67797     0.00914
    -0.44181    -0.89711     0.00000
    -0.89711     0.44181     0.00000
    -0.00000     0.00000    -1.00000
           0           3           3           4
    11.52438    -5.67797    -6.36626
    -0.44181    -0.89711     0.00000
    -0.89711     0.44181     0.00000
    -0.00000     0.00000    -1.00000
           0           3           3           5
    11.52438    -5.67797   -12.74166
    -0.44181    -0.89711     0.00000
    -0.89711     0.44181     0.00000
    -0.00000     0.00000    -1.00000
           0           3           4           1
    11.57883    -2.07697    12.75994
    -0.17641    -0.98432     0.00000
    -0.98432     0.17641     0.00000
    -0.00000     0.00000    -1.00000
           0           3           4           2
    11.57883    -2.07697     6.38454
    -0.17641    -0.98432     0.00000
    -0.98432     0.17641     0.00000
    -0.00000     0.00000    -1.00000
           0           3           4           3
    11.57883    -2.07697     0.00914
    -0.17641    -0.98432     0.00000
    -0.98432     0.17641     0.00000
    -0.00000     0.00000    -1.00000
           0           3           4           4
    11.57883    -2.07697    -6.36626
    -0.17641    -0.98432     0.00000
    -0.98432     0.17641     0.00000
    -0.00000     0.00000    -1.00000
           0           3           4           5
    11.57883    -2.07697   -12.74166
    -0.17641    -0.98432     0.00000
    -0.98432     0.17641     0.00000
    -0.00000     0.00000    -1.00000
           0           3           5           1
    10.26054     1.41845    12.75994
     0.13707    -0.99056     0.00000
    -0.99056    -0.13707     0.00000
    -0.00000    -0.00000    -1.00000
           0           3           5           2
    10.26054     1.41845     6.38454
     0.13707    -0.99056     0.00000
    -0.99056    -0.13707     0.00000
    -0.00000    -0.00000    -1.00000
           0           3           5           3
    10.26054     1.41845     0.00914
     0.13707    -0.99056     0.00000
    -0.99056    -0.13707     0.00000
    -0.00000    -0.00000    -1.00000
           0           3           5           4
    10.26054     1.41845    -6.36626
     0.13707    -0.99056     0.00000
    -0.99056    -0.13707     0.00000
    -0.00000    -0.00000    -1.00000
           0           3           5           5
    10.26054     1.41845   -12.74166
     0.13707    -0.99056     0.00000
    -0.99056    -0.13707     0.00000
    -0.00000    -0.00000    -1.00000
           0           3           6           1
    11.63871     5.43645    12.75994
     0.42326    -0.90601     0.00000
    -0.90601    -0.42326     0.00000
    -0.00000    -0.00000    -1.00000
           0           3           6           2
    11.63871     5.43645     6.38454
     0.42326    -0.90601     0.00000
    -0.90601    -0.42326     0.00000
    -0.00000    -0.00000    -1.00000
           0           3           6           3
    11.63871     5.43645     0.00914
     0.42326    -0.90601     0.00000
    -0.90601    -0.42326     0.00000
    -0.00000    -0.00000    -1.00000
           0           3           6           4
    11.63871     5.43645    -6.36626
     0.42326    -0.90601     0.00000
    -0.90601    -0.42326     0.00000
    -0.00000    -0.00000    -1.00000
           0           3           6           5
    11.63871     5.43645   -12.74166
     0.42326    -0.90601     0.00000
    -0.90601    -0.42326     0.00000
    -0.00000    -0.00000    -1.00000
           0           3           7           1
     8.86402     7.73238    12.75994
     0.65737    -0.75356     0.00000
    -0.75356    -0.65737     0.00000
    -0.00000    -0.00000    -1.00000
           0           3           7           2
     8.86402     7.73238     6.38454
     0.65737    -0.75356     0.00000
    -0.75356    -0.65737     0.00000
    -0.00000    -0.00000    -1.00000
           0           3           7           3
     8.86402     7.73238     0.00914
     0.65737    -0.75356     0.00000
    -0.75356    -0.65737     0.00000
    -0.00000    -0.00000    -1.00000
           0           3           7           4
     8.86402     7.73238    -6.36626
     0.65737    -0.75356     0.00000
    -0.75356    -0.65737     0.00000
    -0.00000    -0.00000    -1.00000
           0           3           7           5
     8.86402     7.73238   -12.74166
     0.65737    -0.75356     0.00000
    -0.75356    -0.65737     0.00000
    -0.00000    -0.00000    -1.00000
           0           3           8           1
     5.31265     8.89151    12.75994
     0.85841    -0.51297     0.00000
    -0.51297    -0.85841     0.00000
    -0.00000    -0.00000    -1.00000
           0           3           8           2
     5.31265     8.89151     6.38454
     0.85841    -0.51297     0.00000
    -0.51297    -0.85841     0.00000
    -0.00000    -0.00000    -1.00000
           0           3           8           3
     5.31265     8.89151     0.00914
     0.85841    -0.51297     0.00000
    -0.51297    -0.85841     0.00000
    -0.00000    -0.00000    -1.00000
           0           3           8           4
     5.31265     8.89151    -6.36626
     0.85841    -0.51297     0.00000
    -0.51297    -0.85841     0.00000
    -0.00000    -0.00000    -1.00000
           0           3           8           5
     5.31265     8.89151   -12.74166
     0.85841    -0.51297     0.00000
    -0.51297    -0.85841     0.00000
    -0.00000    -0.00000    -1.00000
           0           3           9           1
    -5.31244     8.90489   -12.74285
    -0.85817    -0.51336    -0.00000
     0.51336    -0.85817    -0.00000
     0.00000     0.00000     1.00000
           0           3           9           2
    -5.31244     8.90489    -6.36745
    -0.85817    -0.51336    -0.00000
     0.51336    -0.85817    -0.00000
     0.00000     0.00000     1.00000
           0           3           9           3
    -5.31244     8.90489     0.00795
    -0.85817    -0.51336    -0.00000
     0.51336    -0.85817    -0.00000
     0.00000     0.00000     1.00000
           0           3           9           4
    -5.31244     8.90489     6.38335
    -0.85817    -0.51336    -0.00000
     0.51336    -0.85817    -0.00000
     0.00000     0.00000     1.00000
           0           3           9           5
    -5.31244     8.90489    12.75875
    -0.85817    -0.51336    -0.00000
     0.51336    -0.85817    -0.00000
     0.00000     0.00000     1.00000
           0           3          10           1
    -8.86285     7.74461   -12.74285
    -0.65707    -0.75383    -0.00000
     0.75383    -0.65707    -0.00000
     0.00000     0.00000     1.00000
           0           3          10           2
    -8.86285     7.74461    -6.36745
    -0.65707    -0.75383    -0.00000
     0.75383    -0.65707    -0.00000
     0.00000     0.00000     1.00000
           0           3          10           3
    -8.86285     7.74461     0.00795
    -0.65707    -0.75383    -0.00000
     0.75383    -0.65707    -0.00000
     0.00000     0.00000     1.00000
           0           3          10           4
    -8.86285     7.74461     6.38335
    -0.65707    -0.75383    -0.00000
     0.75383    -0.65707    -0.00000
     0.00000     0.00000     1.00000
           0           3          10           5
    -8.86285     7.74461    12.75875
    -0.65707    -0.75383    -0.00000
     0.75383    -0.65707    -0.00000
     0.00000     0.00000     1.00000
           0           3          11           1
   -11.63643     5.44796   -12.74285
    -0.42293    -0.90616    -0.00000
     0.90616    -0.42293    -0.00000
     0.00000     0.00000     1.00000
           0           3          11           2
   -11.63643     5.44796    -6.36745
    -0.42293    -0.90616    -0.00000
     0.90616    -0.42293    -0.00000
     0.00000     0.00000     1.00000
           0           3          11           3
   -11.63643     5.44796     0.00795
    -0.42293    -0.90616    -0.00000
     0.90616    -0.42293    -0.00000
     0.00000     0.00000     1.00000
           0           3          11           4
   -11.63643     5.44796     6.38335
    -0.42293    -0.90616    -0.00000
     0.90616    -0.42293    -0.00000
     0.00000     0.00000     1.00000
           0           3          11           5
   -11.63643     5.44796    12.75875
    -0.42293    -0.90616    -0.00000
     0.90616    -0.42293    -0.00000
     0.00000     0.00000     1.00000
           0           3          12           1
   -10.25690     1.42954   -12.74285
    -0.13661    -0.99062    -0.00000
     0.99062    -0.13661    -0.00000
     0.00000     0.00000     1.00000
           0           3          12           2
   -10.25690     1.42954    -6.36745
    -0.13661    -0.99062    -0.00000
     0.99062    -0.13661    -0.00000
     0.00000     0.00000     1.00000
           0           3          12           3
   -10.25690     1.42954     0.00795
    -0.13661    -0.99062    -0.00000
     0.99062    -0.13661    -0.00000
     0.00000     0.00000     1.00000
           0           3          12           4
   -10.25690     1.42954     6.38335
    -0.13661    -0.99062    -0.00000
     0.99062    -0.13661    -0.00000
     0.00000     0.00000     1.00000
           0           3          12           5
   -10.25690     1.42954    12.75875
    -0.13661    -0.99062    -0.00000
     0.99062    -0.13661    -0.00000
     0.00000     0.00000     1.00000
           0           3          13           1
   -11.57369    -2.06585   -12.74285
     0.17680    -0.98425    -0.00000
     0.98425     0.17680    -0.00000
     0.00000     0.00000     1.00000
           0           3          13           2
   -11.57369    -2.06585    -6.36745
     0.17680    -0.98425    -0.00000
     0.98425     0.17680    -0.00000
     0.00000     0.00000     1.00000
           0           3          13           3
   -11.57369    -2.06585     0.00795
     0.17680    -0.98425    -0.00000
     0.98425     0.17680    -0.00000
     0.00000     0.00000     1.00000
           0           3          13           4
   -11.57369    -2.06585     6.38335
     0.17680    -0.98425    -0.00000
     0.98425     0.17680    -0.00000
     0.00000     0.00000     1.00000
           0           3          13           5
   -11.57369    -2.06585    12.75875
     0.17680    -0.98425    -0.00000
     0.98425     0.17680    -0.00000
     0.00000     0.00000     1.00000
           0           3          14           1
   -11.51797    -5.66643   -12.74285
     0.44214    -0.89695    -0.00000
     0.89695     0.44214    -0.00000
     0.00000     0.00000     1.00000
           0           3          14           2
   -11.51797    -5.66643    -6.36745
     0.44214    -0.89695    -0.00000
     0.89695     0.44214    -0.00000
     0.00000     0.00000     1.00000
           0           3          14           3
   -11.51797    -5.66643     0.00795
     0.44214    -0.89695    -0.00000
     0.89695     0.44214    -0.00000
     0.00000     0.00000     1.00000
           0           3          14           4
   -11.51797    -5.66643     6.38335
     0.44214    -0.89695    -0.00000
     0.89695     0.44214    -0.00000
     0.00000     0.00000     1.00000
           0           3          14           5
   -11.51797    -5.66643    12.75875
     0.44214    -0.89695    -0.00000
     0.89695     0.44214    -0.00000
     0.00000     0.00000     1.00000
           0           3          15           1
    -7.52034    -7.10507   -12.74285
     0.68719    -0.72647    -0.00000
     0.72647     0.68719    -0.00000
     0.00000     0.00000     1.00000
           0           3          15           2
    -7.52034    -7.10507    -6.36745
     0.68719    -0.72647    -0.00000
     0.72647     0.68719    -0.00000
     0.00000     0.00000     1.00000
           0           3          15           3
    -7.52034    -7.10507     0.00795
     0.68719    -0.72647    -0.00000
     0.72647     0.68719    -0.00000
     0.00000     0.00000     1.00000
           0           3          15           4
    -7.52034    -7.10507     6.38335
     0.68719    -0.72647    -0.00000
     0.72647     0.68719    -0.00000
     0.00000     0.00000     1.00000
           0           3          15           5
    -7.52034    -7.10507    12.75875
     0.68719    -0.72647    -0.00000
     0.72647     0.68719    -0.00000
     0.00000     0.00000     1.00000
           0           3          16           1
    -5.61800   -10.31952   -12.74285
     0.87835    -0.47802    -0.00000
     0.47802     0.87835    -0.00000
     0.00000     0.00000     1.00000
           0           3          16           2
    -5.61800   -10.31952    -6.36745
     0.87835    -0.47802    -0.00000
     0.47802     0.87835    -0.00000
     0.00000     0.00000     1.00000
           0           3          16           3
