 SVX cage parameters:
     2.20000
     0.50000     0.20000
     0.00000
           6
   -40.00000   -26.50000   -26.50000    26.50000    26.50000    40.00000
    53.00000    53.00000    22.00000    22.00000    53.00000    53.00000
     0.00000     0.00000     0.00000
 SVX barrel parameters:
           4
     2.63000     5.13000    11.76500    16.68700     1.21400
     0.00000     0.00000     0.00000     0.00000
           4           4           5           6
     0.69600     0.69600     1.74500     1.74500
     0.01000     0.01000     0.03125     0.03125
     2.83600     2.83600     3.18770     3.18770
     0.01900     0.01900     0.00000     0.00000
     0.02000     0.02000     0.00000     0.00000
    26.70000    13.60000    17.00000    12.00000
   -13.00000   -13.02000     0.00000     0.00000
           2
           5           5
     0.00000   180.00000
           2
          10          10
     0.00000   180.00000
           2
           8           8
     0.00000   180.00000
           2
          12          12
     0.00000   180.00000
 SVX barrel sensor rotation matrices and translation vectors:
           0           1           1           1
     1.56828    -2.12774     8.57721
     0.64693     0.76255    -0.00000
    -0.76255     0.64693    -0.00000
    -0.00000     0.00000     1.00000
           0           1           1           2
     1.56828    -2.12774     2.88521
     0.64693     0.76255    -0.00000
    -0.76255     0.64693    -0.00000
    -0.00000     0.00000     1.00000
           0           1           1           3
     1.56828    -2.12774    -2.80679
     0.64693     0.76255    -0.00000
    -0.76255     0.64693    -0.00000
    -0.00000     0.00000     1.00000
           0           1           1           4
     1.56828    -2.12774    -8.49879
     0.64693     0.76255    -0.00000
    -0.76255     0.64693    -0.00000
    -0.00000     0.00000     1.00000
           0           1           2           1
     2.34950    -1.19781     8.57721
     0.23532     0.97192    -0.00000
    -0.97192     0.23532    -0.00000
    -0.00000     0.00000     1.00000
           0           1           2           2
     2.34950    -1.19781     2.88521
     0.23532     0.97192    -0.00000
    -0.97192     0.23532    -0.00000
    -0.00000     0.00000     1.00000
           0           1           2           3
     2.34950    -1.19781    -2.80679
     0.23532     0.97192    -0.00000
    -0.97192     0.23532    -0.00000
    -0.00000     0.00000     1.00000
           0           1           2           4
     2.34950    -1.19781    -8.49879
     0.23532     0.97192    -0.00000
    -0.97192     0.23532    -0.00000
    -0.00000     0.00000     1.00000
           0           1           3           1
     2.62957    -0.01602     8.57721
    -0.22647     0.97402     0.00000
    -0.97402    -0.22647     0.00000
     0.00000     0.00000     1.00000
           0           1           3           2
     2.62957    -0.01602     2.88521
    -0.22647     0.97402     0.00000
    -0.97402    -0.22647     0.00000
     0.00000     0.00000     1.00000
           0           1           3           3
     2.62957    -0.01602    -2.80679
    -0.22647     0.97402     0.00000
    -0.97402    -0.22647     0.00000
     0.00000     0.00000     1.00000
           0           1           3           4
     2.62957    -0.01602    -8.49879
    -0.22647     0.97402     0.00000
    -0.97402    -0.22647     0.00000
     0.00000     0.00000     1.00000
           0           1           4           1
     2.34879     1.16561     8.57721
    -0.63997     0.76840     0.00000
    -0.76840    -0.63997     0.00000
     0.00000     0.00000     1.00000
           0           1           4           2
     2.34879     1.16561     2.88521
    -0.63997     0.76840     0.00000
    -0.76840    -0.63997     0.00000
     0.00000     0.00000     1.00000
           0           1           4           3
     2.34879     1.16561    -2.80679
    -0.63997     0.76840     0.00000
    -0.76840    -0.63997     0.00000
     0.00000     0.00000     1.00000
           0           1           4           4
     2.34879     1.16561    -8.49879
    -0.63997     0.76840     0.00000
    -0.76840    -0.63997     0.00000
     0.00000     0.00000     1.00000
           0           1           5           1
     1.56701     2.09508     8.57721
    -0.91699     0.39892     0.00000
    -0.39892    -0.91699     0.00000
     0.00000     0.00000     1.00000
           0           1           5           2
     1.56701     2.09508     2.88521
    -0.91699     0.39892     0.00000
    -0.39892    -0.91699     0.00000
     0.00000     0.00000     1.00000
           0           1           5           3
     1.56701     2.09508    -2.80679
    -0.91699     0.39892     0.00000
    -0.39892    -0.91699     0.00000
     0.00000     0.00000     1.00000
           0           1           5           4
     1.56701     2.09508    -8.49879
    -0.91699     0.39892     0.00000
    -0.39892    -0.91699     0.00000
     0.00000     0.00000     1.00000
           0           1           6           1
    -1.55836     2.12181    -8.54316
     0.91926     0.39365     0.00000
     0.39365    -0.91926     0.00000
     0.00000    -0.00000    -1.00000
           0           1           6           2
    -1.55836     2.12181    -2.85116
     0.91926     0.39365     0.00000
     0.39365    -0.91926     0.00000
     0.00000    -0.00000    -1.00000
           0           1           6           3
    -1.55836     2.12181     2.84084
     0.91926     0.39365     0.00000
     0.39365    -0.91926     0.00000
     0.00000    -0.00000    -1.00000
           0           1           6           4
    -1.55836     2.12181     8.53284
     0.91926     0.39365     0.00000
     0.39365    -0.91926     0.00000
     0.00000    -0.00000    -1.00000
           0           1           7           1
    -2.34546     1.19684    -8.54316
     0.64436     0.76472    -0.00000
     0.76472    -0.64436    -0.00000
    -0.00000     0.00000    -1.00000
           0           1           7           2
    -2.34546     1.19684    -2.85116
     0.64436     0.76472    -0.00000
     0.76472    -0.64436    -0.00000
    -0.00000     0.00000    -1.00000
           0           1           7           3
    -2.34546     1.19684     2.84084
     0.64436     0.76472    -0.00000
     0.76472    -0.64436    -0.00000
    -0.00000     0.00000    -1.00000
           0           1           7           4
    -2.34546     1.19684     8.53284
     0.64436     0.76472    -0.00000
     0.76472    -0.64436    -0.00000
    -0.00000     0.00000    -1.00000
           0           1           8           1
    -2.63303     0.01684    -8.54316
     0.23205     0.97270    -0.00000
     0.97270    -0.23205    -0.00000
    -0.00000     0.00000    -1.00000
           0           1           8           2
    -2.63302     0.01684    -2.85116
     0.23205     0.97270    -0.00000
     0.97270    -0.23205    -0.00000
    -0.00000     0.00000    -1.00000
           0           1           8           3
    -2.63302     0.01684     2.84084
     0.23205     0.97270    -0.00000
     0.97270    -0.23205    -0.00000
    -0.00000     0.00000    -1.00000
           0           1           8           4
    -2.63302     0.01684     8.53284
     0.23205     0.97270    -0.00000
     0.97270    -0.23205    -0.00000
    -0.00000     0.00000    -1.00000
           0           1           9           1
    -2.35972    -1.16654    -8.54316
    -0.22974     0.97325    -0.00000
     0.97325     0.22974    -0.00000
    -0.00000    -0.00000    -1.00000
           0           1           9           2
    -2.35972    -1.16654    -2.85116
    -0.22974     0.97325    -0.00000
     0.97325     0.22974    -0.00000
    -0.00000    -0.00000    -1.00000
           0           1           9           3
    -2.35972    -1.16654     2.84084
    -0.22974     0.97325    -0.00000
     0.97325     0.22974    -0.00000
    -0.00000    -0.00000    -1.00000
           0           1           9           4
    -2.35972    -1.16654     8.53284
    -0.22974     0.97325    -0.00000
     0.97325     0.22974    -0.00000
    -0.00000    -0.00000    -1.00000
           0           1          10           1
    -1.58386    -2.10093    -8.54316
    -0.64255     0.76625    -0.00000
     0.76625     0.64255    -0.00000
    -0.00000    -0.00000    -1.00000
           0           1          10           2
    -1.58386    -2.10093    -2.85116
    -0.64255     0.76625    -0.00000
     0.76625     0.64255    -0.00000
    -0.00000    -0.00000    -1.00000
           0           1          10           3
    -1.58386    -2.10093     2.84084
    -0.64255     0.76625    -0.00000
     0.76625     0.64255    -0.00000
    -0.00000    -0.00000    -1.00000
           0           1          10           4
    -1.58386    -2.10093     8.53284
    -0.64255     0.76625    -0.00000
     0.76625     0.64255    -0.00000
    -0.00000    -0.00000    -1.00000
           0           2           1           1
     2.46228    -4.50930     8.57128
     0.74707     0.66475    -0.00000
    -0.66475     0.74707    -0.00000
     0.00000     0.00000     1.00000
           0           2           1           2
     2.46228    -4.50930     2.87928
     0.74707     0.66475    -0.00000
    -0.66475     0.74707    -0.00000
     0.00000     0.00000     1.00000
           0           2           1           3
     2.46228    -4.50930    -2.81272
     0.74707     0.66475    -0.00000
    -0.66475     0.74707    -0.00000
     0.00000     0.00000     1.00000
           0           2           1           4
     2.46228    -4.50930    -8.50472
     0.74707     0.66475    -0.00000
    -0.66475     0.74707    -0.00000
     0.00000     0.00000     1.00000
           0           2           2           1
     3.45245    -3.80546     8.57128
     0.56981     0.82178    -0.00000
    -0.82178     0.56981    -0.00000
     0.00000     0.00000     1.00000
           0           2           2           2
     3.45245    -3.80546     2.87928
     0.56981     0.82178    -0.00000
    -0.82178     0.56981    -0.00000
     0.00000     0.00000     1.00000
           0           2           2           3
     3.45245    -3.80546    -2.81272
     0.56981     0.82178    -0.00000
    -0.82178     0.56981    -0.00000
     0.00000     0.00000     1.00000
           0           2           2           4
     3.45245    -3.80546    -8.50472
     0.56981     0.82178    -0.00000
    -0.82178     0.56981    -0.00000
     0.00000     0.00000     1.00000
           0           2           3           1
     4.24935    -2.88854     8.57128
     0.36060     0.93272    -0.00000
    -0.93272     0.36060    -0.00000
     0.00000     0.00000     1.00000
           0           2           3           2
     4.24935    -2.88854     2.87928
     0.36060     0.93272    -0.00000
    -0.93272     0.36060    -0.00000
     0.00000     0.00000     1.00000
           0           2           3           3
     4.24935    -2.88854    -2.81272
     0.36060     0.93272    -0.00000
    -0.93272     0.36060    -0.00000
     0.00000     0.00000     1.00000
           0           2           3           4
     4.24935    -2.88854    -8.50472
     0.36060     0.93272    -0.00000
    -0.93272     0.36060    -0.00000
     0.00000     0.00000     1.00000
           0           2           4           1
     4.80830    -1.80994     8.57128
     0.13116     0.99136    -0.00000
    -0.99136     0.13116    -0.00000
     0.00000     0.00000     1.00000
           0           2           4           2
     4.80830    -1.80994     2.87928
     0.13116     0.99136    -0.00000
    -0.99136     0.13116    -0.00000
     0.00000     0.00000     1.00000
           0           2           4           3
     4.80830    -1.80994    -2.81272
     0.13116     0.99136    -0.00000
    -0.99136     0.13116    -0.00000
     0.00000     0.00000     1.00000
           0           2           4           4
     4.80830    -1.80994    -8.50472
     0.13116     0.99136    -0.00000
    -0.99136     0.13116    -0.00000
     0.00000     0.00000     1.00000
           0           2           5           1
     5.09794    -0.63015     8.57128
    -0.10563     0.99441     0.00000
    -0.99441    -0.10563     0.00000
     0.00000     0.00000     1.00000
           0           2           5           2
     5.09794    -0.63015     2.87928
    -0.10563     0.99441     0.00000
    -0.99441    -0.10563     0.00000
     0.00000     0.00000     1.00000
           0           2           5           3
     5.09794    -0.63015    -2.81272
    -0.10563     0.99441     0.00000
    -0.99441    -0.10563     0.00000
     0.00000     0.00000     1.00000
           0           2           5           4
     5.09794    -0.63015    -8.50472
    -0.10563     0.99441     0.00000
    -0.99441    -0.10563     0.00000
     0.00000     0.00000     1.00000
           0           2           6           1
     5.10206     0.58465     8.57128
    -0.33649     0.94169     0.00000
    -0.94169    -0.33649     0.00000
     0.00000     0.00000     1.00000
           0           2           6           2
     5.10206     0.58465     2.87928
    -0.33649     0.94169     0.00000
    -0.94169    -0.33649     0.00000
     0.00000     0.00000     1.00000
           0           2           6           3
     5.10206     0.58465    -2.81272
    -0.33649     0.94169     0.00000
    -0.94169    -0.33649     0.00000
     0.00000     0.00000     1.00000
           0           2           6           4
     5.10206     0.58465    -8.50472
    -0.33649     0.94169     0.00000
    -0.94169    -0.33649     0.00000
     0.00000     0.00000     1.00000
           0           2           7           1
     4.82040     1.76638     8.57128
    -0.54848     0.83616     0.00000
    -0.83616    -0.54848     0.00000
     0.00000     0.00000     1.00000
           0           2           7           2
     4.82040     1.76638     2.87928
    -0.54848     0.83616     0.00000
    -0.83616    -0.54848     0.00000
     0.00000     0.00000     1.00000
           0           2           7           3
     4.82040     1.76638    -2.81272
    -0.54848     0.83616     0.00000
    -0.83616    -0.54848     0.00000
     0.00000     0.00000     1.00000
           0           2           7           4
     4.82040     1.76638    -8.50472
    -0.54848     0.83616     0.00000
    -0.83616    -0.54848     0.00000
     0.00000     0.00000     1.00000
           0           2           8           1
     4.26878     2.84873     8.57128
    -0.72972     0.68375     0.00000
    -0.68375    -0.72972     0.00000
     0.00000     0.00000     1.00000
           0           2           8           2
     4.26878     2.84873     2.87928
    -0.72972     0.68375     0.00000
    -0.68375    -0.72972     0.00000
     0.00000     0.00000     1.00000
           0           2           8           3
     4.26878     2.84873    -2.81272
    -0.72972     0.68375     0.00000
    -0.68375    -0.72972     0.00000
     0.00000     0.00000     1.00000
           0           2           8           4
     4.26878     2.84873    -8.50472
    -0.72972     0.68375     0.00000
    -0.68375    -0.72972     0.00000
     0.00000     0.00000     1.00000
           0           2           9           1
     3.47811     3.77103     8.57128
    -0.87003     0.49299     0.00000
    -0.49299    -0.87003     0.00000
     0.00000     0.00000     1.00000
           0           2           9           2
     3.47811     3.77103     2.87928
    -0.87003     0.49299     0.00000
    -0.49299    -0.87003     0.00000
     0.00000     0.00000     1.00000
           0           2           9           3
     3.47811     3.77103    -2.81272
    -0.87003     0.49299     0.00000
    -0.49299    -0.87003     0.00000
     0.00000     0.00000     1.00000
           0           2           9           4
     3.47811     3.77103    -8.50472
    -0.87003     0.49299     0.00000
    -0.49299    -0.87003     0.00000
     0.00000     0.00000     1.00000
           0           2          10           1
     2.49274     4.48155     8.57128
    -0.96156     0.27458     0.00000
    -0.27458    -0.96156     0.00000
     0.00000     0.00000     1.00000
           0           2          10           2
     2.49274     4.48155     2.87928
    -0.96156     0.27458     0.00000
    -0.27458    -0.96156     0.00000
     0.00000     0.00000     1.00000
           0           2          10           3
     2.49274     4.48155    -2.81272
    -0.96156     0.27458     0.00000
    -0.27458    -0.96156     0.00000
     0.00000     0.00000     1.00000
           0           2          10           4
     2.49274     4.48155    -8.50472
    -0.96156     0.27458     0.00000
    -0.27458    -0.96156     0.00000
     0.00000     0.00000     1.00000
           0           2          11           1
    -2.45917     4.50897    -8.54285
     0.96312     0.26909     0.00000
     0.26909    -0.96312     0.00000
     0.00000    -0.00000    -1.00000
           0           2          11           2
    -2.45917     4.50897    -2.85085
     0.96312     0.26909     0.00000
     0.26909    -0.96312     0.00000
     0.00000    -0.00000    -1.00000
           0           2          11           3
    -2.45917     4.50897     2.84115
     0.96312     0.26909     0.00000
     0.26909    -0.96312     0.00000
     0.00000    -0.00000    -1.00000
           0           2          11           4
    -2.45917     4.50897     8.53315
     0.96312     0.26909     0.00000
     0.26909    -0.96312     0.00000
     0.00000    -0.00000    -1.00000
           0           2          12           1
    -3.44857     3.80409    -8.54285
     0.87283     0.48802     0.00000
     0.48802    -0.87283     0.00000
     0.00000    -0.00000    -1.00000
           0           2          12           2
    -3.44857     3.80409    -2.85085
     0.87283     0.48802     0.00000
     0.48802    -0.87283     0.00000
     0.00000    -0.00000    -1.00000
           0           2          12           3
    -3.44857     3.80409     2.84115
     0.87283     0.48802     0.00000
     0.48802    -0.87283     0.00000
     0.00000    -0.00000    -1.00000
           0           2          12           4
    -3.44857     3.80409     8.53315
     0.87283     0.48802     0.00000
     0.48802    -0.87283     0.00000
     0.00000    -0.00000    -1.00000
           0           2          13           1
    -4.24449     2.88631    -8.54285
     0.73361     0.67957     0.00000
     0.67957    -0.73361     0.00000
     0.00000    -0.00000    -1.00000
           0           2          13           2
    -4.24449     2.88631    -2.85085
     0.73361     0.67957     0.00000
     0.67957    -0.73361     0.00000
     0.00000    -0.00000    -1.00000
           0           2          13           3
    -4.24449     2.88631     2.84115
     0.73361     0.67957     0.00000
     0.67957    -0.73361     0.00000
     0.00000    -0.00000    -1.00000
           0           2          13           4
    -4.24449     2.88631     8.53315
     0.73361     0.67957     0.00000
     0.67957    -0.73361     0.00000
     0.00000    -0.00000    -1.00000
           0           2          14           1
    -4.80228     1.80713    -8.54285
     0.55324     0.83302    -0.00000
     0.83302    -0.55324    -0.00000
    -0.00000     0.00000    -1.00000
           0           2          14           2
    -4.80228     1.80713    -2.85085
     0.55324     0.83302    -0.00000
     0.83302    -0.55324    -0.00000
    -0.00000     0.00000    -1.00000
           0           2          14           3
    -4.80228     1.80713     2.84115
     0.55324     0.83302    -0.00000
     0.83302    -0.55324    -0.00000
    -0.00000     0.00000    -1.00000
           0           2          14           4
    -4.80228     1.80713     8.53315
     0.55324     0.83302    -0.00000
     0.83302    -0.55324    -0.00000
    -0.00000     0.00000    -1.00000
           0           2          15           1
    -5.09068     0.62703    -8.54285
     0.34185     0.93975    -0.00000
     0.93975    -0.34185    -0.00000
    -0.00000     0.00000    -1.00000
           0           2          15           2
    -5.09068     0.62703    -2.85085
     0.34185     0.93975    -0.00000
     0.93975    -0.34185    -0.00000
    -0.00000     0.00000    -1.00000
           0           2          15           3
    -5.09068     0.62703     2.84115
     0.34185     0.93975    -0.00000
     0.93975    -0.34185    -0.00000
    -0.00000     0.00000    -1.00000
           0           2          15           4
    -5.09068     0.62703     8.53315
     0.34185     0.93975    -0.00000
     0.93975    -0.34185    -0.00000
    -0.00000     0.00000    -1.00000
           0           2          16           1
    -5.09349    -0.58779    -8.54285
     0.11130     0.99379    -0.00000
     0.99379    -0.11130    -0.00000
    -0.00000     0.00000    -1.00000
           0           2          16           2
    -5.09349    -0.58779    -2.85085
     0.11130     0.99379    -0.00000
     0.99379    -0.11130    -0.00000
    -0.00000     0.00000    -1.00000
           0           2          16           3
    -5.09349    -0.58779     2.84115
     0.11130     0.99379    -0.00000
     0.99379    -0.11130    -0.00000
    -0.00000     0.00000    -1.00000
           0           2          16           4
    -5.09349    -0.58779     8.53315
     0.11130     0.99379    -0.00000
     0.99379    -0.11130    -0.00000
    -0.00000     0.00000    -1.00000
           0           2          17           1
    -4.81058    -1.76920    -8.54285
    -0.12551     0.99209    -0.00000
     0.99209     0.12551    -0.00000
    -0.00000    -0.00000    -1.00000
           0           2          17           2
    -4.81058    -1.76920    -2.85085
    -0.12551     0.99209    -0.00000
     0.99209     0.12551    -0.00000
    -0.00000    -0.00000    -1.00000
           0           2          17           3
    -4.81058    -1.76920     2.84115
    -0.12551     0.99209    -0.00000
     0.99209     0.12551    -0.00000
    -0.00000    -0.00000    -1.00000
           0           2          17           4
    -4.81058    -1.76920     8.53315
    -0.12551     0.99209    -0.00000
     0.99209     0.12551    -0.00000
    -0.00000    -0.00000    -1.00000
           0           2          18           1
    -4.25779    -2.85098    -8.54285
    -0.35527     0.93476    -0.00000
     0.93476     0.35527    -0.00000
    -0.00000    -0.00000    -1.00000
           0           2          18           2
    -4.25779    -2.85098    -2.85085
    -0.35527     0.93476    -0.00000
     0.93476     0.35527    -0.00000
    -0.00000    -0.00000    -1.00000
           0           2          18           3
    -4.25779    -2.85098     2.84115
    -0.35527     0.93476    -0.00000
     0.93476     0.35527    -0.00000
    -0.00000    -0.00000    -1.00000
           0           2          18           4
    -4.25779    -2.85098     8.53315
    -0.35527     0.93476    -0.00000
     0.93476     0.35527    -0.00000
    -0.00000    -0.00000    -1.00000
           0           2          19           1
    -3.46614    -3.77242    -8.54285
    -0.56511     0.82501    -0.00000
     0.82501     0.56511    -0.00000
    -0.00000    -0.00000    -1.00000
           0           2          19           2
    -3.46614    -3.77242    -2.85085
    -0.56511     0.82501    -0.00000
     0.82501     0.56511    -0.00000
    -0.00000    -0.00000    -1.00000
           0           2          19           3
    -3.46614    -3.77242     2.84115
    -0.56511     0.82501    -0.00000
     0.82501     0.56511    -0.00000
    -0.00000    -0.00000    -1.00000
           0           2          19           4
    -3.46614    -3.77242     8.53315
    -0.56511     0.82501    -0.00000
     0.82501     0.56511    -0.00000
    -0.00000    -0.00000    -1.00000
           0           2          20           1
    -2.48001    -4.48190    -8.54285
    -0.74326     0.66900    -0.00000
     0.66900     0.74326    -0.00000
    -0.00000    -0.00000    -1.00000
           0           2          20           2
    -2.48001    -4.48190    -2.85085
    -0.74326     0.66900    -0.00000
     0.66900     0.74326    -0.00000
    -0.00000    -0.00000    -1.00000
           0           2          20           3
    -2.48001    -4.48190     2.84115
    -0.74326     0.66900    -0.00000
     0.66900     0.74326    -0.00000
    -0.00000    -0.00000    -1.00000
           0           2          20           4
    -2.48001    -4.48190     8.53315
    -0.74326     0.66900    -0.00000
     0.66900     0.74326    -0.00000
    -0.00000    -0.00000    -1.00000
           0           3           1           1
     5.61643   -10.33164    12.75374
    -0.87866    -0.47746    -0.00000
    -0.47746     0.87866    -0.00000
     0.00000    -0.00000    -1.00000
           0           3           1           2
     5.61643   -10.33164     6.37834
    -0.87866    -0.47746    -0.00000
    -0.47746     0.87866    -0.00000
     0.00000    -0.00000    -1.00000
           0           3           1           3
     5.61643   -10.33164     0.00294
    -0.87866    -0.47746    -0.00000
    -0.47746     0.87866    -0.00000
     0.00000    -0.00000    -1.00000
           0           3           1           4
     5.61643   -10.33164    -6.37246
    -0.87866    -0.47746    -0.00000
    -0.47746     0.87866    -0.00000
     0.00000    -0.00000    -1.00000
           0           3           1           5
     5.61643   -10.33164   -12.74786
    -0.87866    -0.47746    -0.00000
    -0.47746     0.87866    -0.00000
     0.00000    -0.00000    -1.00000
           0           3           2           1
     7.52023    -7.11907    12.75374
    -0.68773    -0.72597     0.00000
    -0.72597     0.68773     0.00000
    -0.00000     0.00000    -1.00000
           0           3           2           2
     7.52023    -7.11907     6.37834
    -0.68773    -0.72597     0.00000
    -0.72597     0.68773     0.00000
    -0.00000     0.00000    -1.00000
           0           3           2           3
     7.52023    -7.11907     0.00294
    -0.68773    -0.72597     0.00000
    -0.72597     0.68773     0.00000
    -0.00000     0.00000    -1.00000
           0           3           2           4
     7.52023    -7.11907    -6.37246
    -0.68773    -0.72597     0.00000
    -0.72597     0.68773     0.00000
    -0.00000     0.00000    -1.00000
           0           3           2           5
     7.52023    -7.11907   -12.74786
    -0.68773    -0.72597     0.00000
    -0.72597     0.68773     0.00000
    -0.00000     0.00000    -1.00000
           0           3           3           1
    11.51972    -5.68173    12.75374
    -0.44267    -0.89668     0.00000
    -0.89668     0.44267     0.00000
    -0.00000     0.00000    -1.00000
           0           3           3           2
    11.51972    -5.68173     6.37834
    -0.44267    -0.89668     0.00000
    -0.89668     0.44267     0.00000
    -0.00000     0.00000    -1.00000
           0           3           3           3
    11.51972    -5.68173     0.00294
    -0.44267    -0.89668     0.00000
    -0.89668     0.44267     0.00000
    -0.00000     0.00000    -1.00000
           0           3           3           4
    11.51972    -5.68173    -6.37246
    -0.44267    -0.89668     0.00000
    -0.89668     0.44267     0.00000
    -0.00000     0.00000    -1.00000
           0           3           3           5
    11.51972    -5.68173   -12.74786
    -0.44267    -0.89668     0.00000
    -0.89668     0.44267     0.00000
    -0.00000     0.00000    -1.00000
           0           3           4           1
    11.57746    -2.08181    12.75374
    -0.17744    -0.98413     0.00000
    -0.98413     0.17744     0.00000
    -0.00000     0.00000    -1.00000
           0           3           4           2
    11.57746    -2.08181     6.37834
    -0.17744    -0.98413     0.00000
    -0.98413     0.17744     0.00000
    -0.00000     0.00000    -1.00000
           0           3           4           3
    11.57746    -2.08181     0.00294
    -0.17744    -0.98413     0.00000
    -0.98413     0.17744     0.00000
    -0.00000     0.00000    -1.00000
           0           3           4           4
    11.57746    -2.08181    -6.37246
    -0.17744    -0.98413     0.00000
    -0.98413     0.17744     0.00000
    -0.00000     0.00000    -1.00000
           0           3           4           5
    11.57746    -2.08181   -12.74786
    -0.17744    -0.98413     0.00000
    -0.98413     0.17744     0.00000
    -0.00000     0.00000    -1.00000
           0           3           5           1
    10.26305     1.41354    12.75374
     0.13589    -0.99072     0.00000
    -0.99072    -0.13589     0.00000
    -0.00000    -0.00000    -1.00000
           0           3           5           2
    10.26305     1.41354     6.37834
     0.13589    -0.99072     0.00000
    -0.99072    -0.13589     0.00000
    -0.00000    -0.00000    -1.00000
           0           3           5           3
    10.26305     1.41354     0.00294
     0.13589    -0.99072     0.00000
    -0.99072    -0.13589     0.00000
    -0.00000    -0.00000    -1.00000
           0           3           5           4
    10.26305     1.41354    -6.37246
     0.13589    -0.99072     0.00000
    -0.99072    -0.13589     0.00000
    -0.00000    -0.00000    -1.00000
           0           3           5           5
    10.26305     1.41354   -12.74786
     0.13589    -0.99072     0.00000
    -0.99072    -0.13589     0.00000
    -0.00000    -0.00000    -1.00000
           0           3           6           1
    11.64476     5.43258    12.75374
     0.42239    -0.90641     0.00000
    -0.90641    -0.42239     0.00000
    -0.00000    -0.00000    -1.00000
           0           3           6           2
    11.64476     5.43258     6.37834
     0.42239    -0.90641     0.00000
    -0.90641    -0.42239     0.00000
    -0.00000    -0.00000    -1.00000
           0           3           6           3
    11.64476     5.43258     0.00294
     0.42239    -0.90641     0.00000
    -0.90641    -0.42239     0.00000
    -0.00000    -0.00000    -1.00000
           0           3           6           4
    11.64476     5.43258    -6.37246
     0.42239    -0.90641     0.00000
    -0.90641    -0.42239     0.00000
    -0.00000    -0.00000    -1.00000
           0           3           6           5
    11.64476     5.43258   -12.74786
     0.42239    -0.90641     0.00000
    -0.90641    -0.42239     0.00000
    -0.00000    -0.00000    -1.00000
           0           3           7           1
     8.87296     7.73040    12.75374
     0.65658    -0.75426     0.00000
    -0.75426    -0.65658     0.00000
    -0.00000    -0.00000    -1.00000
           0           3           7           2
     8.87296     7.73040     6.37834
     0.65658    -0.75426     0.00000
    -0.75426    -0.65658     0.00000
    -0.00000    -0.00000    -1.00000
           0           3           7           3
     8.87296     7.73040     0.00294
     0.65658    -0.75426     0.00000
    -0.75426    -0.65658     0.00000
    -0.00000    -0.00000    -1.00000
           0           3           7           4
     8.87296     7.73040    -6.37246
     0.65658    -0.75426     0.00000
    -0.75426    -0.65658     0.00000
    -0.00000    -0.00000    -1.00000
           0           3           7           5
     8.87296     7.73040   -12.74786
     0.65658    -0.75426     0.00000
    -0.75426    -0.65658     0.00000
    -0.00000    -0.00000    -1.00000
           0           3           8           1
     5.32408     8.89250    12.75374
     0.85780    -0.51399     0.00000
    -0.51399    -0.85780     0.00000
    -0.00000    -0.00000    -1.00000
           0           3           8           2
     5.32408     8.89250     6.37834
     0.85780    -0.51399     0.00000
    -0.51399    -0.85780     0.00000
    -0.00000    -0.00000    -1.00000
           0           3           8           3
     5.32408     8.89250     0.00294
     0.85780    -0.51399     0.00000
    -0.51399    -0.85780     0.00000
    -0.00000    -0.00000    -1.00000
           0           3           8           4
     5.32408     8.89250    -6.37246
     0.85780    -0.51399     0.00000
    -0.51399    -0.85780     0.00000
    -0.00000    -0.00000    -1.00000
           0           3           8           5
     5.32408     8.89250   -12.74786
     0.85780    -0.51399     0.00000
    -0.51399    -0.85780     0.00000
    -0.00000    -0.00000    -1.00000
           0           3           9           1
    -5.31254     8.91245   -12.74321
    -0.85819    -0.51333    -0.00000
     0.51333    -0.85819    -0.00000
     0.00000     0.00000     1.00000
           0           3           9           2
    -5.31254     8.91245    -6.36781
    -0.85819    -0.51333    -0.00000
     0.51333    -0.85819    -0.00000
     0.00000     0.00000     1.00000
           0           3           9           3
    -5.31254     8.91245     0.00759
    -0.85819    -0.51333    -0.00000
     0.51333    -0.85819    -0.00000
     0.00000     0.00000     1.00000
           0           3           9           4
    -5.31254     8.91245     6.38299
    -0.85819    -0.51333    -0.00000
     0.51333    -0.85819    -0.00000
     0.00000     0.00000     1.00000
           0           3           9           5
    -5.31254     8.91245    12.75839
    -0.85819    -0.51333    -0.00000
     0.51333    -0.85819    -0.00000
     0.00000     0.00000     1.00000
           0           3          10           1
    -8.86303     7.75227   -12.74321
    -0.65709    -0.75381    -0.00000
     0.75381    -0.65709    -0.00000
     0.00000     0.00000     1.00000
           0           3          10           2
    -8.86303     7.75227    -6.36781
    -0.65709    -0.75381    -0.00000
     0.75381    -0.65709    -0.00000
     0.00000     0.00000     1.00000
           0           3          10           3
    -8.86303     7.75227     0.00759
    -0.65709    -0.75381    -0.00000
     0.75381    -0.65709    -0.00000
     0.00000     0.00000     1.00000
           0           3          10           4
    -8.86303     7.75227     6.38299
    -0.65709    -0.75381    -0.00000
     0.75381    -0.65709    -0.00000
     0.00000     0.00000     1.00000
           0           3          10           5
    -8.86303     7.75227    12.75839
    -0.65709    -0.75381    -0.00000
     0.75381    -0.65709    -0.00000
     0.00000     0.00000     1.00000
           0           3          11           1
   -11.63670     5.45568   -12.74321
    -0.42295    -0.90615    -0.00000
     0.90615    -0.42295    -0.00000
     0.00000     0.00000     1.00000
           0           3          11           2
   -11.63670     5.45568    -6.36781
    -0.42295    -0.90615    -0.00000
     0.90615    -0.42295    -0.00000
     0.00000     0.00000     1.00000
           0           3          11           3
   -11.63670     5.45568     0.00759
    -0.42295    -0.90615    -0.00000
     0.90615    -0.42295    -0.00000
     0.00000     0.00000     1.00000
           0           3          11           4
   -11.63670     5.45568     6.38299
    -0.42295    -0.90615    -0.00000
     0.90615    -0.42295    -0.00000
     0.00000     0.00000     1.00000
           0           3          11           5
   -11.63670     5.45568    12.75839
    -0.42295    -0.90615    -0.00000
     0.90615    -0.42295    -0.00000
     0.00000     0.00000     1.00000
           0           3          12           1
   -10.25728     1.43730   -12.74321
    -0.13665    -0.99062    -0.00000
     0.99062    -0.13665    -0.00000
     0.00000     0.00000     1.00000
           0           3          12           2
   -10.25728     1.43730    -6.36781
    -0.13665    -0.99062    -0.00000
     0.99062    -0.13665    -0.00000
     0.00000     0.00000     1.00000
           0           3          12           3
   -10.25728     1.43730     0.00759
    -0.13665    -0.99062    -0.00000
     0.99062    -0.13665    -0.00000
     0.00000     0.00000     1.00000
           0           3          12           4
   -10.25728     1.43730     6.38299
    -0.13665    -0.99062    -0.00000
     0.99062    -0.13665    -0.00000
     0.00000     0.00000     1.00000
           0           3          12           5
   -10.25728     1.43730    12.75839
    -0.13665    -0.99062    -0.00000
     0.99062    -0.13665    -0.00000
     0.00000     0.00000     1.00000
           0           3          13           1
   -11.57420    -2.05810   -12.74321
     0.17677    -0.98425    -0.00000
     0.98425     0.17677    -0.00000
     0.00000     0.00000     1.00000
           0           3          13           2
   -11.57420    -2.05810    -6.36781
     0.17677    -0.98425    -0.00000
     0.98425     0.17677    -0.00000
     0.00000     0.00000     1.00000
           0           3          13           3
   -11.57420    -2.05810     0.00759
     0.17677    -0.98425    -0.00000
     0.98425     0.17677    -0.00000
     0.00000     0.00000     1.00000
           0           3          13           4
   -11.57420    -2.05810     6.38299
     0.17677    -0.98425    -0.00000
     0.98425     0.17677    -0.00000
     0.00000     0.00000     1.00000
           0           3          13           5
   -11.57420    -2.05810    12.75839
     0.17677    -0.98425    -0.00000
     0.98425     0.17677    -0.00000
     0.00000     0.00000     1.00000
           0           3          14           1
   -11.51858    -5.65872   -12.74321
     0.44211    -0.89696    -0.00000
     0.89696     0.44211    -0.00000
     0.00000     0.00000     1.00000
           0           3          14           2
   -11.51858    -5.65872    -6.36781
     0.44211    -0.89696    -0.00000
     0.89696     0.44211    -0.00000
     0.00000     0.00000     1.00000
           0           3          14           3
   -11.51858    -5.65872     0.00759
     0.44211    -0.89696    -0.00000
     0.89696     0.44211    -0.00000
     0.00000     0.00000     1.00000
           0           3          14           4
   -11.51858    -5.65872     6.38299
     0.44211    -0.89696    -0.00000
     0.89696     0.44211    -0.00000
     0.00000     0.00000     1.00000
           0           3          14           5
   -11.51858    -5.65872    12.75839
     0.44211    -0.89696    -0.00000
     0.89696     0.44211    -0.00000
     0.00000     0.00000     1.00000
           0           3          15           1
    -7.52105    -7.09742   -12.74321
     0.68717    -0.72650    -0.00000
     0.72650     0.68717    -0.00000
     0.00000     0.00000     1.00000
           0           3          15           2
    -7.52105    -7.09742    -6.36781
     0.68717    -0.72650    -0.00000
     0.72650     0.68717    -0.00000
     0.00000     0.00000     1.00000
           0           3          15           3
    -7.52105    -7.09742     0.00759
     0.68717    -0.72650    -0.00000
     0.72650     0.68717    -0.00000
     0.00000     0.00000     1.00000
           0           3          15           4
    -7.52105    -7.09742     6.38299
     0.68717    -0.72650    -0.00000
     0.72650     0.68717    -0.00000
     0.00000     0.00000     1.00000
           0           3          15           5
    -7.52105    -7.09742    12.75839
     0.68717    -0.72650    -0.00000
     0.72650     0.68717    -0.00000
     0.00000     0.00000     1.00000
           0           3          16           1
    -5.61878   -10.31197   -12.74321
     0.87833    -0.47805    -0.00000
     0.47805     0.87833    -0.00000
     0.00000     0.00000     1.00000
           0           3          16           2
    -5.61878   -10.31197    -6.36781
     0.87833    -0.47805    -0.00000
     0.47805     0.87833    -0.00000
     0.00000     0.00000     1.00000
           0           3          16           3
