 SVX cage parameters:
     2.20000
     0.50000     0.20000
     0.00000
           6
   -40.00000   -26.50000   -26.50000    26.50000    26.50000    40.00000
    53.00000    53.00000    22.00000    22.00000    53.00000    53.00000
     0.00000     0.00000     0.00000
 SVX barrel parameters:
           4
     2.63000     5.13000    11.76500    16.68700     1.21400
     0.00000     0.00000     0.00000     0.00000
           4           4           5           6
     0.69600     0.69600     1.74500     1.74500
     0.01000     0.01000     0.03125     0.03125
     2.83600     2.83600     3.18770     3.18770
     0.01900     0.01900     0.00000     0.00000
     0.02000     0.02000     0.00000     0.00000
    26.70000    13.60000    17.00000    12.00000
   -13.00000   -13.02000     0.00000     0.00000
           2
           5           5
     0.00000   180.00000
           2
          10          10
     0.00000   180.00000
           2
           8           8
     0.00000   180.00000
           2
          12          12
     0.00000   180.00000
 SVX barrel sensor rotation matrices and translation vectors:
           0           1           1           1
     1.66110    -2.03902     8.53800
     0.61236     0.79058    -0.00000
    -0.79058     0.61236    -0.00000
    -0.00000     0.00000     1.00000
           0           1           1           2
     1.66110    -2.03902     2.84600
     0.61236     0.79058    -0.00000
    -0.79058     0.61236    -0.00000
    -0.00000     0.00000     1.00000
           0           1           1           3
     1.66110    -2.03902    -2.84600
     0.61236     0.79058    -0.00000
    -0.79058     0.61236    -0.00000
    -0.00000     0.00000     1.00000
           0           1           1           4
     1.66110    -2.03902    -8.53800
     0.61236     0.79058    -0.00000
    -0.79058     0.61236    -0.00000
    -0.00000     0.00000     1.00000
           0           1           2           1
     2.33742    -1.20555     8.53819
     0.24548     0.96940    -0.00000
    -0.96940     0.24548    -0.00000
     0.00000     0.00000     1.00000
           0           1           2           2
     2.33742    -1.20555     2.84619
     0.24548     0.96940    -0.00000
    -0.96940     0.24548    -0.00000
     0.00000     0.00000     1.00000
           0           1           2           3
     2.33742    -1.20555    -2.84581
     0.24548     0.96940    -0.00000
    -0.96940     0.24548    -0.00000
     0.00000     0.00000     1.00000
           0           1           2           4
     2.33742    -1.20555    -8.53781
     0.24548     0.96940    -0.00000
    -0.96940     0.24548    -0.00000
     0.00000     0.00000     1.00000
           0           1           3           1
     2.62998    -0.01409     8.53503
    -0.22096     0.97528     0.00000
    -0.97528    -0.22096     0.00000
     0.00000     0.00000     1.00000
           0           1           3           2
     2.62998    -0.01409     2.84304
    -0.22096     0.97528     0.00000
    -0.97528    -0.22096     0.00000
     0.00000     0.00000     1.00000
           0           1           3           3
     2.62998    -0.01409    -2.84897
    -0.22096     0.97528     0.00000
    -0.97528    -0.22096     0.00000
     0.00000     0.00000     1.00000
           0           1           3           4
     2.62998    -0.01409    -8.54097
    -0.22096     0.97528     0.00000
    -0.97528    -0.22096     0.00000
     0.00000     0.00000     1.00000
           0           1           4           1
     2.34839     1.18405     8.53807
    -0.64050     0.76796     0.00000
    -0.76796    -0.64050     0.00000
     0.00000     0.00000     1.00000
           0           1           4           2
     2.34839     1.18405     2.84607
    -0.64050     0.76796     0.00000
    -0.76796    -0.64050     0.00000
     0.00000     0.00000     1.00000
           0           1           4           3
     2.34839     1.18405    -2.84593
    -0.64050     0.76796     0.00000
    -0.76796    -0.64050     0.00000
     0.00000     0.00000     1.00000
           0           1           4           4
     2.34839     1.18405    -8.53793
    -0.64050     0.76796     0.00000
    -0.76796    -0.64050     0.00000
     0.00000     0.00000     1.00000
           0           1           5           1
     1.58121     2.10160     8.53757
    -0.91436     0.40491     0.00000
    -0.40491    -0.91436     0.00000
     0.00000     0.00000     1.00000
           0           1           5           2
     1.58121     2.10160     2.84556
    -0.91436     0.40491     0.00000
    -0.40491    -0.91436     0.00000
     0.00000     0.00000     1.00000
           0           1           5           3
     1.58121     2.10160    -2.84644
    -0.91436     0.40491     0.00000
    -0.40491    -0.91436     0.00000
     0.00000     0.00000     1.00000
           0           1           5           4
     1.58121     2.10160    -8.53844
    -0.91436     0.40491     0.00000
    -0.40491    -0.91436     0.00000
     0.00000     0.00000     1.00000
           0           1           6           1
    -1.56651     2.11258    -8.55104
     0.91716     0.39851     0.00000
     0.39851    -0.91716     0.00000
     0.00000    -0.00000    -1.00000
           0           1           6           2
    -1.56651     2.11258    -2.85904
     0.91716     0.39851     0.00000
     0.39851    -0.91716     0.00000
     0.00000    -0.00000    -1.00000
           0           1           6           3
    -1.56651     2.11258     2.83296
     0.91716     0.39851     0.00000
     0.39851    -0.91716     0.00000
     0.00000    -0.00000    -1.00000
           0           1           6           4
    -1.56651     2.11258     8.52496
     0.91716     0.39851     0.00000
     0.39851    -0.91716     0.00000
     0.00000    -0.00000    -1.00000
           0           1           7           1
    -2.34958     1.18169    -8.54217
     0.63972     0.76861    -0.00000
     0.76861    -0.63972    -0.00000
    -0.00000     0.00000    -1.00000
           0           1           7           2
    -2.34958     1.18169    -2.85017
     0.63972     0.76861    -0.00000
     0.76861    -0.63972    -0.00000
    -0.00000     0.00000    -1.00000
           0           1           7           3
    -2.34958     1.18169     2.84183
     0.63972     0.76861    -0.00000
     0.76861    -0.63972    -0.00000
    -0.00000     0.00000    -1.00000
           0           1           7           4
    -2.34958     1.18169     8.53383
     0.63972     0.76861    -0.00000
     0.76861    -0.63972    -0.00000
    -0.00000     0.00000    -1.00000
           0           1           8           1
    -2.63001     0.00574    -8.54237
     0.22830     0.97359    -0.00000
     0.97359    -0.22830    -0.00000
    -0.00000     0.00000    -1.00000
           0           1           8           2
    -2.63000     0.00574    -2.85037
     0.22830     0.97359    -0.00000
     0.97359    -0.22830    -0.00000
    -0.00000     0.00000    -1.00000
           0           1           8           3
    -2.63000     0.00574     2.84163
     0.22830     0.97359    -0.00000
     0.97359    -0.22830    -0.00000
    -0.00000     0.00000    -1.00000
           0           1           8           4
    -2.63000     0.00574     8.53363
     0.22830     0.97359    -0.00000
     0.97359    -0.22830    -0.00000
    -0.00000     0.00000    -1.00000
           0           1           9           1
    -2.34929    -1.18226    -8.53824
    -0.23584     0.97179    -0.00000
     0.97179     0.23584    -0.00000
    -0.00000    -0.00000    -1.00000
           0           1           9           2
    -2.34929    -1.18226    -2.84624
    -0.23584     0.97179    -0.00000
     0.97179     0.23584    -0.00000
    -0.00000    -0.00000    -1.00000
           0           1           9           3
    -2.34929    -1.18226     2.84576
    -0.23584     0.97179    -0.00000
     0.97179     0.23584    -0.00000
    -0.00000    -0.00000    -1.00000
           0           1           9           4
    -2.34929    -1.18226     8.53776
    -0.23584     0.97179    -0.00000
     0.97179     0.23584    -0.00000
    -0.00000    -0.00000    -1.00000
           0           1          10           1
    -1.56176    -2.11610    -8.54299
    -0.64943     0.76042    -0.00000
     0.76042     0.64943    -0.00000
    -0.00000    -0.00000    -1.00000
           0           1          10           2
    -1.56176    -2.11610    -2.85099
    -0.64943     0.76042    -0.00000
     0.76042     0.64943    -0.00000
    -0.00000    -0.00000    -1.00000
           0           1          10           3
    -1.56176    -2.11610     2.84101
    -0.64943     0.76042    -0.00000
     0.76042     0.64943    -0.00000
    -0.00000    -0.00000    -1.00000
           0           1          10           4
    -1.56176    -2.11610     8.53301
    -0.64943     0.76042    -0.00000
     0.76042     0.64943    -0.00000
    -0.00000    -0.00000    -1.00000
           0           2           1           1
     2.46946    -4.49652     8.53651
     0.74510     0.66695    -0.00000
    -0.66695     0.74510    -0.00000
    -0.00000     0.00000     1.00000
           0           2           1           2
     2.46946    -4.49652     2.84451
     0.74510     0.66695    -0.00000
    -0.66695     0.74510    -0.00000
    -0.00000     0.00000     1.00000
           0           2           1           3
     2.46946    -4.49652    -2.84749
     0.74510     0.66695    -0.00000
    -0.66695     0.74510    -0.00000
    -0.00000     0.00000     1.00000
           0           2           1           4
     2.46946    -4.49652    -8.53949
     0.74510     0.66695    -0.00000
    -0.66695     0.74510    -0.00000
    -0.00000     0.00000     1.00000
           0           2           2           1
     3.43254    -3.81244     8.53334
     0.57278     0.81971    -0.00000
    -0.81971     0.57278    -0.00000
     0.00000     0.00000     1.00000
           0           2           2           2
     3.43254    -3.81244     2.84135
     0.57278     0.81971    -0.00000
    -0.81971     0.57278    -0.00000
     0.00000     0.00000     1.00000
           0           2           2           3
     3.43254    -3.81244    -2.85065
     0.57278     0.81971    -0.00000
    -0.81971     0.57278    -0.00000
     0.00000     0.00000     1.00000
           0           2           2           4
     3.43254    -3.81244    -8.54266
     0.57278     0.81971    -0.00000
    -0.81971     0.57278    -0.00000
     0.00000     0.00000     1.00000
           0           2           3           1
     4.23972    -2.88821     8.53798
     0.36173     0.93228    -0.00000
    -0.93228     0.36173    -0.00000
     0.00000     0.00000     1.00000
           0           2           3           2
     4.23972    -2.88821     2.84598
     0.36173     0.93228    -0.00000
    -0.93228     0.36173    -0.00000
     0.00000     0.00000     1.00000
           0           2           3           3
     4.23972    -2.88821    -2.84602
     0.36173     0.93228    -0.00000
    -0.93228     0.36173    -0.00000
     0.00000     0.00000     1.00000
           0           2           3           4
     4.23972    -2.88821    -8.53802
     0.36173     0.93228    -0.00000
    -0.93228     0.36173    -0.00000
     0.00000     0.00000     1.00000
           0           2           4           1
     4.80142    -1.80649     8.54517
     0.13159     0.99130    -0.00000
    -0.99130     0.13159    -0.00000
    -0.00000     0.00000     1.00000
           0           2           4           2
     4.80142    -1.80649     2.85317
     0.13159     0.99130    -0.00000
    -0.99130     0.13159    -0.00000
    -0.00000     0.00000     1.00000
           0           2           4           3
     4.80142    -1.80649    -2.83883
     0.13159     0.99130    -0.00000
    -0.99130     0.13159    -0.00000
    -0.00000     0.00000     1.00000
           0           2           4           4
     4.80142    -1.80649    -8.53083
     0.13159     0.99130    -0.00000
    -0.99130     0.13159    -0.00000
    -0.00000     0.00000     1.00000
           0           2           5           1
     5.09254    -0.61876     8.54454
    -0.10677     0.99428     0.00000
    -0.99428    -0.10677     0.00000
     0.00000     0.00000     1.00000
           0           2           5           2
     5.09254    -0.61876     2.85254
    -0.10677     0.99428     0.00000
    -0.99428    -0.10677     0.00000
     0.00000     0.00000     1.00000
           0           2           5           3
     5.09254    -0.61876    -2.83946
    -0.10677     0.99428     0.00000
    -0.99428    -0.10677     0.00000
     0.00000     0.00000     1.00000
           0           2           5           4
     5.09254    -0.61876    -8.53146
    -0.10677     0.99428     0.00000
    -0.99428    -0.10677     0.00000
     0.00000     0.00000     1.00000
           0           2           6           1
     5.09657     0.58463     8.54307
    -0.33546     0.94205     0.00000
    -0.94205    -0.33546     0.00000
     0.00000     0.00000     1.00000
           0           2           6           2
     5.09657     0.58463     2.85107
    -0.33546     0.94205     0.00000
    -0.94205    -0.33546     0.00000
     0.00000     0.00000     1.00000
           0           2           6           3
     5.09657     0.58463    -2.84093
    -0.33546     0.94205     0.00000
    -0.94205    -0.33546     0.00000
     0.00000     0.00000     1.00000
           0           2           6           4
     5.09657     0.58463    -8.53293
    -0.33546     0.94205     0.00000
    -0.94205    -0.33546     0.00000
     0.00000     0.00000     1.00000
           0           2           7           1
     4.81176     1.77874     8.54664
    -0.54966     0.83539     0.00000
    -0.83539    -0.54966     0.00000
     0.00000     0.00000     1.00000
           0           2           7           2
     4.81176     1.77874     2.85464
    -0.54966     0.83539     0.00000
    -0.83539    -0.54966     0.00000
     0.00000     0.00000     1.00000
           0           2           7           3
     4.81176     1.77874    -2.83736
    -0.54966     0.83539     0.00000
    -0.83539    -0.54966     0.00000
     0.00000     0.00000     1.00000
           0           2           7           4
     4.81176     1.77874    -8.52936
    -0.54966     0.83539     0.00000
    -0.83539    -0.54966     0.00000
     0.00000     0.00000     1.00000
           0           2           8           1
     4.26055     2.85738     8.54383
    -0.73024     0.68320     0.00000
    -0.68320    -0.73024     0.00000
     0.00000     0.00000     1.00000
           0           2           8           2
     4.26055     2.85738     2.85183
    -0.73024     0.68320     0.00000
    -0.68320    -0.73024     0.00000
     0.00000     0.00000     1.00000
           0           2           8           3
     4.26055     2.85738    -2.84016
    -0.73024     0.68320     0.00000
    -0.68320    -0.73024     0.00000
     0.00000     0.00000     1.00000
           0           2           8           4
     4.26055     2.85738    -8.53217
    -0.73024     0.68320     0.00000
    -0.68320    -0.73024     0.00000
     0.00000     0.00000     1.00000
           0           2           9           1
     3.46319     3.78460     8.53881
    -0.87118     0.49097     0.00000
    -0.49097    -0.87118     0.00000
     0.00000     0.00000     1.00000
           0           2           9           2
     3.46319     3.78460     2.84681
    -0.87118     0.49097     0.00000
    -0.49097    -0.87118     0.00000
     0.00000     0.00000     1.00000
           0           2           9           3
     3.46319     3.78460    -2.84519
    -0.87118     0.49097     0.00000
    -0.49097    -0.87118     0.00000
     0.00000     0.00000     1.00000
           0           2           9           4
     3.46319     3.78460    -8.53719
    -0.87118     0.49097     0.00000
    -0.49097    -0.87118     0.00000
     0.00000     0.00000     1.00000
           0           2          10           1
     2.38488     4.54195     8.53368
    -0.96751     0.25283     0.00000
    -0.25283    -0.96751     0.00000
     0.00000     0.00000     1.00000
           0           2          10           2
     2.38488     4.54195     2.84168
    -0.96751     0.25283     0.00000
    -0.25283    -0.96751     0.00000
     0.00000     0.00000     1.00000
           0           2          10           3
     2.38488     4.54195    -2.85032
    -0.96751     0.25283     0.00000
    -0.25283    -0.96751     0.00000
     0.00000     0.00000     1.00000
           0           2          10           4
     2.38488     4.54195    -8.54232
    -0.96751     0.25283     0.00000
    -0.25283    -0.96751     0.00000
     0.00000     0.00000     1.00000
           0           2          11           1
    -2.46436     4.49932    -8.53799
     0.96291     0.26981     0.00000
     0.26981    -0.96291     0.00000
     0.00000    -0.00000    -1.00000
           0           2          11           2
    -2.46436     4.49932    -2.84599
     0.96291     0.26981     0.00000
     0.26981    -0.96291     0.00000
     0.00000    -0.00000    -1.00000
           0           2          11           3
    -2.46436     4.49932     2.84601
     0.96291     0.26981     0.00000
     0.26981    -0.96291     0.00000
     0.00000    -0.00000    -1.00000
           0           2          11           4
    -2.46436     4.49932     8.53801
     0.96291     0.26981     0.00000
     0.26981    -0.96291     0.00000
     0.00000    -0.00000    -1.00000
           0           2          12           1
    -3.45918     3.78827    -8.53800
     0.87170     0.49004     0.00000
     0.49004    -0.87170     0.00000
     0.00000    -0.00000    -1.00000
           0           2          12           2
    -3.45918     3.78827    -2.84600
     0.87170     0.49004     0.00000
     0.49004    -0.87170     0.00000
     0.00000    -0.00000    -1.00000
           0           2          12           3
    -3.45918     3.78827     2.84600
     0.87170     0.49004     0.00000
     0.49004    -0.87170     0.00000
     0.00000    -0.00000    -1.00000
           0           2          12           4
    -3.45918     3.78827     8.53800
     0.87170     0.49004     0.00000
     0.49004    -0.87170     0.00000
     0.00000    -0.00000    -1.00000
           0           2          13           1
    -4.25067     2.87205    -8.54214
     0.73258     0.68068     0.00000
     0.68068    -0.73258     0.00000
     0.00000    -0.00000    -1.00000
           0           2          13           2
    -4.25067     2.87205    -2.85014
     0.73258     0.68068     0.00000
     0.68068    -0.73258     0.00000
     0.00000    -0.00000    -1.00000
           0           2          13           3
    -4.25067     2.87205     2.84186
     0.73258     0.68068     0.00000
     0.68068    -0.73258     0.00000
     0.00000    -0.00000    -1.00000
           0           2          13           4
    -4.25067     2.87205     8.53386
     0.73258     0.68068     0.00000
     0.68068    -0.73258     0.00000
     0.00000    -0.00000    -1.00000
           0           2          14           1
    -4.80709     1.79134    -8.53673
     0.55186     0.83394    -0.00000
     0.83394    -0.55186    -0.00000
    -0.00000     0.00000    -1.00000
           0           2          14           2
    -4.80709     1.79134    -2.84473
     0.55186     0.83394    -0.00000
     0.83394    -0.55186    -0.00000
    -0.00000     0.00000    -1.00000
           0           2          14           3
    -4.80709     1.79134     2.84727
     0.55186     0.83394    -0.00000
     0.83394    -0.55186    -0.00000
    -0.00000     0.00000    -1.00000
           0           2          14           4
    -4.80709     1.79134     8.53927
     0.55186     0.83394    -0.00000
     0.83394    -0.55186    -0.00000
    -0.00000     0.00000    -1.00000
           0           2          15           1
    -5.09428     0.60426    -8.54203
     0.33909     0.94076    -0.00000
     0.94076    -0.33909    -0.00000
    -0.00000     0.00000    -1.00000
           0           2          15           2
    -5.09428     0.60426    -2.85003
     0.33909     0.94076    -0.00000
     0.94076    -0.33909    -0.00000
    -0.00000     0.00000    -1.00000
           0           2          15           3
    -5.09428     0.60426     2.84197
     0.33909     0.94076    -0.00000
     0.94076    -0.33909    -0.00000
    -0.00000     0.00000    -1.00000
           0           2          15           4
    -5.09428     0.60426     8.53397
     0.33909     0.94076    -0.00000
     0.94076    -0.33909    -0.00000
    -0.00000     0.00000    -1.00000
           0           2          16           1
    -5.09394    -0.60726    -8.53606
     0.10903     0.99404    -0.00000
     0.99404    -0.10903    -0.00000
    -0.00000     0.00000    -1.00000
           0           2          16           2
    -5.09394    -0.60726    -2.84406
     0.10903     0.99404    -0.00000
     0.99404    -0.10903    -0.00000
    -0.00000     0.00000    -1.00000
           0           2          16           3
    -5.09394    -0.60726     2.84794
     0.10903     0.99404    -0.00000
     0.99404    -0.10903    -0.00000
    -0.00000     0.00000    -1.00000
           0           2          16           4
    -5.09394    -0.60726     8.53994
     0.10903     0.99404    -0.00000
     0.99404    -0.10903    -0.00000
    -0.00000     0.00000    -1.00000
           0           2          17           1
    -4.80820    -1.78832    -8.53698
    -0.12784     0.99179    -0.00000
     0.99179     0.12784    -0.00000
    -0.00000    -0.00000    -1.00000
           0           2          17           2
    -4.80820    -1.78832    -2.84498
    -0.12784     0.99179    -0.00000
     0.99179     0.12784    -0.00000
    -0.00000    -0.00000    -1.00000
           0           2          17           3
    -4.80820    -1.78832     2.84702
    -0.12784     0.99179    -0.00000
     0.99179     0.12784    -0.00000
    -0.00000    -0.00000    -1.00000
           0           2          17           4
    -4.80820    -1.78832     8.53902
    -0.12784     0.99179    -0.00000
     0.99179     0.12784    -0.00000
    -0.00000    -0.00000    -1.00000
           0           2          18           1
    -4.25155    -2.87076    -8.54169
    -0.35790     0.93376    -0.00000
     0.93376     0.35790    -0.00000
    -0.00000    -0.00000    -1.00000
           0           2          18           2
    -4.25155    -2.87076    -2.84970
    -0.35790     0.93376    -0.00000
     0.93376     0.35790    -0.00000
    -0.00000    -0.00000    -1.00000
           0           2          18           3
    -4.25155    -2.87076     2.84230
    -0.35790     0.93376    -0.00000
     0.93376     0.35790    -0.00000
    -0.00000    -0.00000    -1.00000
           0           2          18           4
    -4.25155    -2.87076     8.53431
    -0.35790     0.93376    -0.00000
     0.93376     0.35790    -0.00000
    -0.00000    -0.00000    -1.00000
           0           2          19           1
    -3.45498    -3.79210    -8.54501
    -0.56794     0.82307    -0.00000
     0.82307     0.56794    -0.00000
    -0.00000    -0.00000    -1.00000
           0           2          19           2
    -3.45498    -3.79210    -2.85301
    -0.56794     0.82307    -0.00000
     0.82307     0.56794    -0.00000
    -0.00000    -0.00000    -1.00000
           0           2          19           3
    -3.45498    -3.79210     2.83899
    -0.56794     0.82307    -0.00000
     0.82307     0.56794    -0.00000
    -0.00000    -0.00000    -1.00000
           0           2          19           4
    -3.45498    -3.79210     8.53098
    -0.56794     0.82307    -0.00000
     0.82307     0.56794    -0.00000
    -0.00000    -0.00000    -1.00000
           0           2          20           1
    -2.46302    -4.50005    -8.54756
    -0.74606     0.66588    -0.00000
     0.66588     0.74606    -0.00000
    -0.00000    -0.00000    -1.00000
           0           2          20           2
    -2.46302    -4.50005    -2.85558
    -0.74606     0.66588    -0.00000
     0.66588     0.74606    -0.00000
    -0.00000    -0.00000    -1.00000
           0           2          20           3
    -2.46302    -4.50005     2.83643
    -0.74606     0.66588    -0.00000
     0.66588     0.74606    -0.00000
    -0.00000    -0.00000    -1.00000
           0           2          20           4
    -2.46302    -4.50005     8.52844
    -0.74606     0.66588    -0.00000
     0.66588     0.74606    -0.00000
    -0.00000    -0.00000    -1.00000
           0           3           1           1
     5.62732   -10.33191    12.74797
    -0.87819    -0.47831    -0.00000
    -0.47831     0.87819    -0.00000
     0.00000    -0.00000    -1.00000
           0           3           1           2
     5.62732   -10.33191     6.37257
    -0.87819    -0.47831    -0.00000
    -0.47831     0.87819    -0.00000
     0.00000    -0.00000    -1.00000
           0           3           1           3
     5.62732   -10.33191    -0.00283
    -0.87819    -0.47831    -0.00000
    -0.47831     0.87819    -0.00000
     0.00000    -0.00000    -1.00000
           0           3           1           4
     5.62732   -10.33191    -6.37823
    -0.87819    -0.47831    -0.00000
    -0.47831     0.87819    -0.00000
     0.00000    -0.00000    -1.00000
           0           3           1           5
     5.62732   -10.33191   -12.75364
    -0.87819    -0.47831    -0.00000
    -0.47831     0.87819    -0.00000
     0.00000    -0.00000    -1.00000
           0           3           2           1
     7.51356    -7.13275    12.73533
    -0.68850    -0.72524     0.00000
    -0.72524     0.68850     0.00000
    -0.00000     0.00000    -1.00000
           0           3           2           2
     7.51356    -7.13275     6.35993
    -0.68850    -0.72524     0.00000
    -0.72524     0.68850     0.00000
    -0.00000     0.00000    -1.00000
           0           3           2           3
     7.51356    -7.13275    -0.01547
    -0.68850    -0.72524     0.00000
    -0.72524     0.68850     0.00000
    -0.00000     0.00000    -1.00000
           0           3           2           4
     7.51356    -7.13275    -6.39086
    -0.68850    -0.72524     0.00000
    -0.72524     0.68850     0.00000
    -0.00000     0.00000    -1.00000
           0           3           2           5
     7.51356    -7.13275   -12.76627
    -0.68850    -0.72524     0.00000
    -0.72524     0.68850     0.00000
    -0.00000     0.00000    -1.00000
           0           3           3           1
    11.53581    -5.65651    12.75631
    -0.44025    -0.89787     0.00000
    -0.89787     0.44025     0.00000
    -0.00000     0.00000    -1.00000
           0           3           3           2
    11.53581    -5.65651     6.38092
    -0.44025    -0.89787     0.00000
    -0.89787     0.44025     0.00000
    -0.00000     0.00000    -1.00000
           0           3           3           3
    11.53581    -5.65651     0.00552
    -0.44025    -0.89787     0.00000
    -0.89787     0.44025     0.00000
    -0.00000     0.00000    -1.00000
           0           3           3           4
    11.53581    -5.65651    -6.36988
    -0.44025    -0.89787     0.00000
    -0.89787     0.44025     0.00000
    -0.00000     0.00000    -1.00000
           0           3           3           5
    11.53581    -5.65651   -12.74529
    -0.44025    -0.89787     0.00000
    -0.89787     0.44025     0.00000
    -0.00000     0.00000    -1.00000
           0           3           4           1
    11.58243    -2.06461    12.75007
    -0.17549    -0.98448     0.00000
    -0.98448     0.17549     0.00000
    -0.00000     0.00000    -1.00000
           0           3           4           2
    11.58243    -2.06461     6.37467
    -0.17549    -0.98448     0.00000
    -0.98448     0.17549     0.00000
    -0.00000     0.00000    -1.00000
           0           3           4           3
    11.58243    -2.06461    -0.00073
    -0.17549    -0.98448     0.00000
    -0.98448     0.17549     0.00000
    -0.00000     0.00000    -1.00000
           0           3           4           4
    11.58243    -2.06461    -6.37613
    -0.17549    -0.98448     0.00000
    -0.98448     0.17549     0.00000
    -0.00000     0.00000    -1.00000
           0           3           4           5
    11.58243    -2.06461   -12.75153
    -0.17549    -0.98448     0.00000
    -0.98448     0.17549     0.00000
    -0.00000     0.00000    -1.00000
           0           3           5           1
    10.26323     1.41271    12.74158
     0.13636    -0.99066     0.00000
    -0.99066    -0.13636     0.00000
    -0.00000    -0.00000    -1.00000
           0           3           5           2
    10.26323     1.41271     6.36618
     0.13636    -0.99066     0.00000
    -0.99066    -0.13636     0.00000
    -0.00000    -0.00000    -1.00000
           0           3           5           3
    10.26323     1.41271    -0.00922
     0.13636    -0.99066     0.00000
    -0.99066    -0.13636     0.00000
    -0.00000    -0.00000    -1.00000
           0           3           5           4
    10.26323     1.41271    -6.38462
     0.13636    -0.99066     0.00000
    -0.99066    -0.13636     0.00000
    -0.00000    -0.00000    -1.00000
           0           3           5           5
    10.26323     1.41271   -12.76002
     0.13636    -0.99066     0.00000
    -0.99066    -0.13636     0.00000
    -0.00000    -0.00000    -1.00000
           0           3           6           1
    11.64311     5.43222    12.75235
     0.42282    -0.90621     0.00000
    -0.90621    -0.42282     0.00000
    -0.00000    -0.00000    -1.00000
           0           3           6           2
    11.64311     5.43222     6.37695
     0.42282    -0.90621     0.00000
    -0.90621    -0.42282     0.00000
    -0.00000    -0.00000    -1.00000
           0           3           6           3
    11.64311     5.43222     0.00155
     0.42282    -0.90621     0.00000
    -0.90621    -0.42282     0.00000
    -0.00000    -0.00000    -1.00000
           0           3           6           4
    11.64311     5.43222    -6.37385
     0.42282    -0.90621     0.00000
    -0.90621    -0.42282     0.00000
    -0.00000    -0.00000    -1.00000
           0           3           6           5
    11.64311     5.43222   -12.74925
     0.42282    -0.90621     0.00000
    -0.90621    -0.42282     0.00000
    -0.00000    -0.00000    -1.00000
           0           3           7           1
     8.87469     7.72365    12.74644
     0.65650    -0.75433     0.00000
    -0.75433    -0.65650     0.00000
    -0.00000    -0.00000    -1.00000
           0           3           7           2
     8.87469     7.72365     6.37104
     0.65650    -0.75433     0.00000
    -0.75433    -0.65650     0.00000
    -0.00000    -0.00000    -1.00000
           0           3           7           3
     8.87469     7.72365    -0.00436
     0.65650    -0.75433     0.00000
    -0.75433    -0.65650     0.00000
    -0.00000    -0.00000    -1.00000
           0           3           7           4
     8.87469     7.72365    -6.37976
     0.65650    -0.75433     0.00000
    -0.75433    -0.65650     0.00000
    -0.00000    -0.00000    -1.00000
           0           3           7           5
     8.87469     7.72365   -12.75516
     0.65650    -0.75433     0.00000
    -0.75433    -0.65650     0.00000
    -0.00000    -0.00000    -1.00000
           0           3           8           1
     5.32673     8.88570    12.74140
     0.85770    -0.51415     0.00000
    -0.51415    -0.85770     0.00000
    -0.00000    -0.00000    -1.00000
           0           3           8           2
     5.32673     8.88570     6.36600
     0.85770    -0.51415     0.00000
    -0.51415    -0.85770     0.00000
    -0.00000    -0.00000    -1.00000
           0           3           8           3
     5.32673     8.88570    -0.00940
     0.85770    -0.51415     0.00000
    -0.51415    -0.85770     0.00000
    -0.00000    -0.00000    -1.00000
           0           3           8           4
     5.32673     8.88570    -6.38480
     0.85770    -0.51415     0.00000
    -0.51415    -0.85770     0.00000
    -0.00000    -0.00000    -1.00000
           0           3           8           5
     5.32673     8.88570   -12.76020
     0.85770    -0.51415     0.00000
    -0.51415    -0.85770     0.00000
    -0.00000    -0.00000    -1.00000
           0           3           9           1
    -5.30368     8.89947   -12.72025
    -0.85902    -0.51194    -0.00000
     0.51194    -0.85902    -0.00000
     0.00000    -0.00000     1.00000
           0           3           9           2
    -5.30368     8.89947    -6.34485
    -0.85902    -0.51194    -0.00000
     0.51194    -0.85902    -0.00000
     0.00000    -0.00000     1.00000
           0           3           9           3
    -5.30368     8.89947     0.03055
    -0.85902    -0.51194    -0.00000
     0.51194    -0.85902    -0.00000
     0.00000    -0.00000     1.00000
           0           3           9           4
    -5.30368     8.89947     6.40595
    -0.85902    -0.51194    -0.00000
     0.51194    -0.85902    -0.00000
     0.00000    -0.00000     1.00000
           0           3           9           5
    -5.30368     8.89947    12.78135
    -0.85902    -0.51194    -0.00000
     0.51194    -0.85902    -0.00000
     0.00000    -0.00000     1.00000
           0           3          10           1
    -8.85009     7.75184   -12.74092
    -0.65889    -0.75224    -0.00000
     0.75224    -0.65889    -0.00000
     0.00000    -0.00000     1.00000
           0           3          10           2
    -8.85009     7.75184    -6.36551
    -0.65889    -0.75224    -0.00000
     0.75224    -0.65889    -0.00000
     0.00000    -0.00000     1.00000
           0           3          10           3
    -8.85009     7.75184     0.00988
    -0.65889    -0.75224    -0.00000
     0.75224    -0.65889    -0.00000
     0.00000    -0.00000     1.00000
           0           3          10           4
    -8.85009     7.75184     6.38529
    -0.65889    -0.75224    -0.00000
     0.75224    -0.65889    -0.00000
     0.00000    -0.00000     1.00000
           0           3          10           5
    -8.85009     7.75184    12.76069
    -0.65889    -0.75224    -0.00000
     0.75224    -0.65889    -0.00000
     0.00000    -0.00000     1.00000
           0           3          11           1
   -11.62698     5.46666   -12.73494
    -0.42549    -0.90497    -0.00000
     0.90497    -0.42549    -0.00000
     0.00000    -0.00000     1.00000
           0           3          11           2
   -11.62698     5.46666    -6.35954
    -0.42549    -0.90497    -0.00000
     0.90497    -0.42549    -0.00000
     0.00000    -0.00000     1.00000
           0           3          11           3
   -11.62698     5.46666     0.01586
    -0.42549    -0.90497    -0.00000
     0.90497    -0.42549    -0.00000
     0.00000    -0.00000     1.00000
           0           3          11           4
   -11.62698     5.46666     6.39126
    -0.42549    -0.90497    -0.00000
     0.90497    -0.42549    -0.00000
     0.00000    -0.00000     1.00000
           0           3          11           5
   -11.62698     5.46666    12.76666
    -0.42549    -0.90497    -0.00000
     0.90497    -0.42549    -0.00000
     0.00000    -0.00000     1.00000
           0           3          12           1
   -10.26508     1.39925   -12.73800
    -0.13505    -0.99084    -0.00000
     0.99084    -0.13505    -0.00000
     0.00000     0.00000     1.00000
           0           3          12           2
   -10.26508     1.39925    -6.36260
    -0.13505    -0.99084    -0.00000
     0.99084    -0.13505    -0.00000
     0.00000     0.00000     1.00000
           0           3          12           3
   -10.26508     1.39925     0.01280
    -0.13505    -0.99084    -0.00000
     0.99084    -0.13505    -0.00000
     0.00000     0.00000     1.00000
           0           3          12           4
   -10.26508     1.39925     6.38820
    -0.13505    -0.99084    -0.00000
     0.99084    -0.13505    -0.00000
     0.00000     0.00000     1.00000
           0           3          12           5
   -10.26508     1.39925    12.76360
    -0.13505    -0.99084    -0.00000
     0.99084    -0.13505    -0.00000
     0.00000     0.00000     1.00000
           0           3          13           1
   -11.58113    -2.07197   -12.72609
     0.17612    -0.98437    -0.00000
     0.98437     0.17612    -0.00000
     0.00000     0.00000     1.00000
           0           3          13           2
   -11.58113    -2.07197    -6.35069
     0.17612    -0.98437    -0.00000
     0.98437     0.17612    -0.00000
     0.00000     0.00000     1.00000
           0           3          13           3
   -11.58113    -2.07197     0.02471
     0.17612    -0.98437    -0.00000
     0.98437     0.17612    -0.00000
     0.00000     0.00000     1.00000
           0           3          13           4
   -11.58113    -2.07197     6.40011
     0.17612    -0.98437    -0.00000
     0.98437     0.17612    -0.00000
     0.00000     0.00000     1.00000
           0           3          13           5
   -11.58113    -2.07197    12.77551
     0.17612    -0.98437    -0.00000
     0.98437     0.17612    -0.00000
     0.00000     0.00000     1.00000
           0           3          14           1
   -11.53016    -5.66802   -12.74085
     0.44116    -0.89743    -0.00000
     0.89743     0.44116    -0.00000
     0.00000     0.00000     1.00000
           0           3          14           2
   -11.53016    -5.66802    -6.36545
     0.44116    -0.89743    -0.00000
     0.89743     0.44116    -0.00000
     0.00000     0.00000     1.00000
           0           3          14           3
   -11.53016    -5.66802     0.00995
     0.44116    -0.89743    -0.00000
     0.89743     0.44116    -0.00000
     0.00000     0.00000     1.00000
           0           3          14           4
   -11.53016    -5.66802     6.38535
     0.44116    -0.89743    -0.00000
     0.89743     0.44116    -0.00000
     0.00000     0.00000     1.00000
           0           3          14           5
   -11.53016    -5.66802    12.76075
     0.44116    -0.89743    -0.00000
     0.89743     0.44116    -0.00000
     0.00000     0.00000     1.00000
           0           3          15           1
    -7.52635    -7.11924   -12.74182
     0.68719    -0.72648    -0.00000
     0.72648     0.68719    -0.00000
     0.00000     0.00000     1.00000
           0           3          15           2
    -7.52635    -7.11924    -6.36642
     0.68719    -0.72648    -0.00000
     0.72648     0.68719    -0.00000
     0.00000     0.00000     1.00000
           0           3          15           3
    -7.52635    -7.11924     0.00898
     0.68719    -0.72648    -0.00000
     0.72648     0.68719    -0.00000
     0.00000     0.00000     1.00000
           0           3          15           4
    -7.52635    -7.11924     6.38438
     0.68719    -0.72648    -0.00000
     0.72648     0.68719    -0.00000
     0.00000     0.00000     1.00000
           0           3          15           5
    -7.52635    -7.11924    12.75978
     0.68719    -0.72648    -0.00000
     0.72648     0.68719    -0.00000
     0.00000     0.00000     1.00000
           0           3          16           1
    -5.63522   -10.32763   -12.74552
     0.87782    -0.47898    -0.00000
     0.47898     0.87782    -0.00000
     0.00000     0.00000     1.00000
           0           3          16           2
    -5.63522   -10.32763    -6.37012
     0.87782    -0.47898    -0.00000
     0.47898     0.87782    -0.00000
     0.00000     0.00000     1.00000
           0           3          16           3
