 SVX cage parameters:
     2.20000
     0.50000     0.20000
     0.00000
           6
   -40.00000   -26.50000   -26.50000    26.50000    26.50000    40.00000
    53.00000    53.00000    22.14782    22.14782    53.00000    53.00000
     0.00000     0.00000     0.00000
 SVX barrel parameters:
           4
     2.63000     5.19260    11.76500    16.68700     1.14100
     0.00000     0.00000     0.00000     0.00000
           4           4           5           6
     0.69600     0.69600     1.74500     1.74500
     0.01000     0.01000     0.03125     0.03125
     2.83600     2.83600     3.18770     3.18770
     0.01900     0.01900     0.00000     0.00000
     0.02000     0.02000     0.00000     0.00000
    26.70000    13.62600    17.00000    12.00000
   -13.00000   -12.98000     0.00000     0.00000
           2
           5           5
     0.00000   180.00000
           2
          10          10
     0.00000   180.00000
           2
           8           8
     0.00000   180.00000
           2
          12          12
     0.00000   180.00000
 SVX barrel sensor rotation matrices and translation vectors:
           0           1           1           1
     1.59378    -2.12360     8.68567
     0.63997     0.76840    -0.00000
    -0.76840     0.63997    -0.00000
     0.00000     0.00000     1.00000
           0           1           1           2
     1.59378    -2.12360     2.99368
     0.63997     0.76840    -0.00000
    -0.76840     0.63997    -0.00000
     0.00000     0.00000     1.00000
           0           1           1           3
     1.59378    -2.12360    -2.69834
     0.63997     0.76840    -0.00000
    -0.76840     0.63997    -0.00000
     0.00000     0.00000     1.00000
           0           1           1           4
     1.59378    -2.12360    -8.39034
     0.63997     0.76840    -0.00000
    -0.76840     0.63997    -0.00000
     0.00000     0.00000     1.00000
           0           1           2           1
     2.34990    -1.17945     8.68189
     0.22643     0.97403    -0.00000
    -0.97403     0.22643    -0.00000
     0.00000     0.00000     1.00000
           0           1           2           2
     2.34990    -1.17945     2.98990
     0.22643     0.97403    -0.00000
    -0.97403     0.22643    -0.00000
     0.00000     0.00000     1.00000
           0           1           2           3
     2.34990    -1.17945    -2.70211
     0.22643     0.97403    -0.00000
    -0.97403     0.22643    -0.00000
     0.00000     0.00000     1.00000
           0           1           2           4
     2.34990    -1.17945    -8.39411
     0.22643     0.97403    -0.00000
    -0.97403     0.22643    -0.00000
     0.00000     0.00000     1.00000
           0           1           3           1
     2.61687    -0.00307     8.68171
    -0.23542     0.97189     0.00000
    -0.97189    -0.23542     0.00000
     0.00000     0.00000     1.00000
           0           1           3           2
     2.61687    -0.00307     2.98972
    -0.23542     0.97189     0.00000
    -0.97189    -0.23542     0.00000
     0.00000     0.00000     1.00000
           0           1           3           3
     2.61687    -0.00307    -2.70229
    -0.23542     0.97189     0.00000
    -0.97189    -0.23542     0.00000
     0.00000     0.00000     1.00000
           0           1           3           4
     2.61687    -0.00307    -8.39429
    -0.23542     0.97189     0.00000
    -0.97189    -0.23542     0.00000
     0.00000     0.00000     1.00000
           0           1           4           1
     2.34344     1.17769     8.68662
    -0.64705     0.76245     0.00000
    -0.76245    -0.64705     0.00000
     0.00000     0.00000     1.00000
           0           1           4           2
     2.34344     1.17769     2.99463
    -0.64705     0.76245     0.00000
    -0.76245    -0.64705     0.00000
     0.00000     0.00000     1.00000
           0           1           4           3
     2.34344     1.17769    -2.69738
    -0.64705     0.76245     0.00000
    -0.76245    -0.64705     0.00000
     0.00000     0.00000     1.00000
           0           1           4           4
     2.34344     1.17769    -8.38938
    -0.64705     0.76245     0.00000
    -0.76245    -0.64705     0.00000
     0.00000     0.00000     1.00000
           0           1           5           1
     1.53899     2.08208     8.66922
    -0.92065     0.39038     0.00000
    -0.39038    -0.92065     0.00000
     0.00000     0.00000     1.00000
           0           1           5           2
     1.53899     2.08208     2.97723
    -0.92065     0.39038     0.00000
    -0.39038    -0.92065     0.00000
     0.00000     0.00000     1.00000
           0           1           5           3
     1.53899     2.08208    -2.71478
    -0.92065     0.39038     0.00000
    -0.39038    -0.92065     0.00000
     0.00000     0.00000     1.00000
           0           1           5           4
     1.53899     2.08208    -8.40678
    -0.92065     0.39038     0.00000
    -0.39038    -0.92065     0.00000
     0.00000     0.00000     1.00000
           0           1           6           1
    -1.54635     2.08141    -8.54179
     0.92057     0.39057     0.00000
     0.39057    -0.92057     0.00000
     0.00000    -0.00000    -1.00000
           0           1           6           2
    -1.54635     2.08141    -2.84979
     0.92057     0.39057     0.00000
     0.39057    -0.92057     0.00000
     0.00000    -0.00000    -1.00000
           0           1           6           3
    -1.54635     2.08141     2.84221
     0.92057     0.39057     0.00000
     0.39057    -0.92057     0.00000
     0.00000    -0.00000    -1.00000
           0           1           6           4
    -1.54635     2.08141     8.53421
     0.92057     0.39057     0.00000
     0.39057    -0.92057     0.00000
     0.00000    -0.00000    -1.00000
           0           1           7           1
    -2.33481     1.16952    -8.54284
     0.64688     0.76259     0.00000
     0.76259    -0.64688     0.00000
     0.00000    -0.00000    -1.00000
           0           1           7           2
    -2.33481     1.16952    -2.85084
     0.64688     0.76259     0.00000
     0.76259    -0.64688     0.00000
     0.00000    -0.00000    -1.00000
           0           1           7           3
    -2.33481     1.16952     2.84116
     0.64688     0.76259     0.00000
     0.76259    -0.64688     0.00000
     0.00000    -0.00000    -1.00000
           0           1           7           4
    -2.33481     1.16952     8.53316
     0.64688     0.76259     0.00000
     0.76259    -0.64688     0.00000
     0.00000    -0.00000    -1.00000
           0           1           8           1
    -2.64141     0.00437    -8.54234
     0.23520     0.97195    -0.00000
     0.97195    -0.23520    -0.00000
    -0.00000     0.00000    -1.00000
           0           1           8           2
    -2.64141     0.00437    -2.85034
     0.23520     0.97195    -0.00000
     0.97195    -0.23520    -0.00000
    -0.00000     0.00000    -1.00000
           0           1           8           3
    -2.64141     0.00437     2.84166
     0.23520     0.97195    -0.00000
     0.97195    -0.23520    -0.00000
    -0.00000     0.00000    -1.00000
           0           1           8           4
    -2.64141     0.00437     8.53366
     0.23520     0.97195    -0.00000
     0.97195    -0.23520    -0.00000
    -0.00000     0.00000    -1.00000
           0           1           9           1
    -2.36816    -1.17705    -8.52867
    -0.22663     0.97398    -0.00000
     0.97398     0.22663    -0.00000
    -0.00000    -0.00000    -1.00000
           0           1           9           2
    -2.36816    -1.17705    -2.83667
    -0.22663     0.97398    -0.00000
     0.97398     0.22663    -0.00000
    -0.00000    -0.00000    -1.00000
           0           1           9           3
    -2.36816    -1.17705     2.85533
    -0.22663     0.97398    -0.00000
     0.97398     0.22663    -0.00000
    -0.00000    -0.00000    -1.00000
           0           1           9           4
    -2.36816    -1.17705     8.54733
    -0.22663     0.97398    -0.00000
     0.97398     0.22663    -0.00000
    -0.00000    -0.00000    -1.00000
           0           1          10           1
    -1.62420    -2.13044    -8.52957
    -0.64010     0.76829    -0.00000
     0.76829     0.64010    -0.00000
    -0.00000    -0.00000    -1.00000
           0           1          10           2
    -1.62420    -2.13044    -2.83757
    -0.64010     0.76829    -0.00000
     0.76829     0.64010    -0.00000
    -0.00000    -0.00000    -1.00000
           0           1          10           3
    -1.62420    -2.13044     2.85443
    -0.64010     0.76829    -0.00000
     0.76829     0.64010    -0.00000
    -0.00000    -0.00000    -1.00000
           0           1          10           4
    -1.62420    -2.13044     8.54643
    -0.64010     0.76829    -0.00000
     0.76829     0.64010    -0.00000
    -0.00000    -0.00000    -1.00000
           0           2           1           1
     2.52555    -4.55836     8.68176
     0.74603     0.66591    -0.00000
    -0.66591     0.74603    -0.00000
     0.00000     0.00000     1.00000
           0           2           1           2
     2.52555    -4.55836     2.98977
     0.74603     0.66591    -0.00000
    -0.66591     0.74603    -0.00000
     0.00000     0.00000     1.00000
           0           2           1           3
     2.52555    -4.55836    -2.70223
     0.74603     0.66591    -0.00000
    -0.66591     0.74603    -0.00000
     0.00000     0.00000     1.00000
           0           2           1           4
     2.52555    -4.55836    -8.39424
     0.74603     0.66591    -0.00000
    -0.66591     0.74603    -0.00000
     0.00000     0.00000     1.00000
           0           2           2           1
     3.51906    -3.84589     8.68152
     0.56816     0.82292    -0.00000
    -0.82292     0.56816    -0.00000
     0.00000     0.00000     1.00000
           0           2           2           2
     3.51906    -3.84589     2.98952
     0.56816     0.82292    -0.00000
    -0.82292     0.56816    -0.00000
     0.00000     0.00000     1.00000
           0           2           2           3
     3.51906    -3.84589    -2.70248
     0.56816     0.82292    -0.00000
    -0.82292     0.56816    -0.00000
     0.00000     0.00000     1.00000
           0           2           2           4
     3.51906    -3.84589    -8.39448
     0.56816     0.82292    -0.00000
    -0.82292     0.56816    -0.00000
     0.00000     0.00000     1.00000
           0           2           3           1
     4.30455    -2.90554     8.67076
     0.35830     0.93361    -0.00000
    -0.93361     0.35830    -0.00000
     0.00000     0.00000     1.00000
           0           2           3           2
     4.30455    -2.90554     2.97876
     0.35830     0.93361    -0.00000
    -0.93361     0.35830    -0.00000
     0.00000     0.00000     1.00000
           0           2           3           3
     4.30455    -2.90554    -2.71324
     0.35830     0.93361    -0.00000
    -0.93361     0.35830    -0.00000
     0.00000     0.00000     1.00000
           0           2           3           4
     4.30455    -2.90554    -8.40524
     0.35830     0.93361    -0.00000
    -0.93361     0.35830    -0.00000
     0.00000     0.00000     1.00000
           0           2           4           1
     4.85376    -1.80991     8.67455
     0.12828     0.99174    -0.00000
    -0.99174     0.12828    -0.00000
     0.00000     0.00000     1.00000
           0           2           4           2
     4.85376    -1.80991     2.98255
     0.12828     0.99174    -0.00000
    -0.99174     0.12828    -0.00000
     0.00000     0.00000     1.00000
           0           2           4           3
     4.85376    -1.80991    -2.70945
     0.12828     0.99174    -0.00000
    -0.99174     0.12828    -0.00000
     0.00000     0.00000     1.00000
           0           2           4           4
     4.85376    -1.80991    -8.40145
     0.12828     0.99174    -0.00000
    -0.99174     0.12828    -0.00000
     0.00000     0.00000     1.00000
           0           2           5           1
     5.16066    -0.62118     8.67814
    -0.10898     0.99404     0.00000
    -0.99404    -0.10898     0.00000
     0.00000     0.00000     1.00000
           0           2           5           2
     5.16066    -0.62118     2.98614
    -0.10898     0.99404     0.00000
    -0.99404    -0.10898     0.00000
     0.00000     0.00000     1.00000
           0           2           5           3
     5.16066    -0.62118    -2.70586
    -0.10898     0.99404     0.00000
    -0.99404    -0.10898     0.00000
     0.00000     0.00000     1.00000
           0           2           5           4
     5.16066    -0.62118    -8.39787
    -0.10898     0.99404     0.00000
    -0.99404    -0.10898     0.00000
     0.00000     0.00000     1.00000
           0           2           6           1
     5.11599     0.59495     8.66263
    -0.34009     0.94039     0.00000
    -0.94039    -0.34009     0.00000
     0.00000     0.00000     1.00000
           0           2           6           2
     5.11599     0.59495     2.97063
    -0.34009     0.94039     0.00000
    -0.94039    -0.34009     0.00000
     0.00000     0.00000     1.00000
           0           2           6           3
     5.11599     0.59495    -2.72137
    -0.34009     0.94039     0.00000
    -0.94039    -0.34009     0.00000
     0.00000     0.00000     1.00000
           0           2           6           4
     5.11599     0.59495    -8.41337
    -0.34009     0.94039     0.00000
    -0.94039    -0.34009     0.00000
     0.00000     0.00000     1.00000
           0           2           7           1
     4.89252     1.80974     8.67970
    -0.55207     0.83380     0.00000
    -0.83380    -0.55207     0.00000
     0.00000     0.00000     1.00000
           0           2           7           2
     4.89252     1.80974     2.98770
    -0.55207     0.83380     0.00000
    -0.83380    -0.55207     0.00000
     0.00000     0.00000     1.00000
           0           2           7           3
     4.89252     1.80974    -2.70430
    -0.55207     0.83380     0.00000
    -0.83380    -0.55207     0.00000
     0.00000     0.00000     1.00000
           0           2           7           4
     4.89252     1.80974    -8.39630
    -0.55207     0.83380     0.00000
    -0.83380    -0.55207     0.00000
     0.00000     0.00000     1.00000
           0           2           8           1
     4.32593     2.89495     8.67766
    -0.73296     0.68028     0.00000
    -0.68028    -0.73296     0.00000
     0.00000     0.00000     1.00000
           0           2           8           2
     4.32593     2.89495     2.98566
    -0.73296     0.68028     0.00000
    -0.68028    -0.73296     0.00000
     0.00000     0.00000     1.00000
           0           2           8           3
     4.32593     2.89495    -2.70634
    -0.73296     0.68028     0.00000
    -0.68028    -0.73296     0.00000
     0.00000     0.00000     1.00000
           0           2           8           4
     4.32593     2.89495    -8.39834
    -0.73296     0.68028     0.00000
    -0.68028    -0.73296     0.00000
     0.00000     0.00000     1.00000
           0           2           9           1
     3.49248     3.79871     8.66205
    -0.87259     0.48846     0.00000
    -0.48846    -0.87259     0.00000
     0.00000     0.00000     1.00000
           0           2           9           2
     3.49248     3.79871     2.97005
    -0.87259     0.48846     0.00000
    -0.48846    -0.87259     0.00000
     0.00000     0.00000     1.00000
           0           2           9           3
     3.49248     3.79871    -2.72195
    -0.87259     0.48846     0.00000
    -0.48846    -0.87259     0.00000
     0.00000     0.00000     1.00000
           0           2           9           4
     3.49248     3.79871    -8.41395
    -0.87259     0.48846     0.00000
    -0.48846    -0.87259     0.00000
     0.00000     0.00000     1.00000
           0           2          10           1
     2.49665     4.51037     8.67128
    -0.96310     0.26914     0.00000
    -0.26914    -0.96310     0.00000
     0.00000     0.00000     1.00000
           0           2          10           2
     2.49665     4.51037     2.97928
    -0.96310     0.26914     0.00000
    -0.26914    -0.96310     0.00000
     0.00000     0.00000     1.00000
           0           2          10           3
     2.49665     4.51037    -2.71272
    -0.96310     0.26914     0.00000
    -0.26914    -0.96310     0.00000
     0.00000     0.00000     1.00000
           0           2          10           4
     2.49665     4.51037    -8.40472
    -0.96310     0.26914     0.00000
    -0.26914    -0.96310     0.00000
     0.00000     0.00000     1.00000
           0           2          11           1
    -2.48034     4.51184    -8.55780
     0.96361     0.26733     0.00000
     0.26733    -0.96361     0.00000
     0.00000    -0.00000    -1.00000
           0           2          11           2
    -2.48034     4.51184    -2.86580
     0.96361     0.26733     0.00000
     0.26733    -0.96361     0.00000
     0.00000    -0.00000    -1.00000
           0           2          11           3
    -2.48034     4.51184     2.82619
     0.96361     0.26733     0.00000
     0.26733    -0.96361     0.00000
     0.00000    -0.00000    -1.00000
           0           2          11           4
    -2.48034     4.51184     8.51820
     0.96361     0.26733     0.00000
     0.26733    -0.96361     0.00000
     0.00000    -0.00000    -1.00000
           0           2          12           1
    -3.51177     3.83693    -8.54709
     0.87351     0.48681     0.00000
     0.48681    -0.87351     0.00000
     0.00000    -0.00000    -1.00000
           0           2          12           2
    -3.51177     3.83693    -2.85509
     0.87351     0.48681     0.00000
     0.48681    -0.87351     0.00000
     0.00000    -0.00000    -1.00000
           0           2          12           3
    -3.51177     3.83693     2.83691
     0.87351     0.48681     0.00000
     0.48681    -0.87351     0.00000
     0.00000    -0.00000    -1.00000
           0           2          12           4
    -3.51177     3.83693     8.52891
     0.87351     0.48681     0.00000
     0.48681    -0.87351     0.00000
     0.00000    -0.00000    -1.00000
           0           2          13           1
    -4.30018     2.89516    -8.54985
     0.73423     0.67890     0.00000
     0.67890    -0.73423     0.00000
     0.00000    -0.00000    -1.00000
           0           2          13           2
    -4.30018     2.89516    -2.85785
     0.73423     0.67890     0.00000
     0.67890    -0.73423     0.00000
     0.00000    -0.00000    -1.00000
           0           2          13           3
    -4.30018     2.89516     2.83415
     0.73423     0.67890     0.00000
     0.67890    -0.73423     0.00000
     0.00000    -0.00000    -1.00000
           0           2          13           4
    -4.30018     2.89516     8.52615
     0.73423     0.67890     0.00000
     0.67890    -0.73423     0.00000
     0.00000    -0.00000    -1.00000
           0           2          14           1
    -4.84755     1.80057    -8.55503
     0.55362     0.83277     0.00000
     0.83277    -0.55362     0.00000
     0.00000    -0.00000    -1.00000
           0           2          14           2
    -4.84755     1.80057    -2.86303
     0.55362     0.83277     0.00000
     0.83277    -0.55362     0.00000
     0.00000    -0.00000    -1.00000
           0           2          14           3
    -4.84755     1.80057     2.82897
     0.55362     0.83277     0.00000
     0.83277    -0.55362     0.00000
     0.00000    -0.00000    -1.00000
           0           2          14           4
    -4.84755     1.80057     8.52097
     0.55362     0.83277     0.00000
     0.83277    -0.55362     0.00000
     0.00000    -0.00000    -1.00000
           0           2          15           1
    -5.18723     0.62152    -8.54505
     0.34185     0.93976    -0.00000
     0.93976    -0.34185    -0.00000
    -0.00000     0.00000    -1.00000
           0           2          15           2
    -5.18723     0.62152    -2.85305
     0.34185     0.93976    -0.00000
     0.93976    -0.34185    -0.00000
    -0.00000     0.00000    -1.00000
           0           2          15           3
    -5.18723     0.62152     2.83895
     0.34185     0.93976    -0.00000
     0.93976    -0.34185    -0.00000
    -0.00000     0.00000    -1.00000
           0           2          15           4
    -5.18723     0.62152     8.53095
     0.34185     0.93976    -0.00000
     0.93976    -0.34185    -0.00000
    -0.00000     0.00000    -1.00000
           0           2          16           1
    -5.16550    -0.60478    -8.53900
     0.11084     0.99384    -0.00000
     0.99384    -0.11084    -0.00000
    -0.00000     0.00000    -1.00000
           0           2          16           2
    -5.16550    -0.60478    -2.84700
     0.11084     0.99384    -0.00000
     0.99384    -0.11084    -0.00000
    -0.00000     0.00000    -1.00000
           0           2          16           3
    -5.16550    -0.60478     2.84500
     0.11084     0.99384    -0.00000
     0.99384    -0.11084    -0.00000
    -0.00000     0.00000    -1.00000
           0           2          16           4
    -5.16550    -0.60478     8.53700
     0.11084     0.99384    -0.00000
     0.99384    -0.11084    -0.00000
    -0.00000     0.00000    -1.00000
           0           2          17           1
    -4.86817    -1.79531    -8.54046
    -0.12642     0.99198    -0.00000
     0.99198     0.12642    -0.00000
    -0.00000    -0.00000    -1.00000
           0           2          17           2
    -4.86817    -1.79531    -2.84846
    -0.12642     0.99198    -0.00000
     0.99198     0.12642    -0.00000
    -0.00000    -0.00000    -1.00000
           0           2          17           3
    -4.86817    -1.79531     2.84354
    -0.12642     0.99198    -0.00000
     0.99198     0.12642    -0.00000
    -0.00000    -0.00000    -1.00000
           0           2          17           4
    -4.86817    -1.79531     8.53554
    -0.12642     0.99198    -0.00000
     0.99198     0.12642    -0.00000
    -0.00000    -0.00000    -1.00000
           0           2          18           1
    -4.32849    -2.89643    -8.54359
    -0.35655     0.93427    -0.00000
     0.93427     0.35655    -0.00000
    -0.00000    -0.00000    -1.00000
           0           2          18           2
    -4.32849    -2.89643    -2.85159
    -0.35655     0.93427    -0.00000
     0.93427     0.35655    -0.00000
    -0.00000    -0.00000    -1.00000
           0           2          18           3
    -4.32848    -2.89643     2.84041
    -0.35655     0.93427    -0.00000
     0.93427     0.35655    -0.00000
    -0.00000    -0.00000    -1.00000
           0           2          18           4
    -4.32848    -2.89643     8.53241
    -0.35655     0.93427    -0.00000
     0.93427     0.35655    -0.00000
    -0.00000    -0.00000    -1.00000
           0           2          19           1
    -3.54790    -3.84298    -8.53823
    -0.56662     0.82398    -0.00000
     0.82398     0.56662    -0.00000
    -0.00000    -0.00000    -1.00000
           0           2          19           2
    -3.54790    -3.84298    -2.84623
    -0.56662     0.82398    -0.00000
     0.82398     0.56662    -0.00000
    -0.00000    -0.00000    -1.00000
           0           2          19           3
    -3.54790    -3.84298     2.84577
    -0.56662     0.82398    -0.00000
     0.82398     0.56662    -0.00000
    -0.00000    -0.00000    -1.00000
           0           2          19           4
    -3.54790    -3.84298     8.53777
    -0.56662     0.82398    -0.00000
     0.82398     0.56662    -0.00000
    -0.00000    -0.00000    -1.00000
           0           2          20           1
    -2.56567    -4.57178    -8.53775
    -0.74478     0.66731    -0.00000
     0.66731     0.74478    -0.00000
    -0.00000    -0.00000    -1.00000
           0           2          20           2
    -2.56567    -4.57178    -2.84575
    -0.74478     0.66731    -0.00000
     0.66731     0.74478    -0.00000
    -0.00000    -0.00000    -1.00000
           0           2          20           3
    -2.56567    -4.57178     2.84625
    -0.74478     0.66731    -0.00000
     0.66731     0.74478    -0.00000
    -0.00000    -0.00000    -1.00000
           0           2          20           4
    -2.56567    -4.57178     8.53825
    -0.74478     0.66731    -0.00000
     0.66731     0.74478    -0.00000
    -0.00000    -0.00000    -1.00000
           0           3           1           1
     5.66968   -10.34101    12.84612
    -0.87814    -0.47840     0.00000
    -0.47840     0.87814     0.00000
    -0.00000     0.00000    -1.00000
           0           3           1           2
     5.66968   -10.34101     6.47072
    -0.87814    -0.47840     0.00000
    -0.47840     0.87814     0.00000
    -0.00000     0.00000    -1.00000
           0           3           1           3
     5.66968   -10.34101     0.09532
    -0.87814    -0.47840     0.00000
    -0.47840     0.87814     0.00000
    -0.00000     0.00000    -1.00000
           0           3           1           4
     5.66968   -10.34101    -6.28008
    -0.87814    -0.47840     0.00000
    -0.47840     0.87814     0.00000
    -0.00000     0.00000    -1.00000
           0           3           1           5
     5.66968   -10.34101   -12.65548
    -0.87814    -0.47840     0.00000
    -0.47840     0.87814     0.00000
    -0.00000     0.00000    -1.00000
           0           3           2           1
     7.56463    -7.14074    12.83594
    -0.68684    -0.72680     0.00000
    -0.72680     0.68684     0.00000
    -0.00000     0.00000    -1.00000
           0           3           2           2
     7.56463    -7.14074     6.46054
    -0.68684    -0.72680     0.00000
    -0.72680     0.68684     0.00000
    -0.00000     0.00000    -1.00000
           0           3           2           3
     7.56463    -7.14074     0.08514
    -0.68684    -0.72680     0.00000
    -0.72680     0.68684     0.00000
    -0.00000     0.00000    -1.00000
           0           3           2           4
     7.56463    -7.14074    -6.29026
    -0.68684    -0.72680     0.00000
    -0.72680     0.68684     0.00000
    -0.00000     0.00000    -1.00000
           0           3           2           5
     7.56463    -7.14074   -12.66566
    -0.68684    -0.72680     0.00000
    -0.72680     0.68684     0.00000
    -0.00000     0.00000    -1.00000
           0           3           3           1
    11.52549    -5.66854    12.83286
    -0.44180    -0.89712     0.00000
    -0.89712     0.44180     0.00000
    -0.00000     0.00000    -1.00000
           0           3           3           2
    11.52549    -5.66854     6.45746
    -0.44180    -0.89712     0.00000
    -0.89712     0.44180     0.00000
    -0.00000     0.00000    -1.00000
           0           3           3           3
    11.52548    -5.66854     0.08206
    -0.44180    -0.89712     0.00000
    -0.89712     0.44180     0.00000
    -0.00000     0.00000    -1.00000
           0           3           3           4
    11.52548    -5.66854    -6.29334
    -0.44180    -0.89712     0.00000
    -0.89712     0.44180     0.00000
    -0.00000     0.00000    -1.00000
           0           3           3           5
    11.52548    -5.66854   -12.66874
    -0.44180    -0.89712     0.00000
    -0.89712     0.44180     0.00000
    -0.00000     0.00000    -1.00000
           0           3           4           1
    11.54510    -2.06506    12.85867
    -0.17639    -0.98432     0.00000
    -0.98432     0.17639     0.00000
    -0.00000     0.00000    -1.00000
           0           3           4           2
    11.54510    -2.06506     6.48326
    -0.17639    -0.98432     0.00000
    -0.98432     0.17639     0.00000
    -0.00000     0.00000    -1.00000
           0           3           4           3
    11.54510    -2.06506     0.10786
    -0.17639    -0.98432     0.00000
    -0.98432     0.17639     0.00000
    -0.00000     0.00000    -1.00000
           0           3           4           4
    11.54510    -2.06506    -6.26754
    -0.17639    -0.98432     0.00000
    -0.98432     0.17639     0.00000
    -0.00000     0.00000    -1.00000
           0           3           4           5
    11.54510    -2.06506   -12.64294
    -0.17639    -0.98432     0.00000
    -0.98432     0.17639     0.00000
    -0.00000     0.00000    -1.00000
           0           3           5           1
    10.16285     1.39835    12.82869
     0.13709    -0.99056     0.00000
    -0.99056    -0.13709     0.00000
    -0.00000    -0.00000    -1.00000
           0           3           5           2
    10.16285     1.39835     6.45329
     0.13709    -0.99056     0.00000
    -0.99056    -0.13709     0.00000
    -0.00000    -0.00000    -1.00000
           0           3           5           3
    10.16285     1.39835     0.07789
     0.13709    -0.99056     0.00000
    -0.99056    -0.13709     0.00000
    -0.00000    -0.00000    -1.00000
           0           3           5           4
    10.16285     1.39835    -6.29751
     0.13709    -0.99056     0.00000
    -0.99056    -0.13709     0.00000
    -0.00000    -0.00000    -1.00000
           0           3           5           5
    10.16285     1.39835   -12.67291
     0.13709    -0.99056     0.00000
    -0.99056    -0.13709     0.00000
    -0.00000    -0.00000    -1.00000
           0           3           6           1
    11.72988     5.47172    12.87867
     0.42327    -0.90600     0.00000
    -0.90600    -0.42327     0.00000
    -0.00000    -0.00000    -1.00000
           0           3           6           2
    11.72988     5.47172     6.50327
     0.42327    -0.90600     0.00000
    -0.90600    -0.42327     0.00000
    -0.00000    -0.00000    -1.00000
           0           3           6           3
    11.72988     5.47172     0.12787
     0.42327    -0.90600     0.00000
    -0.90600    -0.42327     0.00000
    -0.00000    -0.00000    -1.00000
           0           3           6           4
    11.72988     5.47172    -6.24753
     0.42327    -0.90600     0.00000
    -0.90600    -0.42327     0.00000
    -0.00000    -0.00000    -1.00000
           0           3           6           5
    11.72988     5.47172   -12.62293
     0.42327    -0.90600     0.00000
    -0.90600    -0.42327     0.00000
    -0.00000    -0.00000    -1.00000
           0           3           7           1
     8.86997     7.70005    12.84876
     0.65738    -0.75355     0.00000
    -0.75355    -0.65738     0.00000
    -0.00000    -0.00000    -1.00000
           0           3           7           2
     8.86997     7.70005     6.47336
     0.65738    -0.75355     0.00000
    -0.75355    -0.65738     0.00000
    -0.00000    -0.00000    -1.00000
           0           3           7           3
     8.86997     7.70005     0.09795
     0.65738    -0.75355     0.00000
    -0.75355    -0.65738     0.00000
    -0.00000    -0.00000    -1.00000
           0           3           7           4
     8.86997     7.70005    -6.27745
     0.65738    -0.75355     0.00000
    -0.75355    -0.65738     0.00000
    -0.00000    -0.00000    -1.00000
           0           3           7           5
     8.86997     7.70005   -12.65284
     0.65738    -0.75355     0.00000
    -0.75355    -0.65738     0.00000
    -0.00000    -0.00000    -1.00000
           0           3           8           1
     5.33883     8.89106    12.84371
     0.85842    -0.51295     0.00000
    -0.51295    -0.85842     0.00000
    -0.00000    -0.00000    -1.00000
           0           3           8           2
     5.33883     8.89106     6.46831
     0.85842    -0.51295     0.00000
    -0.51295    -0.85842     0.00000
    -0.00000    -0.00000    -1.00000
           0           3           8           3
     5.33883     8.89106     0.09291
     0.85842    -0.51295     0.00000
    -0.51295    -0.85842     0.00000
    -0.00000    -0.00000    -1.00000
           0           3           8           4
     5.33883     8.89106    -6.28249
     0.85842    -0.51295     0.00000
    -0.51295    -0.85842     0.00000
    -0.00000    -0.00000    -1.00000
           0           3           8           5
     5.33883     8.89106   -12.65789
     0.85842    -0.51295     0.00000
    -0.51295    -0.85842     0.00000
    -0.00000    -0.00000    -1.00000
           0           3           9           1
    -5.32941     8.90845   -12.80323
    -0.85793    -0.51376     0.00000
     0.51376    -0.85793     0.00000
    -0.00000     0.00000     1.00000
           0           3           9           2
    -5.32941     8.90845    -6.42783
    -0.85793    -0.51376     0.00000
     0.51376    -0.85793     0.00000
    -0.00000     0.00000     1.00000
           0           3           9           3
    -5.32941     8.90845    -0.05243
    -0.85793    -0.51376     0.00000
     0.51376    -0.85793     0.00000
    -0.00000     0.00000     1.00000
           0           3           9           4
    -5.32941     8.90845     6.32297
    -0.85793    -0.51376     0.00000
     0.51376    -0.85793     0.00000
    -0.00000     0.00000     1.00000
           0           3           9           5
    -5.32941     8.90845    12.69837
    -0.85793    -0.51376     0.00000
     0.51376    -0.85793     0.00000
    -0.00000     0.00000     1.00000
           0           3          10           1
    -8.86217     7.73834   -12.76656
    -0.65675    -0.75411    -0.00000
     0.75411    -0.65675    -0.00000
     0.00000     0.00000     1.00000
           0           3          10           2
    -8.86217     7.73834    -6.39116
    -0.65675    -0.75411    -0.00000
     0.75411    -0.65675    -0.00000
     0.00000     0.00000     1.00000
           0           3          10           3
    -8.86217     7.73834    -0.01576
    -0.65675    -0.75411    -0.00000
     0.75411    -0.65675    -0.00000
     0.00000     0.00000     1.00000
           0           3          10           4
    -8.86217     7.73834     6.35964
    -0.65675    -0.75411    -0.00000
     0.75411    -0.65675    -0.00000
     0.00000     0.00000     1.00000
           0           3          10           5
    -8.86217     7.73834    12.73504
    -0.65675    -0.75411    -0.00000
     0.75411    -0.65675    -0.00000
     0.00000     0.00000     1.00000
           0           3          11           1
   -11.63597     5.45302   -12.77640
    -0.42258    -0.90633    -0.00000
     0.90633    -0.42258    -0.00000
     0.00000     0.00000     1.00000
           0           3          11           2
   -11.63597     5.45302    -6.40100
    -0.42258    -0.90633    -0.00000
     0.90633    -0.42258    -0.00000
     0.00000     0.00000     1.00000
           0           3          11           3
   -11.63597     5.45302    -0.02560
    -0.42258    -0.90633    -0.00000
     0.90633    -0.42258    -0.00000
     0.00000     0.00000     1.00000
           0           3          11           4
   -11.63597     5.45302     6.34980
    -0.42258    -0.90633    -0.00000
     0.90633    -0.42258    -0.00000
     0.00000     0.00000     1.00000
           0           3          11           5
   -11.63597     5.45302    12.72520
    -0.42258    -0.90633    -0.00000
     0.90633    -0.42258    -0.00000
     0.00000     0.00000     1.00000
           0           3          12           1
   -10.28205     1.43314   -12.76202
    -0.13615    -0.99069    -0.00000
     0.99069    -0.13615    -0.00000
     0.00000     0.00000     1.00000
           0           3          12           2
   -10.28205     1.43314    -6.38662
    -0.13615    -0.99069    -0.00000
     0.99069    -0.13615    -0.00000
     0.00000     0.00000     1.00000
           0           3          12           3
   -10.28205     1.43314    -0.01122
    -0.13615    -0.99069    -0.00000
     0.99069    -0.13615    -0.00000
     0.00000     0.00000     1.00000
           0           3          12           4
   -10.28205     1.43314     6.36418
    -0.13615    -0.99069    -0.00000
     0.99069    -0.13615    -0.00000
     0.00000     0.00000     1.00000
           0           3          12           5
   -10.28205     1.43314    12.73958
    -0.13615    -0.99069    -0.00000
     0.99069    -0.13615    -0.00000
     0.00000     0.00000     1.00000
           0           3          13           1
   -11.50387    -2.02680   -12.76590
     0.17722    -0.98417    -0.00000
     0.98417     0.17722    -0.00000
     0.00000     0.00000     1.00000
           0           3          13           2
   -11.50387    -2.02680    -6.39050
     0.17722    -0.98417    -0.00000
     0.98417     0.17722    -0.00000
     0.00000     0.00000     1.00000
           0           3          13           3
   -11.50387    -2.02680    -0.01510
     0.17722    -0.98417    -0.00000
     0.98417     0.17722    -0.00000
     0.00000     0.00000     1.00000
           0           3          13           4
   -11.50387    -2.02680     6.36030
     0.17722    -0.98417    -0.00000
     0.98417     0.17722    -0.00000
     0.00000     0.00000     1.00000
           0           3          13           5
   -11.50387    -2.02680    12.73570
     0.17722    -0.98417    -0.00000
     0.98417     0.17722    -0.00000
     0.00000     0.00000     1.00000
           0           3          14           1
   -11.53846    -5.64668   -12.79232
     0.44248    -0.89678    -0.00000
     0.89678     0.44248    -0.00000
     0.00000     0.00000     1.00000
           0           3          14           2
   -11.53846    -5.64668    -6.41692
     0.44248    -0.89678    -0.00000
     0.89678     0.44248    -0.00000
     0.00000     0.00000     1.00000
           0           3          14           3
   -11.53846    -5.64668    -0.04152
     0.44248    -0.89678    -0.00000
     0.89678     0.44248    -0.00000
     0.00000     0.00000     1.00000
           0           3          14           4
   -11.53846    -5.64668     6.33388
     0.44248    -0.89678    -0.00000
     0.89678     0.44248    -0.00000
     0.00000     0.00000     1.00000
           0           3          14           5
   -11.53846    -5.64668    12.70928
     0.44248    -0.89678    -0.00000
     0.89678     0.44248    -0.00000
     0.00000     0.00000     1.00000
           0           3          15           1
    -7.52730    -7.08183   -12.77161
     0.68754    -0.72615    -0.00000
     0.72615     0.68754    -0.00000
     0.00000     0.00000     1.00000
           0           3          15           2
    -7.52730    -7.08183    -6.39621
     0.68754    -0.72615    -0.00000
     0.72615     0.68754    -0.00000
     0.00000     0.00000     1.00000
           0           3          15           3
    -7.52730    -7.08183    -0.02081
     0.68754    -0.72615    -0.00000
     0.72615     0.68754    -0.00000
     0.00000     0.00000     1.00000
           0           3          15           4
    -7.52730    -7.08183     6.35459
     0.68754    -0.72615    -0.00000
     0.72615     0.68754    -0.00000
     0.00000     0.00000     1.00000
           0           3          15           5
    -7.52730    -7.08183    12.72999
     0.68754    -0.72615    -0.00000
     0.72615     0.68754    -0.00000
     0.00000     0.00000     1.00000
           0           3          16           1
    -5.72346   -10.37210   -12.76681
     0.87855    -0.47766    -0.00000
     0.47766     0.87855    -0.00000
     0.00000     0.00000     1.00000
           0           3          16           2
    -5.72346   -10.37210    -6.39141
     0.87855    -0.47766    -0.00000
     0.47766     0.87855    -0.00000
     0.00000     0.00000     1.00000
           0           3          16           3
