 SVX cage parameters:
     2.20000
     0.50000     0.20000
     0.00000
           6
   -40.00000   -26.50000   -26.50000    26.50000    26.50000    40.00000
    53.00000    53.00000    22.14782    22.14782    53.00000    53.00000
     0.00000     0.00000     0.00000
 SVX barrel parameters:
           4
     2.63000     5.19260    11.76500    16.68700     1.14100
     0.00000     0.00000     0.00000     0.00000
           4           4           5           6
     0.69600     0.69600     1.74500     1.74500
     0.01000     0.01000     0.03125     0.03125
     2.83600     2.83600     3.18770     3.18770
     0.01900     0.01900     0.00000     0.00000
     0.02000     0.02000     0.00000     0.00000
    26.70000    13.62600    17.00000    12.00000
   -13.00000   -12.98000     0.00000     0.00000
           2
           5           5
     0.00000   180.00000
           2
          10          10
     0.00000   180.00000
           2
           8           8
     0.00000   180.00000
           2
          12          12
     0.00000   180.00000
 SVX barrel sensor rotation matrices and translation vectors:
           0           1           1           1
     1.58527    -2.12916     8.66619
     0.63993     0.76843     0.00117
    -0.76843     0.63993    -0.00033
    -0.00100    -0.00068     1.00000
           0           1           1           2
     1.59098    -2.12527     2.97420
     0.63993     0.76843     0.00117
    -0.76843     0.63993    -0.00033
    -0.00100    -0.00068     1.00000
           0           1           1           3
     1.59669    -2.12137    -2.71781
     0.63993     0.76843     0.00117
    -0.76843     0.63993    -0.00033
    -0.00100    -0.00068     1.00000
           0           1           1           4
     1.60240    -2.11747    -8.40981
     0.63993     0.76843     0.00117
    -0.76843     0.63993    -0.00033
    -0.00100    -0.00068     1.00000
           0           1           2           1
     2.34134    -1.18497     8.66381
     0.22638     0.97404     0.00089
    -0.97404     0.22638    -0.00082
    -0.00100    -0.00068     1.00000
           0           1           2           2
     2.34705    -1.18107     2.97183
     0.22638     0.97404     0.00089
    -0.97404     0.22638    -0.00082
    -0.00100    -0.00068     1.00000
           0           1           2           3
     2.35276    -1.17718    -2.72018
     0.22638     0.97404     0.00089
    -0.97404     0.22638    -0.00082
    -0.00100    -0.00068     1.00000
           0           1           2           4
     2.35847    -1.17328    -8.41217
     0.22638     0.97404     0.00089
    -0.97404     0.22638    -0.00082
    -0.00100    -0.00068     1.00000
           0           1           3           1
     2.60825    -0.00858     8.66471
    -0.23547     0.97188     0.00043
    -0.97188    -0.23547    -0.00114
    -0.00100    -0.00068     1.00000
           0           1           3           2
     2.61396    -0.00468     2.97272
    -0.23547     0.97188     0.00043
    -0.97188    -0.23547    -0.00114
    -0.00100    -0.00068     1.00000
           0           1           3           3
     2.61967    -0.00079    -2.71929
    -0.23547     0.97188     0.00043
    -0.97188    -0.23547    -0.00114
    -0.00100    -0.00068     1.00000
           0           1           3           4
     2.62538     0.00311    -8.41128
    -0.23547     0.97188     0.00043
    -0.97188    -0.23547    -0.00114
    -0.00100    -0.00068     1.00000
           0           1           4           1
     2.33476     1.17217     8.67015
    -0.64709     0.76241    -0.00013
    -0.76241    -0.64709    -0.00121
    -0.00100    -0.00068     1.00000
           0           1           4           2
     2.34046     1.17606     2.97816
    -0.64709     0.76241    -0.00013
    -0.76241    -0.64709    -0.00121
    -0.00100    -0.00068     1.00000
           0           1           4           3
     2.34617     1.17996    -2.71384
    -0.64709     0.76241    -0.00013
    -0.76241    -0.64709    -0.00121
    -0.00100    -0.00068     1.00000
           0           1           4           4
     2.35188     1.18386    -8.40584
    -0.64709     0.76241    -0.00013
    -0.76241    -0.64709    -0.00121
    -0.00100    -0.00068     1.00000
           0           1           5           1
     1.53028     2.07653     8.65256
    -0.92067     0.39033    -0.00066
    -0.39033    -0.92067    -0.00102
    -0.00100    -0.00068     1.00000
           0           1           5           2
     1.53599     2.08042     2.96058
    -0.92067     0.39033    -0.00066
    -0.39033    -0.92067    -0.00102
    -0.00100    -0.00068     1.00000
           0           1           5           3
     1.54170     2.08432    -2.73143
    -0.92067     0.39033    -0.00066
    -0.39033    -0.92067    -0.00102
    -0.00100    -0.00068     1.00000
           0           1           5           4
     1.54741     2.08822    -8.42342
    -0.92067     0.39033    -0.00066
    -0.39033    -0.92067    -0.00102
    -0.00100    -0.00068     1.00000
           0           1           6           1
    -1.53301     2.08682    -8.54851
     0.92059     0.39054     0.00165
     0.39054    -0.92059     0.00000
     0.00152     0.00064    -1.00000
           0           1           6           2
    -1.54164     2.08317    -2.85651
     0.92059     0.39054     0.00165
     0.39054    -0.92059     0.00000
     0.00152     0.00064    -1.00000
           0           1           6           3
    -1.55027     2.07952     2.83548
     0.92059     0.39054     0.00165
     0.39054    -0.92059     0.00000
     0.00152     0.00064    -1.00000
           0           1           6           4
    -1.55890     2.07587     8.52747
     0.92059     0.39054     0.00165
     0.39054    -0.92059     0.00000
     0.00152     0.00064    -1.00000
           0           1           7           1
    -2.32150     1.17495    -8.55134
     0.64690     0.76257     0.00147
     0.76257    -0.64690     0.00074
     0.00152     0.00064    -1.00000
           0           1           7           2
    -2.33013     1.17130    -2.85934
     0.64690     0.76257     0.00147
     0.76257    -0.64690     0.00074
     0.00152     0.00064    -1.00000
           0           1           7           3
    -2.33876     1.16765     2.83265
     0.64690     0.76257     0.00147
     0.76257    -0.64690     0.00074
     0.00152     0.00064    -1.00000
           0           1           7           4
    -2.34738     1.16400     8.52464
     0.64690     0.76257     0.00147
     0.76257    -0.64690     0.00074
     0.00152     0.00064    -1.00000
           0           1           8           1
    -2.62814     0.00981    -8.55205
     0.23523     0.97194     0.00098
     0.97194    -0.23523     0.00132
     0.00152     0.00064    -1.00000
           0           1           8           2
    -2.63677     0.00616    -2.86006
     0.23523     0.97194     0.00098
     0.97194    -0.23523     0.00132
     0.00152     0.00064    -1.00000
           0           1           8           3
    -2.64540     0.00251     2.83194
     0.23523     0.97194     0.00098
     0.97194    -0.23523     0.00132
     0.00152     0.00064    -1.00000
           0           1           8           4
    -2.65402    -0.00114     8.52393
     0.23523     0.97194     0.00098
     0.97194    -0.23523     0.00132
     0.00152     0.00064    -1.00000
           0           1           9           1
    -2.35495    -1.17163    -8.53872
    -0.22660     0.97399     0.00028
     0.97399     0.22660     0.00162
     0.00152     0.00064    -1.00000
           0           1           9           2
    -2.36358    -1.17528    -2.84673
    -0.22660     0.97399     0.00028
     0.97399     0.22660     0.00162
     0.00152     0.00064    -1.00000
           0           1           9           3
    -2.37221    -1.17893     2.84526
    -0.22660     0.97399     0.00028
     0.97399     0.22660     0.00162
     0.00152     0.00064    -1.00000
           0           1           9           4
    -2.38083    -1.18258     8.53725
    -0.22660     0.97399     0.00028
     0.97399     0.22660     0.00162
     0.00152     0.00064    -1.00000
           0           1          10           1
    -1.61102    -2.12504    -8.53911
    -0.64008     0.76831    -0.00048
     0.76831     0.64008     0.00157
     0.00152     0.00064    -1.00000
           0           1          10           2
    -1.61965    -2.12869    -2.84711
    -0.64008     0.76831    -0.00048
     0.76831     0.64008     0.00157
     0.00152     0.00064    -1.00000
           0           1          10           3
    -1.62827    -2.13234     2.84488
    -0.64008     0.76831    -0.00048
     0.76831     0.64008     0.00157
     0.00152     0.00064    -1.00000
           0           1          10           4
    -1.63690    -2.13599     8.53687
    -0.64008     0.76831    -0.00048
     0.76831     0.64008     0.00157
     0.00152     0.00064    -1.00000
           0           2           1           1
     2.51755    -4.56524     8.66163
     0.74549     0.66652     0.00120
    -0.66652     0.74549    -0.00016
    -0.00100    -0.00068     1.00000
           0           2           1           2
     2.52326    -4.56134     2.96964
     0.74549     0.66652     0.00120
    -0.66652     0.74549    -0.00016
    -0.00100    -0.00068     1.00000
           0           2           1           3
     2.52897    -4.55745    -2.72236
     0.74549     0.66652     0.00120
    -0.66652     0.74549    -0.00016
    -0.00100    -0.00068     1.00000
           0           2           1           4
     2.53468    -4.55355    -8.41436
     0.74549     0.66652     0.00120
    -0.66652     0.74549    -0.00016
    -0.00100    -0.00068     1.00000
           0           2           2           1
     3.51048    -3.85197     8.66287
     0.56749     0.82338     0.00113
    -0.82338     0.56749    -0.00044
    -0.00100    -0.00068     1.00000
           0           2           2           2
     3.51619    -3.84807     2.97087
     0.56749     0.82338     0.00113
    -0.82338     0.56749    -0.00044
    -0.00100    -0.00068     1.00000
           0           2           2           3
     3.52190    -3.84418    -2.72112
     0.56749     0.82338     0.00113
    -0.82338     0.56749    -0.00044
    -0.00100    -0.00068     1.00000
           0           2           2           4
     3.52761    -3.84028    -8.41312
     0.56749     0.82338     0.00113
    -0.82338     0.56749    -0.00044
    -0.00100    -0.00068     1.00000
           0           2           3           1
     4.29523    -2.91096     8.65354
     0.35754     0.93390     0.00100
    -0.93390     0.35754    -0.00069
    -0.00100    -0.00068     1.00000
           0           2           3           2
     4.30094    -2.90707     2.96155
     0.35754     0.93390     0.00100
    -0.93390     0.35754    -0.00069
    -0.00100    -0.00068     1.00000
           0           2           3           3
     4.30665    -2.90317    -2.73045
     0.35754     0.93390     0.00100
    -0.93390     0.35754    -0.00069
    -0.00100    -0.00068     1.00000
           0           2           3           4
     4.31236    -2.89927    -8.42245
     0.35754     0.93390     0.00100
    -0.93390     0.35754    -0.00069
    -0.00100    -0.00068     1.00000
           0           2           4           1
     4.84355    -1.81488     8.65863
     0.12747     0.99184     0.00081
    -0.99184     0.12747    -0.00091
    -0.00100    -0.00068     1.00000
           0           2           4           2
     4.84926    -1.81098     2.96664
     0.12747     0.99184     0.00081
    -0.99184     0.12747    -0.00091
    -0.00100    -0.00068     1.00000
           0           2           4           3
     4.85497    -1.80708    -2.72536
     0.12747     0.99184     0.00081
    -0.99184     0.12747    -0.00091
    -0.00100    -0.00068     1.00000
           0           2           4           4
     4.86067    -1.80318    -8.41736
     0.12747     0.99184     0.00081
    -0.99184     0.12747    -0.00091
    -0.00100    -0.00068     1.00000
           0           2           5           1
     5.14947    -0.62591     8.66334
    -0.10979     0.99395     0.00057
    -0.99395    -0.10979    -0.00107
    -0.00100    -0.00068     1.00000
           0           2           5           2
     5.15518    -0.62201     2.97135
    -0.10979     0.99395     0.00057
    -0.99395    -0.10979    -0.00107
    -0.00100    -0.00068     1.00000
           0           2           5           3
     5.16089    -0.61811    -2.72065
    -0.10979     0.99395     0.00057
    -0.99395    -0.10979    -0.00107
    -0.00100    -0.00068     1.00000
           0           2           5           4
     5.16660    -0.61422    -8.41265
    -0.10979     0.99395     0.00057
    -0.99395    -0.10979    -0.00107
    -0.00100    -0.00068     1.00000
           0           2           6           1
     5.10382     0.59023     8.64862
    -0.34086     0.94011     0.00030
    -0.94011    -0.34086    -0.00118
    -0.00100    -0.00068     1.00000
           0           2           6           2
     5.10953     0.59413     2.95662
    -0.34086     0.94011     0.00030
    -0.94011    -0.34086    -0.00118
    -0.00100    -0.00068     1.00000
           0           2           6           3
     5.11524     0.59803    -2.73537
    -0.34086     0.94011     0.00030
    -0.94011    -0.34086    -0.00118
    -0.00100    -0.00068     1.00000
           0           2           6           4
     5.12094     0.60192    -8.42737
    -0.34086     0.94011     0.00030
    -0.94011    -0.34086    -0.00118
    -0.00100    -0.00068     1.00000
           0           2           7           1
     4.87935     1.80477     8.66630
    -0.55274     0.83335     0.00002
    -0.83335    -0.55274    -0.00121
    -0.00100    -0.00068     1.00000
           0           2           7           2
     4.88506     1.80867     2.97430
    -0.55274     0.83335     0.00002
    -0.83335    -0.55274    -0.00121
    -0.00100    -0.00068     1.00000
           0           2           7           3
     4.89077     1.81256    -2.71770
    -0.55274     0.83335     0.00002
    -0.83335    -0.55274    -0.00121
    -0.00100    -0.00068     1.00000
           0           2           7           4
     4.89648     1.81646    -8.40969
    -0.55274     0.83335     0.00002
    -0.83335    -0.55274    -0.00121
    -0.00100    -0.00068     1.00000
           0           2           8           1
     4.31188     2.88953     8.66443
    -0.73351     0.67968    -0.00027
    -0.67968    -0.73351    -0.00118
    -0.00100    -0.00068     1.00000
           0           2           8           2
     4.31759     2.89343     2.97243
    -0.73351     0.67968    -0.00027
    -0.67968    -0.73351    -0.00118
    -0.00100    -0.00068     1.00000
           0           2           8           3
     4.32330     2.89733    -2.71956
    -0.73351     0.67968    -0.00027
    -0.67968    -0.73351    -0.00118
    -0.00100    -0.00068     1.00000
           0           2           8           4
     4.32901     2.90122    -8.41156
    -0.73351     0.67968    -0.00027
    -0.67968    -0.73351    -0.00118
    -0.00100    -0.00068     1.00000
           0           2           9           1
     3.47769     3.79265     8.64860
    -0.87299     0.48774    -0.00054
    -0.48774    -0.87299    -0.00109
    -0.00100    -0.00068     1.00000
           0           2           9           2
     3.48340     3.79655     2.95660
    -0.87299     0.48774    -0.00054
    -0.48774    -0.87299    -0.00109
    -0.00100    -0.00068     1.00000
           0           2           9           3
     3.48911     3.80045    -2.73539
    -0.87299     0.48774    -0.00054
    -0.48774    -0.87299    -0.00109
    -0.00100    -0.00068     1.00000
           0           2           9           4
     3.49481     3.80434    -8.42739
    -0.87299     0.48774    -0.00054
    -0.48774    -0.87299    -0.00109
    -0.00100    -0.00068     1.00000
           0           2          10           1
     2.48126     4.50349     8.65732
    -0.96332     0.26835    -0.00078
    -0.26835    -0.96332    -0.00093
    -0.00100    -0.00068     1.00000
           0           2          10           2
     2.48697     4.50738     2.96532
    -0.96332     0.26835    -0.00078
    -0.26835    -0.96332    -0.00093
    -0.00100    -0.00068     1.00000
           0           2          10           3
     2.49268     4.51128    -2.72667
    -0.96332     0.26835    -0.00078
    -0.26835    -0.96332    -0.00093
    -0.00100    -0.00068     1.00000
           0           2          10           4
     2.49838     4.51518    -8.41867
    -0.96332     0.26835    -0.00078
    -0.26835    -0.96332    -0.00093
    -0.00100    -0.00068     1.00000
           0           2          11           1
    -2.46600     4.51689    -8.56588
     0.96365     0.26717     0.00163
     0.26717    -0.96365    -0.00021
     0.00152     0.00064    -1.00000
           0           2          11           2
    -2.47463     4.51324    -2.87389
     0.96365     0.26717     0.00163
     0.26717    -0.96365    -0.00021
     0.00152     0.00064    -1.00000
           0           2          11           3
    -2.48325     4.50959     2.81809
     0.96365     0.26717     0.00163
     0.26717    -0.96365    -0.00021
     0.00152     0.00064    -1.00000
           0           2          11           4
    -2.49188     4.50594     8.51009
     0.96365     0.26717     0.00163
     0.26717    -0.96365    -0.00021
     0.00152     0.00064    -1.00000
           0           2          12           1
    -3.49755     3.84213    -8.55717
     0.87359     0.48667     0.00164
     0.48667    -0.87359     0.00018
     0.00152     0.00064    -1.00000
           0           2          12           2
    -3.50618     3.83848    -2.86518
     0.87359     0.48667     0.00164
     0.48667    -0.87359     0.00018
     0.00152     0.00064    -1.00000
           0           2          12           3
    -3.51481     3.83483     2.82682
     0.87359     0.48667     0.00164
     0.48667    -0.87359     0.00018
     0.00152     0.00064    -1.00000
           0           2          12           4
    -3.52344     3.83119     8.51881
     0.87359     0.48667     0.00164
     0.48667    -0.87359     0.00018
     0.00152     0.00064    -1.00000
           0           2          13           1
    -4.28612     2.90050    -8.56173
     0.73434     0.67878     0.00155
     0.67878    -0.73434     0.00056
     0.00152     0.00064    -1.00000
           0           2          13           2
    -4.29474     2.89685    -2.86974
     0.73434     0.67878     0.00155
     0.67878    -0.73434     0.00056
     0.00152     0.00064    -1.00000
           0           2          13           3
    -4.30337     2.89320     2.82226
     0.73434     0.67878     0.00155
     0.67878    -0.73434     0.00056
     0.00152     0.00064    -1.00000
           0           2          13           4
    -4.31200     2.88955     8.51425
     0.73434     0.67878     0.00155
     0.67878    -0.73434     0.00056
     0.00152     0.00064    -1.00000
           0           2          14           1
    -4.83366     1.80601    -8.56844
     0.55376     0.83268     0.00137
     0.83268    -0.55376     0.00091
     0.00152     0.00064    -1.00000
           0           2          14           2
    -4.84229     1.80236    -2.87645
     0.55376     0.83268     0.00137
     0.83268    -0.55376     0.00091
     0.00152     0.00064    -1.00000
           0           2          14           3
    -4.85091     1.79871     2.81554
     0.55376     0.83268     0.00137
     0.83268    -0.55376     0.00091
     0.00152     0.00064    -1.00000
           0           2          14           4
    -4.85954     1.79506     8.50754
     0.55376     0.83268     0.00137
     0.83268    -0.55376     0.00091
     0.00152     0.00064    -1.00000
           0           2          15           1
    -5.17354     0.62699    -8.55973
     0.34200     0.93970     0.00112
     0.93970    -0.34200     0.00121
     0.00152     0.00064    -1.00000
           0           2          15           2
    -5.18217     0.62334    -2.86774
     0.34200     0.93970     0.00112
     0.93970    -0.34200     0.00121
     0.00152     0.00064    -1.00000
           0           2          15           3
    -5.19080     0.61969     2.82425
     0.34200     0.93970     0.00112
     0.93970    -0.34200     0.00121
     0.00152     0.00064    -1.00000
           0           2          15           4
    -5.19942     0.61604     8.51625
     0.34200     0.93970     0.00112
     0.93970    -0.34200     0.00121
     0.00152     0.00064    -1.00000
           0           2          16           1
    -5.15202    -0.59931    -8.55443
     0.11100     0.99382     0.00081
     0.99382    -0.11100     0.00144
     0.00152     0.00064    -1.00000
           0           2          16           2
    -5.16065    -0.60296    -2.86244
     0.11100     0.99382     0.00081
     0.99382    -0.11100     0.00144
     0.00152     0.00064    -1.00000
           0           2          16           3
    -5.16927    -0.60661     2.82955
     0.11100     0.99382     0.00081
     0.99382    -0.11100     0.00144
     0.00152     0.00064    -1.00000
           0           2          16           4
    -5.17790    -0.61026     8.52154
     0.11100     0.99382     0.00081
     0.99382    -0.11100     0.00144
     0.00152     0.00064    -1.00000
           0           2          17           1
    -4.85489    -1.78988    -8.55621
    -0.12626     0.99200     0.00044
     0.99200     0.12626     0.00158
     0.00152     0.00064    -1.00000
           0           2          17           2
    -4.86351    -1.79353    -2.86422
    -0.12626     0.99200     0.00044
     0.99200     0.12626     0.00158
     0.00152     0.00064    -1.00000
           0           2          17           3
    -4.87214    -1.79718     2.82778
    -0.12626     0.99200     0.00044
     0.99200     0.12626     0.00158
     0.00152     0.00064    -1.00000
           0           2          17           4
    -4.88077    -1.80083     8.51977
    -0.12626     0.99200     0.00044
     0.99200     0.12626     0.00158
     0.00152     0.00064    -1.00000
           0           2          18           1
    -4.31538    -2.89109    -8.55923
    -0.35640     0.93433     0.00006
     0.93433     0.35640     0.00164
     0.00152     0.00064    -1.00000
           0           2          18           2
    -4.32401    -2.89474    -2.86723
    -0.35640     0.93433     0.00006
     0.93433     0.35640     0.00164
     0.00152     0.00064    -1.00000
           0           2          18           3
    -4.33263    -2.89839     2.82476
    -0.35640     0.93433     0.00006
     0.93433     0.35640     0.00164
     0.00152     0.00064    -1.00000
           0           2          18           4
    -4.34125    -2.90204     8.51675
    -0.35640     0.93433     0.00006
     0.93433     0.35640     0.00164
     0.00152     0.00064    -1.00000
           0           2          19           1
    -3.53495    -3.83777    -8.55329
    -0.56648     0.82407    -0.00033
     0.82407     0.56648     0.00161
     0.00152     0.00064    -1.00000
           0           2          19           2
    -3.54358    -3.84142    -2.86130
    -0.56648     0.82407    -0.00033
     0.82407     0.56648     0.00161
     0.00152     0.00064    -1.00000
           0           2          19           3
    -3.55220    -3.84507     2.83069
    -0.56648     0.82407    -0.00033
     0.82407     0.56648     0.00161
     0.00152     0.00064    -1.00000
           0           2          19           4
    -3.56083    -3.84872     8.52269
    -0.56648     0.82407    -0.00033
     0.82407     0.56648     0.00161
     0.00152     0.00064    -1.00000
           0           2          20           1
    -2.55284    -4.56674    -8.55179
    -0.74467     0.66743    -0.00070
     0.66743     0.74467     0.00149
     0.00152     0.00064    -1.00000
           0           2          20           2
    -2.56147    -4.57039    -2.85980
    -0.74467     0.66743    -0.00070
     0.66743     0.74467     0.00149
     0.00152     0.00064    -1.00000
           0           2          20           3
    -2.57010    -4.57404     2.83220
    -0.74467     0.66743    -0.00070
     0.66743     0.74467     0.00149
     0.00152     0.00064    -1.00000
           0           2          20           4
    -2.57872    -4.57769     8.52419
    -0.74467     0.66743    -0.00070
     0.66743     0.74467     0.00149
     0.00152     0.00064    -1.00000
           0           3           1           1
     5.65704   -10.34890    12.82766
    -0.87812    -0.47845    -0.00121
    -0.47845     0.87812     0.00012
     0.00100     0.00068    -1.00000
           0           3           1           2
     5.66343   -10.34454     6.45226
    -0.87812    -0.47845    -0.00121
    -0.47845     0.87812     0.00012
     0.00100     0.00068    -1.00000
           0           3           1           3
     5.66983   -10.34017     0.07687
    -0.87812    -0.47845    -0.00121
    -0.47845     0.87812     0.00012
     0.00100     0.00068    -1.00000
           0           3           1           4
     5.67622   -10.33581    -6.29853
    -0.87812    -0.47845    -0.00121
    -0.47845     0.87812     0.00012
     0.00100     0.00068    -1.00000
           0           3           1           5
     5.68261   -10.33144   -12.67392
    -0.87812    -0.47845    -0.00121
    -0.47845     0.87812     0.00012
     0.00100     0.00068    -1.00000
           0           3           2           1
     7.55187    -7.14845    12.82157
    -0.68680    -0.72685    -0.00119
    -0.72685     0.68680    -0.00026
     0.00100     0.00068    -1.00000
           0           3           2           2
     7.55826    -7.14409     6.44617
    -0.68680    -0.72685    -0.00119
    -0.72685     0.68680    -0.00026
     0.00100     0.00068    -1.00000
           0           3           2           3
     7.56465    -7.13972     0.07078
    -0.68680    -0.72685    -0.00119
    -0.72685     0.68680    -0.00026
     0.00100     0.00068    -1.00000
           0           3           2           4
     7.57105    -7.13536    -6.30462
    -0.68680    -0.72685    -0.00119
    -0.72685     0.68680    -0.00026
     0.00100     0.00068    -1.00000
           0           3           2           5
     7.57744    -7.13099   -12.68001
    -0.68680    -0.72685    -0.00119
    -0.72685     0.68680    -0.00026
     0.00100     0.00068    -1.00000
           0           3           3           1
    11.51257    -5.67614    12.82347
    -0.44175    -0.89714    -0.00106
    -0.89714     0.44175    -0.00060
     0.00100     0.00068    -1.00000
           0           3           3           2
    11.51896    -5.67178     6.44807
    -0.44175    -0.89714    -0.00106
    -0.89714     0.44175    -0.00060
     0.00100     0.00068    -1.00000
           0           3           3           3
    11.52534    -5.66741     0.07268
    -0.44175    -0.89714    -0.00106
    -0.89714     0.44175    -0.00060
     0.00100     0.00068    -1.00000
           0           3           3           4
    11.53174    -5.66305    -6.30272
    -0.44175    -0.89714    -0.00106
    -0.89714     0.44175    -0.00060
     0.00100     0.00068    -1.00000
           0           3           3           5
    11.53813    -5.65868   -12.67811
    -0.44175    -0.89714    -0.00106
    -0.89714     0.44175    -0.00060
     0.00100     0.00068    -1.00000
           0           3           4           1
    11.53197    -2.07262    12.85177
    -0.17633    -0.98433    -0.00085
    -0.98433     0.17633    -0.00087
     0.00100     0.00068    -1.00000
           0           3           4           2
    11.53836    -2.06826     6.47636
    -0.17633    -0.98433    -0.00085
    -0.98433     0.17633    -0.00087
     0.00100     0.00068    -1.00000
           0           3           4           3
    11.54475    -2.06389     0.10097
    -0.17633    -0.98433    -0.00085
    -0.98433     0.17633    -0.00087
     0.00100     0.00068    -1.00000
           0           3           4           4
    11.55115    -2.05953    -6.27443
    -0.17633    -0.98433    -0.00085
    -0.98433     0.17633    -0.00087
     0.00100     0.00068    -1.00000
           0           3           4           5
    11.55754    -2.05516   -12.64983
    -0.17633    -0.98433    -0.00085
    -0.98433     0.17633    -0.00087
     0.00100     0.00068    -1.00000
           0           3           5           1
    10.14954     1.39081    12.82277
     0.13715    -0.99055    -0.00054
    -0.99055    -0.13715    -0.00109
     0.00100     0.00068    -1.00000
           0           3           5           2
    10.15593     1.39517     6.44738
     0.13715    -0.99055    -0.00054
    -0.99055    -0.13715    -0.00109
     0.00100     0.00068    -1.00000
           0           3           5           3
    10.16232     1.39954     0.07198
     0.13715    -0.99055    -0.00054
    -0.99055    -0.13715    -0.00109
     0.00100     0.00068    -1.00000
           0           3           5           4
    10.16872     1.40390    -6.30342
     0.13715    -0.99055    -0.00054
    -0.99055    -0.13715    -0.00109
     0.00100     0.00068    -1.00000
           0           3           5           5
    10.17511     1.40827   -12.67881
     0.13715    -0.99055    -0.00054
    -0.99055    -0.13715    -0.00109
     0.00100     0.00068    -1.00000
           0           3           6           1
    11.71632     5.46409    12.87711
     0.42332    -0.90598    -0.00020
    -0.90598    -0.42332    -0.00120
     0.00100     0.00068    -1.00000
           0           3           6           2
    11.72272     5.46846     6.50172
     0.42332    -0.90598    -0.00020
    -0.90598    -0.42332    -0.00120
     0.00100     0.00068    -1.00000
           0           3           6           3
    11.72911     5.47282     0.12632
     0.42332    -0.90598    -0.00020
    -0.90598    -0.42332    -0.00120
     0.00100     0.00068    -1.00000
           0           3           6           4
    11.73550     5.47719    -6.24907
     0.42332    -0.90598    -0.00020
    -0.90598    -0.42332    -0.00120
     0.00100     0.00068    -1.00000
           0           3           6           5
    11.74190     5.48155   -12.62447
     0.42332    -0.90598    -0.00020
    -0.90598    -0.42332    -0.00120
     0.00100     0.00068    -1.00000
           0           3           7           1
     8.85628     7.69234    12.84586
     0.65743    -0.75352     0.00014
    -0.75352    -0.65743    -0.00121
     0.00100     0.00068    -1.00000
           0           3           7           2
     8.86267     7.69671     6.47046
     0.65743    -0.75352     0.00014
    -0.75352    -0.65743    -0.00121
     0.00100     0.00068    -1.00000
           0           3           7           3
     8.86907     7.70107     0.09506
     0.65743    -0.75352     0.00014
    -0.75352    -0.65743    -0.00121
     0.00100     0.00068    -1.00000
           0           3           7           4
     8.87546     7.70544    -6.28034
     0.65743    -0.75352     0.00014
    -0.75352    -0.65743    -0.00121
     0.00100     0.00068    -1.00000
           0           3           7           5
     8.88186     7.70980   -12.65572
     0.65743    -0.75352     0.00014
    -0.75352    -0.65743    -0.00121
     0.00100     0.00068    -1.00000
           0           3           8           1
     5.32502     8.88320    12.83808
     0.85845    -0.51289     0.00051
    -0.51289    -0.85845    -0.00110
     0.00100     0.00068    -1.00000
           0           3           8           2
     5.33141     8.88756     6.46269
     0.85845    -0.51289     0.00051
    -0.51289    -0.85845    -0.00110
     0.00100     0.00068    -1.00000
           0           3           8           3
     5.33781     8.89193     0.08729
     0.85845    -0.51289     0.00051
    -0.51289    -0.85845    -0.00110
     0.00100     0.00068    -1.00000
           0           3           8           4
     5.34420     8.89629    -6.28810
     0.85845    -0.51289     0.00051
    -0.51289    -0.85845    -0.00110
     0.00100     0.00068    -1.00000
           0           3           8           5
     5.35059     8.90066   -12.66350
     0.85845    -0.51289     0.00051
    -0.51289    -0.85845    -0.00110
     0.00100     0.00068    -1.00000
           0           3           9           1
    -5.30936     8.91500   -12.81639
    -0.85805    -0.51356    -0.00163
     0.51356    -0.85805     0.00023
    -0.00152    -0.00064     1.00000
           0           3           9           2
    -5.31902     8.91092    -6.44100
    -0.85805    -0.51356    -0.00163
     0.51356    -0.85805     0.00023
    -0.00152    -0.00064     1.00000
           0           3           9           3
    -5.32869     8.90683    -0.06561
    -0.85805    -0.51356    -0.00163
     0.51356    -0.85805     0.00023
    -0.00152    -0.00064     1.00000
           0           3           9           4
    -5.33835     8.90274     6.30979
    -0.85805    -0.51356    -0.00163
     0.51356    -0.85805     0.00023
    -0.00152    -0.00064     1.00000
           0           3           9           5
    -5.34801     8.89865    12.68518
    -0.85805    -0.51356    -0.00163
     0.51356    -0.85805     0.00023
    -0.00152    -0.00064     1.00000
           0           3          10           1
    -8.84266     7.74546   -12.78582
    -0.65691    -0.75397    -0.00148
     0.75397    -0.65691     0.00072
    -0.00152    -0.00064     1.00000
           0           3          10           2
    -8.85232     7.74137    -6.41043
    -0.65691    -0.75397    -0.00148
     0.75397    -0.65691     0.00072
    -0.00152    -0.00064     1.00000
           0           3          10           3
    -8.86199     7.73729    -0.03504
    -0.65691    -0.75397    -0.00148
     0.75397    -0.65691     0.00072
    -0.00152    -0.00064     1.00000
           0           3          10           4
    -8.87165     7.73320     6.34035
    -0.65691    -0.75397    -0.00148
     0.75397    -0.65691     0.00072
    -0.00152    -0.00064     1.00000
           0           3          10           5
    -8.88131     7.72911    12.71574
    -0.65691    -0.75397    -0.00148
     0.75397    -0.65691     0.00072
    -0.00152    -0.00064     1.00000
           0           3          11           1
   -11.61701     5.46052   -12.80133
    -0.42275    -0.90625    -0.00122
     0.90625    -0.42275     0.00110
    -0.00152    -0.00064     1.00000
           0           3          11           2
   -11.62667     5.45643    -6.42594
    -0.42275    -0.90625    -0.00122
     0.90625    -0.42275     0.00110
    -0.00152    -0.00064     1.00000
           0           3          11           3
   -11.63634     5.45234    -0.05055
    -0.42275    -0.90625    -0.00122
     0.90625    -0.42275     0.00110
    -0.00152    -0.00064     1.00000
           0           3          11           4
   -11.64600     5.44825     6.32484
    -0.42275    -0.90625    -0.00122
     0.90625    -0.42275     0.00110
    -0.00152    -0.00064     1.00000
           0           3          11           5
   -11.65566     5.44417    12.70023
    -0.42275    -0.90625    -0.00122
     0.90625    -0.42275     0.00110
    -0.00152    -0.00064     1.00000
           0           3          12           1
   -10.26381     1.44084   -12.78748
    -0.13638    -0.99066    -0.00084
     0.99066    -0.13638     0.00141
    -0.00152    -0.00064     1.00000
           0           3          12           2
   -10.27347     1.43675    -6.41209
    -0.13638    -0.99066    -0.00084
     0.99066    -0.13638     0.00141
    -0.00152    -0.00064     1.00000
           0           3          12           3
   -10.28314     1.43266    -0.03670
    -0.13638    -0.99066    -0.00084
     0.99066    -0.13638     0.00141
    -0.00152    -0.00064     1.00000
           0           3          12           4
   -10.29280     1.42858     6.33869
    -0.13638    -0.99066    -0.00084
     0.99066    -0.13638     0.00141
    -0.00152    -0.00064     1.00000
           0           3          12           5
   -10.30246     1.42449    12.71409
    -0.13638    -0.99066    -0.00084
     0.99066    -0.13638     0.00141
    -0.00152    -0.00064     1.00000
           0           3          13           1
   -11.48639    -2.01911   -12.79543
     0.17701    -0.98421    -0.00036
     0.98421     0.17701     0.00161
    -0.00152    -0.00064     1.00000
           0           3          13           2
   -11.49605    -2.02320    -6.42004
     0.17701    -0.98421    -0.00036
     0.98421     0.17701     0.00161
    -0.00152    -0.00064     1.00000
           0           3          13           3
   -11.50572    -2.02728    -0.04465
     0.17701    -0.98421    -0.00036
     0.98421     0.17701     0.00161
    -0.00152    -0.00064     1.00000
           0           3          13           4
   -11.51538    -2.03137     6.33074
     0.17701    -0.98421    -0.00036
     0.98421     0.17701     0.00161
    -0.00152    -0.00064     1.00000
           0           3          13           5
   -11.52504    -2.03546    12.70613
     0.17701    -0.98421    -0.00036
     0.98421     0.17701     0.00161
    -0.00152    -0.00064     1.00000
           0           3          14           1
   -11.52159    -5.63918   -12.82423
     0.44231    -0.89686     0.00010
     0.89686     0.44231     0.00164
    -0.00152    -0.00064     1.00000
           0           3          14           2
   -11.53125    -5.64327    -6.44883
     0.44231    -0.89686     0.00010
     0.89686     0.44231     0.00164
    -0.00152    -0.00064     1.00000
           0           3          14           3
   -11.54091    -5.64736    -0.07344
     0.44231    -0.89686     0.00010
     0.89686     0.44231     0.00164
    -0.00152    -0.00064     1.00000
           0           3          14           4
   -11.55058    -5.65144     6.30195
     0.44231    -0.89686     0.00010
     0.89686     0.44231     0.00164
    -0.00152    -0.00064     1.00000
           0           3          14           5
   -11.56024    -5.65553    12.67734
     0.44231    -0.89686     0.00010
     0.89686     0.44231     0.00164
    -0.00152    -0.00064     1.00000
           0           3          15           1
    -7.51107    -7.07476   -12.79836
     0.68736    -0.72631     0.00058
     0.72631     0.68736     0.00154
    -0.00152    -0.00064     1.00000
           0           3          15           2
    -7.52073    -7.07885    -6.42297
     0.68736    -0.72631     0.00058
     0.72631     0.68736     0.00154
    -0.00152    -0.00064     1.00000
           0           3          15           3
    -7.53040    -7.08294    -0.04758
     0.68736    -0.72631     0.00058
     0.72631     0.68736     0.00154
    -0.00152    -0.00064     1.00000
           0           3          15           4
    -7.54006    -7.08703     6.32782
     0.68736    -0.72631     0.00058
     0.72631     0.68736     0.00154
    -0.00152    -0.00064     1.00000
           0           3          15           5
    -7.54972    -7.09111    12.70321
     0.68736    -0.72631     0.00058
     0.72631     0.68736     0.00154
    -0.00152    -0.00064     1.00000
           0           3          16           1
    -5.70770   -10.36563   -12.79294
     0.87845    -0.47784     0.00103
     0.47784     0.87845     0.00129
    -0.00152    -0.00064     1.00000
           0           3          16           2
    -5.71736   -10.36972    -6.41754
     0.87845    -0.47784     0.00103
     0.47784     0.87845     0.00129
    -0.00152    -0.00064     1.00000
           0           3          16           3
