 SVX cage parameters:
     2.20000
     0.50000     0.20000
     0.00000
           6
   -40.00000   -26.50000   -26.50000    26.50000    26.50000    40.00000
    53.00000    53.00000    22.00000    22.00000    53.00000    53.00000
     0.00000     0.00000     0.00000
 SVX barrel parameters:
           4
     2.63000     5.13000    11.76500    16.68700     1.21400
     0.00000     0.00000     0.00000     0.00000
           4           4           5           6
     0.69600     0.69600     1.74500     1.74500
     0.01000     0.01000     0.03125     0.03125
     2.83600     2.83600     3.18770     3.18770
     0.01900     0.01900     0.00000     0.00000
     0.02000     0.02000     0.00000     0.00000
    26.70000    13.60000    17.00000    12.00000
   -13.00000   -13.02000     0.00000     0.00000
           2
           5           5
     0.00000   180.00000
           2
          10          10
     0.00000   180.00000
           2
           8           8
     0.00000   180.00000
           2
          12          12
     0.00000   180.00000
 SVX barrel sensor rotation matrices and translation vectors:
           0           1           1           1
     1.70967    -1.99845     8.53800
     0.59316     0.80508    -0.00000
    -0.80508     0.59316    -0.00000
    -0.00000     0.00000     1.00000
           0           1           1           2
     1.70967    -1.99845     2.84600
     0.59316     0.80508    -0.00000
    -0.80508     0.59316    -0.00000
    -0.00000     0.00000     1.00000
           0           1           1           3
     1.70967    -1.99845    -2.84600
     0.59316     0.80508    -0.00000
    -0.80508     0.59316    -0.00000
    -0.00000     0.00000     1.00000
           0           1           1           4
     1.70967    -1.99845    -8.53800
     0.59316     0.80508    -0.00000
    -0.80508     0.59316    -0.00000
    -0.00000     0.00000     1.00000
           0           1           2           1
     2.33200    -1.21600     8.53597
     0.24981     0.96829    -0.00000
    -0.96829     0.24981    -0.00000
     0.00000     0.00000     1.00000
           0           1           2           2
     2.33200    -1.21600     2.84397
     0.24981     0.96829    -0.00000
    -0.96829     0.24981    -0.00000
     0.00000     0.00000     1.00000
           0           1           2           3
     2.33200    -1.21600    -2.84803
     0.24981     0.96829    -0.00000
    -0.96829     0.24981    -0.00000
     0.00000     0.00000     1.00000
           0           1           2           4
     2.33200    -1.21600    -8.54003
     0.24981     0.96829    -0.00000
    -0.96829     0.24981    -0.00000
     0.00000     0.00000     1.00000
           0           1           3           1
     2.62991    -0.02452     8.53605
    -0.21710     0.97615     0.00000
    -0.97615    -0.21710     0.00000
     0.00000     0.00000     1.00000
           0           1           3           2
     2.62991    -0.02452     2.84406
    -0.21710     0.97615     0.00000
    -0.97615    -0.21710     0.00000
     0.00000     0.00000     1.00000
           0           1           3           3
     2.62991    -0.02452    -2.84795
    -0.21710     0.97615     0.00000
    -0.97615    -0.21710     0.00000
     0.00000     0.00000     1.00000
           0           1           3           4
     2.62991    -0.02452    -8.53995
    -0.21710     0.97615     0.00000
    -0.97615    -0.21710     0.00000
     0.00000     0.00000     1.00000
           0           1           4           1
     2.35275     1.17533     8.54035
    -0.63765     0.77032     0.00000
    -0.77032    -0.63765     0.00000
     0.00000     0.00000     1.00000
           0           1           4           2
     2.35275     1.17533     2.84835
    -0.63765     0.77032     0.00000
    -0.77032    -0.63765     0.00000
     0.00000     0.00000     1.00000
           0           1           4           3
     2.35275     1.17533    -2.84365
    -0.63765     0.77032     0.00000
    -0.77032    -0.63765     0.00000
     0.00000     0.00000     1.00000
           0           1           4           4
     2.35275     1.17533    -8.53565
    -0.63765     0.77032     0.00000
    -0.77032    -0.63765     0.00000
     0.00000     0.00000     1.00000
           0           1           5           1
     1.57335     2.10749     8.53814
    -0.91586     0.40150     0.00000
    -0.40150    -0.91586     0.00000
     0.00000     0.00000     1.00000
           0           1           5           2
     1.57335     2.10749     2.84612
    -0.91586     0.40150     0.00000
    -0.40150    -0.91586     0.00000
     0.00000     0.00000     1.00000
           0           1           5           3
     1.57335     2.10749    -2.84588
    -0.91586     0.40150     0.00000
    -0.40150    -0.91586     0.00000
     0.00000     0.00000     1.00000
           0           1           5           4
     1.57335     2.10749    -8.53787
    -0.91586     0.40150     0.00000
    -0.40150    -0.91586     0.00000
     0.00000     0.00000     1.00000
           0           1           6           1
    -1.56661     2.11250    -8.55203
     0.91714     0.39857     0.00000
     0.39857    -0.91714     0.00000
     0.00000    -0.00000    -1.00000
           0           1           6           2
    -1.56661     2.11250    -2.86003
     0.91714     0.39857     0.00000
     0.39857    -0.91714     0.00000
     0.00000    -0.00000    -1.00000
           0           1           6           3
    -1.56661     2.11250     2.83197
     0.91714     0.39857     0.00000
     0.39857    -0.91714     0.00000
     0.00000    -0.00000    -1.00000
           0           1           6           4
    -1.56661     2.11250     8.52397
     0.91714     0.39857     0.00000
     0.39857    -0.91714     0.00000
     0.00000    -0.00000    -1.00000
           0           1           7           1
    -2.34991     1.18105    -8.54172
     0.63951     0.76878    -0.00000
     0.76878    -0.63951    -0.00000
    -0.00000     0.00000    -1.00000
           0           1           7           2
    -2.34991     1.18105    -2.84972
     0.63951     0.76878    -0.00000
     0.76878    -0.63951    -0.00000
    -0.00000     0.00000    -1.00000
           0           1           7           3
    -2.34991     1.18105     2.84228
     0.63951     0.76878    -0.00000
     0.76878    -0.63951    -0.00000
    -0.00000     0.00000    -1.00000
           0           1           7           4
    -2.34991     1.18105     8.53428
     0.63951     0.76878    -0.00000
     0.76878    -0.63951    -0.00000
    -0.00000     0.00000    -1.00000
           0           1           8           1
    -2.63001     0.00436    -8.54395
     0.22779     0.97371    -0.00000
     0.97371    -0.22779    -0.00000
    -0.00000     0.00000    -1.00000
           0           1           8           2
    -2.63000     0.00436    -2.85195
     0.22779     0.97371    -0.00000
     0.97371    -0.22779    -0.00000
    -0.00000     0.00000    -1.00000
           0           1           8           3
    -2.63000     0.00436     2.84005
     0.22779     0.97371    -0.00000
     0.97371    -0.22779    -0.00000
    -0.00000     0.00000    -1.00000
           0           1           8           4
    -2.63000     0.00436     8.53205
     0.22779     0.97371    -0.00000
     0.97371    -0.22779    -0.00000
    -0.00000     0.00000    -1.00000
           0           1           9           1
    -2.34922    -1.18241    -8.53618
    -0.23590     0.97178    -0.00000
     0.97178     0.23590    -0.00000
    -0.00000    -0.00000    -1.00000
           0           1           9           2
    -2.34922    -1.18241    -2.84418
    -0.23590     0.97178    -0.00000
     0.97178     0.23590    -0.00000
    -0.00000    -0.00000    -1.00000
           0           1           9           3
    -2.34922    -1.18241     2.84782
    -0.23590     0.97178    -0.00000
     0.97178     0.23590    -0.00000
    -0.00000    -0.00000    -1.00000
           0           1           9           4
    -2.34922    -1.18241     8.53982
    -0.23590     0.97178    -0.00000
     0.97178     0.23590    -0.00000
    -0.00000    -0.00000    -1.00000
           0           1          10           1
    -1.56351    -2.11481    -8.54340
    -0.64880     0.76096    -0.00000
     0.76096     0.64880    -0.00000
    -0.00000    -0.00000    -1.00000
           0           1          10           2
    -1.56351    -2.11481    -2.85140
    -0.64880     0.76096    -0.00000
     0.76096     0.64880    -0.00000
    -0.00000    -0.00000    -1.00000
           0           1          10           3
    -1.56351    -2.11481     2.84060
    -0.64880     0.76096    -0.00000
     0.76096     0.64880    -0.00000
    -0.00000    -0.00000    -1.00000
           0           1          10           4
    -1.56351    -2.11481     8.53260
    -0.64880     0.76096    -0.00000
     0.76096     0.64880    -0.00000
    -0.00000    -0.00000    -1.00000
           0           2           1           1
     2.46252    -4.50034     8.53789
     0.74613     0.66580    -0.00000
    -0.66580     0.74613    -0.00000
    -0.00000     0.00000     1.00000
           0           2           1           2
     2.46252    -4.50034     2.84588
     0.74613     0.66580    -0.00000
    -0.66580     0.74613    -0.00000
    -0.00000     0.00000     1.00000
           0           2           1           3
     2.46252    -4.50034    -2.84612
     0.74613     0.66580    -0.00000
    -0.66580     0.74613    -0.00000
    -0.00000     0.00000     1.00000
           0           2           1           4
     2.46252    -4.50034    -8.53812
     0.74613     0.66580    -0.00000
    -0.66580     0.74613    -0.00000
    -0.00000     0.00000     1.00000
           0           2           2           1
     3.42540    -3.81887     8.53596
     0.57432     0.81863    -0.00000
    -0.81863     0.57432    -0.00000
     0.00000     0.00000     1.00000
           0           2           2           2
     3.42540    -3.81887     2.84397
     0.57432     0.81863    -0.00000
    -0.81863     0.57432    -0.00000
     0.00000     0.00000     1.00000
           0           2           2           3
     3.42540    -3.81887    -2.84803
     0.57432     0.81863    -0.00000
    -0.81863     0.57432    -0.00000
     0.00000     0.00000     1.00000
           0           2           2           4
     3.42540    -3.81887    -8.54004
     0.57432     0.81863    -0.00000
    -0.81863     0.57432    -0.00000
     0.00000     0.00000     1.00000
           0           2           3           1
     4.23471    -2.89554     8.53634
     0.36334     0.93166    -0.00000
    -0.93166     0.36334    -0.00000
     0.00000     0.00000     1.00000
           0           2           3           2
     4.23471    -2.89554     2.84434
     0.36334     0.93166    -0.00000
    -0.93166     0.36334    -0.00000
     0.00000     0.00000     1.00000
           0           2           3           3
     4.23471    -2.89554    -2.84766
     0.36334     0.93166    -0.00000
    -0.93166     0.36334    -0.00000
     0.00000     0.00000     1.00000
           0           2           3           4
     4.23471    -2.89554    -8.53966
     0.36334     0.93166    -0.00000
    -0.93166     0.36334    -0.00000
     0.00000     0.00000     1.00000
           0           2           4           1
     4.79836    -1.81459     8.54287
     0.13326     0.99108    -0.00000
    -0.99108     0.13326    -0.00000
    -0.00000     0.00000     1.00000
           0           2           4           2
     4.79836    -1.81459     2.85087
     0.13326     0.99108    -0.00000
    -0.99108     0.13326    -0.00000
    -0.00000     0.00000     1.00000
           0           2           4           3
     4.79836    -1.81459    -2.84113
     0.13326     0.99108    -0.00000
    -0.99108     0.13326    -0.00000
    -0.00000     0.00000     1.00000
           0           2           4           4
     4.79836    -1.81459    -8.53313
     0.13326     0.99108    -0.00000
    -0.99108     0.13326    -0.00000
    -0.00000     0.00000     1.00000
           0           2           5           1
     5.09145    -0.62764     8.54427
    -0.10503     0.99447     0.00000
    -0.99447    -0.10503     0.00000
     0.00000     0.00000     1.00000
           0           2           5           2
     5.09145    -0.62764     2.85227
    -0.10503     0.99447     0.00000
    -0.99447    -0.10503     0.00000
     0.00000     0.00000     1.00000
           0           2           5           3
     5.09145    -0.62764    -2.83973
    -0.10503     0.99447     0.00000
    -0.99447    -0.10503     0.00000
     0.00000     0.00000     1.00000
           0           2           5           4
     5.09145    -0.62764    -8.53173
    -0.10503     0.99447     0.00000
    -0.99447    -0.10503     0.00000
     0.00000     0.00000     1.00000
           0           2           6           1
     5.09739     0.57740     8.54126
    -0.33413     0.94253     0.00000
    -0.94253    -0.33413     0.00000
     0.00000     0.00000     1.00000
           0           2           6           2
     5.09739     0.57740     2.84926
    -0.33413     0.94253     0.00000
    -0.94253    -0.33413     0.00000
     0.00000     0.00000     1.00000
           0           2           6           3
     5.09739     0.57740    -2.84274
    -0.33413     0.94253     0.00000
    -0.94253    -0.33413     0.00000
     0.00000     0.00000     1.00000
           0           2           6           4
     5.09739     0.57740    -8.53474
    -0.33413     0.94253     0.00000
    -0.94253    -0.33413     0.00000
     0.00000     0.00000     1.00000
           0           2           7           1
     4.81462     1.77099     8.54544
    -0.54831     0.83628     0.00000
    -0.83628    -0.54831     0.00000
     0.00000     0.00000     1.00000
           0           2           7           2
     4.81462     1.77099     2.85344
    -0.54831     0.83628     0.00000
    -0.83628    -0.54831     0.00000
     0.00000     0.00000     1.00000
           0           2           7           3
     4.81462     1.77099    -2.83856
    -0.54831     0.83628     0.00000
    -0.83628    -0.54831     0.00000
     0.00000     0.00000     1.00000
           0           2           7           4
     4.81462     1.77099    -8.53056
    -0.54831     0.83628     0.00000
    -0.83628    -0.54831     0.00000
     0.00000     0.00000     1.00000
           0           2           8           1
     4.26567     2.84971     8.54383
    -0.72901     0.68450     0.00000
    -0.68450    -0.72901     0.00000
     0.00000     0.00000     1.00000
           0           2           8           2
     4.26567     2.84971     2.85183
    -0.72901     0.68450     0.00000
    -0.68450    -0.72901     0.00000
     0.00000     0.00000     1.00000
           0           2           8           3
     4.26567     2.84971    -2.84016
    -0.72901     0.68450     0.00000
    -0.68450    -0.72901     0.00000
     0.00000     0.00000     1.00000
           0           2           8           4
     4.26567     2.84971    -8.53217
    -0.72901     0.68450     0.00000
    -0.68450    -0.72901     0.00000
     0.00000     0.00000     1.00000
           0           2           9           1
     3.47006     3.77830     8.53947
    -0.87028     0.49255     0.00000
    -0.49255    -0.87028     0.00000
     0.00000     0.00000     1.00000
           0           2           9           2
     3.47006     3.77830     2.84747
    -0.87028     0.49255     0.00000
    -0.49255    -0.87028     0.00000
     0.00000     0.00000     1.00000
           0           2           9           3
     3.47006     3.77830    -2.84453
    -0.87028     0.49255     0.00000
    -0.49255    -0.87028     0.00000
     0.00000     0.00000     1.00000
           0           2           9           4
     3.47006     3.77830    -8.53653
    -0.87028     0.49255     0.00000
    -0.49255    -0.87028     0.00000
     0.00000     0.00000     1.00000
           0           2          10           1
     2.35233     4.55890     8.53561
    -0.96930     0.24590     0.00000
    -0.24590    -0.96930     0.00000
     0.00000     0.00000     1.00000
           0           2          10           2
     2.35233     4.55890     2.84361
    -0.96930     0.24590     0.00000
    -0.24590    -0.96930     0.00000
     0.00000     0.00000     1.00000
           0           2          10           3
     2.35233     4.55890    -2.84839
    -0.96930     0.24590     0.00000
    -0.24590    -0.96930     0.00000
     0.00000     0.00000     1.00000
           0           2          10           4
     2.35233     4.55890    -8.54039
    -0.96930     0.24590     0.00000
    -0.24590    -0.96930     0.00000
     0.00000     0.00000     1.00000
           0           2          11           1
    -2.46324     4.49994    -8.53733
     0.96298     0.26957     0.00000
     0.26957    -0.96298     0.00000
     0.00000    -0.00000    -1.00000
           0           2          11           2
    -2.46324     4.49994    -2.84533
     0.96298     0.26957     0.00000
     0.26957    -0.96298     0.00000
     0.00000    -0.00000    -1.00000
           0           2          11           3
    -2.46324     4.49994     2.84667
     0.96298     0.26957     0.00000
     0.26957    -0.96298     0.00000
     0.00000    -0.00000    -1.00000
           0           2          11           4
    -2.46324     4.49994     8.53867
     0.96298     0.26957     0.00000
     0.26957    -0.96298     0.00000
     0.00000    -0.00000    -1.00000
           0           2          12           1
    -3.45918     3.78827    -8.53800
     0.87170     0.49004     0.00000
     0.49004    -0.87170     0.00000
     0.00000    -0.00000    -1.00000
           0           2          12           2
    -3.45918     3.78827    -2.84600
     0.87170     0.49004     0.00000
     0.49004    -0.87170     0.00000
     0.00000    -0.00000    -1.00000
           0           2          12           3
    -3.45918     3.78827     2.84600
     0.87170     0.49004     0.00000
     0.49004    -0.87170     0.00000
     0.00000    -0.00000    -1.00000
           0           2          12           4
    -3.45918     3.78827     8.53800
     0.87170     0.49004     0.00000
     0.49004    -0.87170     0.00000
     0.00000    -0.00000    -1.00000
           0           2          13           1
    -4.25096     2.87162    -8.54451
     0.73252     0.68075     0.00000
     0.68075    -0.73252     0.00000
     0.00000    -0.00000    -1.00000
           0           2          13           2
    -4.25096     2.87162    -2.85251
     0.73252     0.68075     0.00000
     0.68075    -0.73252     0.00000
     0.00000    -0.00000    -1.00000
           0           2          13           3
    -4.25096     2.87162     2.83949
     0.73252     0.68075     0.00000
     0.68075    -0.73252     0.00000
     0.00000    -0.00000    -1.00000
           0           2          13           4
    -4.25096     2.87162     8.53149
     0.73252     0.68075     0.00000
     0.68075    -0.73252     0.00000
     0.00000    -0.00000    -1.00000
           0           2          14           1
    -4.80742     1.79047    -8.53806
     0.55171     0.83403    -0.00000
     0.83403    -0.55171    -0.00000
    -0.00000     0.00000    -1.00000
           0           2          14           2
    -4.80742     1.79047    -2.84606
     0.55171     0.83403    -0.00000
     0.83403    -0.55171    -0.00000
    -0.00000     0.00000    -1.00000
           0           2          14           3
    -4.80742     1.79047     2.84594
     0.55171     0.83403    -0.00000
     0.83403    -0.55171    -0.00000
    -0.00000     0.00000    -1.00000
           0           2          14           4
    -4.80742     1.79047     8.53794
     0.55171     0.83403    -0.00000
     0.83403    -0.55171    -0.00000
    -0.00000     0.00000    -1.00000
           0           2          15           1
    -5.09449     0.60246    -8.54197
     0.33875     0.94087    -0.00000
     0.94087    -0.33875    -0.00000
    -0.00000     0.00000    -1.00000
           0           2          15           2
    -5.09449     0.60246    -2.84997
     0.33875     0.94087    -0.00000
     0.94087    -0.33875    -0.00000
    -0.00000     0.00000    -1.00000
           0           2          15           3
    -5.09449     0.60246     2.84203
     0.33875     0.94087    -0.00000
     0.94087    -0.33875    -0.00000
    -0.00000     0.00000    -1.00000
           0           2          15           4
    -5.09449     0.60246     8.53403
     0.33875     0.94087    -0.00000
     0.94087    -0.33875    -0.00000
    -0.00000     0.00000    -1.00000
           0           2          16           1
    -5.09378    -0.60862    -8.53649
     0.10876     0.99407    -0.00000
     0.99407    -0.10876    -0.00000
    -0.00000     0.00000    -1.00000
           0           2          16           2
    -5.09378    -0.60862    -2.84449
     0.10876     0.99407    -0.00000
     0.99407    -0.10876    -0.00000
    -0.00000     0.00000    -1.00000
           0           2          16           3
    -5.09378    -0.60862     2.84751
     0.10876     0.99407    -0.00000
     0.99407    -0.10876    -0.00000
    -0.00000     0.00000    -1.00000
           0           2          16           4
    -5.09378    -0.60862     8.53951
     0.10876     0.99407    -0.00000
     0.99407    -0.10876    -0.00000
    -0.00000     0.00000    -1.00000
           0           2          17           1
    -4.80804    -1.78875    -8.53590
    -0.12793     0.99178    -0.00000
     0.99178     0.12793    -0.00000
    -0.00000    -0.00000    -1.00000
           0           2          17           2
    -4.80804    -1.78875    -2.84391
    -0.12793     0.99178    -0.00000
     0.99178     0.12793    -0.00000
    -0.00000    -0.00000    -1.00000
           0           2          17           3
    -4.80804    -1.78875     2.84809
    -0.12793     0.99178    -0.00000
     0.99178     0.12793    -0.00000
    -0.00000    -0.00000    -1.00000
           0           2          17           4
    -4.80804    -1.78875     8.54008
    -0.12793     0.99178    -0.00000
     0.99178     0.12793    -0.00000
    -0.00000    -0.00000    -1.00000
           0           2          18           1
    -4.25125    -2.87121    -8.53984
    -0.35800     0.93372    -0.00000
     0.93372     0.35800    -0.00000
    -0.00000    -0.00000    -1.00000
           0           2          18           2
    -4.25125    -2.87121    -2.84785
    -0.35800     0.93372    -0.00000
     0.93372     0.35800    -0.00000
    -0.00000    -0.00000    -1.00000
           0           2          18           3
    -4.25125    -2.87121     2.84415
    -0.35800     0.93372    -0.00000
     0.93372     0.35800    -0.00000
    -0.00000    -0.00000    -1.00000
           0           2          18           4
    -4.25125    -2.87121     8.53616
    -0.35800     0.93372    -0.00000
     0.93372     0.35800    -0.00000
    -0.00000    -0.00000    -1.00000
           0           2          19           1
    -3.45408    -3.79292    -8.54461
    -0.56814     0.82293    -0.00000
     0.82293     0.56814    -0.00000
    -0.00000    -0.00000    -1.00000
           0           2          19           2
    -3.45408    -3.79292    -2.85261
    -0.56814     0.82293    -0.00000
     0.82293     0.56814    -0.00000
    -0.00000    -0.00000    -1.00000
           0           2          19           3
    -3.45408    -3.79292     2.83939
    -0.56814     0.82293    -0.00000
     0.82293     0.56814    -0.00000
    -0.00000    -0.00000    -1.00000
           0           2          19           4
    -3.45408    -3.79292     8.53138
    -0.56814     0.82293    -0.00000
     0.82293     0.56814    -0.00000
    -0.00000    -0.00000    -1.00000
           0           2          20           1
    -2.46370    -4.49968    -8.54936
    -0.74595     0.66600    -0.00000
     0.66600     0.74595    -0.00000
    -0.00000    -0.00000    -1.00000
           0           2          20           2
    -2.46370    -4.49968    -2.85738
    -0.74595     0.66600    -0.00000
     0.66600     0.74595    -0.00000
    -0.00000    -0.00000    -1.00000
           0           2          20           3
    -2.46370    -4.49968     2.83463
    -0.74595     0.66600    -0.00000
     0.66600     0.74595    -0.00000
    -0.00000    -0.00000    -1.00000
           0           2          20           4
    -2.46370    -4.49968     8.52664
    -0.74595     0.66600    -0.00000
     0.66600     0.74595    -0.00000
    -0.00000    -0.00000    -1.00000
           0           3           1           1
     5.62024   -10.33576    12.74785
    -0.87852    -0.47771    -0.00000
    -0.47771     0.87852    -0.00000
     0.00000    -0.00000    -1.00000
           0           3           1           2
     5.62024   -10.33576     6.37245
    -0.87852    -0.47771    -0.00000
    -0.47771     0.87852    -0.00000
     0.00000    -0.00000    -1.00000
           0           3           1           3
     5.62024   -10.33576    -0.00295
    -0.87852    -0.47771    -0.00000
    -0.47771     0.87852    -0.00000
     0.00000    -0.00000    -1.00000
           0           3           1           4
     5.62024   -10.33576    -6.37835
    -0.87852    -0.47771    -0.00000
    -0.47771     0.87852    -0.00000
     0.00000    -0.00000    -1.00000
           0           3           1           5
     5.62024   -10.33576   -12.75376
    -0.87852    -0.47771    -0.00000
    -0.47771     0.87852    -0.00000
     0.00000    -0.00000    -1.00000
           0           3           2           1
     7.51131    -7.13512    12.72910
    -0.68873    -0.72502     0.00000
    -0.72502     0.68873     0.00000
    -0.00000     0.00000    -1.00000
           0           3           2           2
     7.51131    -7.13512     6.35370
    -0.68873    -0.72502     0.00000
    -0.72502     0.68873     0.00000
    -0.00000     0.00000    -1.00000
           0           3           2           3
     7.51131    -7.13512    -0.02170
    -0.68873    -0.72502     0.00000
    -0.72502     0.68873     0.00000
    -0.00000     0.00000    -1.00000
           0           3           2           4
     7.51131    -7.13512    -6.39709
    -0.68873    -0.72502     0.00000
    -0.72502     0.68873     0.00000
    -0.00000     0.00000    -1.00000
           0           3           2           5
     7.51131    -7.13512   -12.77250
    -0.68873    -0.72502     0.00000
    -0.72502     0.68873     0.00000
    -0.00000     0.00000    -1.00000
           0           3           3           1
    11.53621    -5.65571    12.75479
    -0.44019    -0.89790     0.00000
    -0.89790     0.44019     0.00000
    -0.00000     0.00000    -1.00000
           0           3           3           2
    11.53621    -5.65571     6.37939
    -0.44019    -0.89790     0.00000
    -0.89790     0.44019     0.00000
    -0.00000     0.00000    -1.00000
           0           3           3           3
    11.53621    -5.65571     0.00399
    -0.44019    -0.89790     0.00000
    -0.89790     0.44019     0.00000
    -0.00000     0.00000    -1.00000
           0           3           3           4
    11.53621    -5.65571    -6.37141
    -0.44019    -0.89790     0.00000
    -0.89790     0.44019     0.00000
    -0.00000     0.00000    -1.00000
           0           3           3           5
    11.53621    -5.65571   -12.74681
    -0.44019    -0.89790     0.00000
    -0.89790     0.44019     0.00000
    -0.00000     0.00000    -1.00000
           0           3           4           1
    11.58225    -2.06559    12.74941
    -0.17557    -0.98447     0.00000
    -0.98447     0.17557     0.00000
    -0.00000     0.00000    -1.00000
           0           3           4           2
    11.58225    -2.06559     6.37401
    -0.17557    -0.98447     0.00000
    -0.98447     0.17557     0.00000
    -0.00000     0.00000    -1.00000
           0           3           4           3
    11.58225    -2.06559    -0.00139
    -0.17557    -0.98447     0.00000
    -0.98447     0.17557     0.00000
    -0.00000     0.00000    -1.00000
           0           3           4           4
    11.58225    -2.06559    -6.37679
    -0.17557    -0.98447     0.00000
    -0.98447     0.17557     0.00000
    -0.00000     0.00000    -1.00000
           0           3           4           5
    11.58225    -2.06559   -12.75219
    -0.17557    -0.98447     0.00000
    -0.98447     0.17557     0.00000
    -0.00000     0.00000    -1.00000
           0           3           5           1
    10.26382     1.40843    12.73855
     0.13594    -0.99072     0.00000
    -0.99072    -0.13594     0.00000
    -0.00000    -0.00000    -1.00000
           0           3           5           2
    10.26382     1.40843     6.36315
     0.13594    -0.99072     0.00000
    -0.99072    -0.13594     0.00000
    -0.00000    -0.00000    -1.00000
           0           3           5           3
    10.26382     1.40843    -0.01225
     0.13594    -0.99072     0.00000
    -0.99072    -0.13594     0.00000
    -0.00000    -0.00000    -1.00000
           0           3           5           4
    10.26382     1.40843    -6.38765
     0.13594    -0.99072     0.00000
    -0.99072    -0.13594     0.00000
    -0.00000    -0.00000    -1.00000
           0           3           5           5
    10.26382     1.40843   -12.76305
     0.13594    -0.99072     0.00000
    -0.99072    -0.13594     0.00000
    -0.00000    -0.00000    -1.00000
           0           3           6           1
    11.64358     5.43121    12.75247
     0.42274    -0.90625     0.00000
    -0.90625    -0.42274     0.00000
    -0.00000    -0.00000    -1.00000
           0           3           6           2
    11.64358     5.43121     6.37707
     0.42274    -0.90625     0.00000
    -0.90625    -0.42274     0.00000
    -0.00000    -0.00000    -1.00000
           0           3           6           3
    11.64358     5.43121     0.00167
     0.42274    -0.90625     0.00000
    -0.90625    -0.42274     0.00000
    -0.00000    -0.00000    -1.00000
           0           3           6           4
    11.64358     5.43121    -6.37373
     0.42274    -0.90625     0.00000
    -0.90625    -0.42274     0.00000
    -0.00000    -0.00000    -1.00000
           0           3           6           5
    11.64358     5.43121   -12.74913
     0.42274    -0.90625     0.00000
    -0.90625    -0.42274     0.00000
    -0.00000    -0.00000    -1.00000
           0           3           7           1
     8.87524     7.72301    12.74407
     0.65644    -0.75438     0.00000
    -0.75438    -0.65644     0.00000
    -0.00000    -0.00000    -1.00000
           0           3           7           2
     8.87524     7.72301     6.36866
     0.65644    -0.75438     0.00000
    -0.75438    -0.65644     0.00000
    -0.00000    -0.00000    -1.00000
           0           3           7           3
     8.87524     7.72301    -0.00674
     0.65644    -0.75438     0.00000
    -0.75438    -0.65644     0.00000
    -0.00000    -0.00000    -1.00000
           0           3           7           4
     8.87524     7.72301    -6.38214
     0.65644    -0.75438     0.00000
    -0.75438    -0.65644     0.00000
    -0.00000    -0.00000    -1.00000
           0           3           7           5
     8.87524     7.72301   -12.75753
     0.65644    -0.75438     0.00000
    -0.75438    -0.65644     0.00000
    -0.00000    -0.00000    -1.00000
           0           3           8           1
     5.32633     8.88594    12.74080
     0.85772    -0.51411     0.00000
    -0.51411    -0.85772     0.00000
    -0.00000    -0.00000    -1.00000
           0           3           8           2
     5.32633     8.88594     6.36540
     0.85772    -0.51411     0.00000
    -0.51411    -0.85772     0.00000
    -0.00000    -0.00000    -1.00000
           0           3           8           3
     5.32633     8.88594    -0.01000
     0.85772    -0.51411     0.00000
    -0.51411    -0.85772     0.00000
    -0.00000    -0.00000    -1.00000
           0           3           8           4
     5.32633     8.88594    -6.38540
     0.85772    -0.51411     0.00000
    -0.51411    -0.85772     0.00000
    -0.00000    -0.00000    -1.00000
           0           3           8           5
     5.32633     8.88594   -12.76080
     0.85772    -0.51411     0.00000
    -0.51411    -0.85772     0.00000
    -0.00000    -0.00000    -1.00000
           0           3           9           1
    -5.29817     8.90274   -12.71693
    -0.85933    -0.51141    -0.00000
     0.51141    -0.85933    -0.00000
     0.00000    -0.00000     1.00000
           0           3           9           2
    -5.29817     8.90274    -6.34153
    -0.85933    -0.51141    -0.00000
     0.51141    -0.85933    -0.00000
     0.00000    -0.00000     1.00000
           0           3           9           3
    -5.29817     8.90274     0.03387
    -0.85933    -0.51141    -0.00000
     0.51141    -0.85933    -0.00000
     0.00000    -0.00000     1.00000
           0           3           9           4
    -5.29817     8.90274     6.40927
    -0.85933    -0.51141    -0.00000
     0.51141    -0.85933    -0.00000
     0.00000    -0.00000     1.00000
           0           3           9           5
    -5.29817     8.90274    12.78468
    -0.85933    -0.51141    -0.00000
     0.51141    -0.85933    -0.00000
     0.00000    -0.00000     1.00000
           0           3          10           1
    -8.85170     7.75001   -12.74326
    -0.65873    -0.75238    -0.00000
     0.75238    -0.65873    -0.00000
     0.00000    -0.00000     1.00000
           0           3          10           2
    -8.85170     7.75001    -6.36785
    -0.65873    -0.75238    -0.00000
     0.75238    -0.65873    -0.00000
     0.00000    -0.00000     1.00000
           0           3          10           3
    -8.85170     7.75001     0.00754
    -0.65873    -0.75238    -0.00000
     0.75238    -0.65873    -0.00000
     0.00000    -0.00000     1.00000
           0           3          10           4
    -8.85170     7.75001     6.38295
    -0.65873    -0.75238    -0.00000
     0.75238    -0.65873    -0.00000
     0.00000    -0.00000     1.00000
           0           3          10           5
    -8.85170     7.75001    12.75835
    -0.65873    -0.75238    -0.00000
     0.75238    -0.65873    -0.00000
     0.00000    -0.00000     1.00000
           0           3          11           1
   -11.62821     5.46405   -12.73983
    -0.42528    -0.90506    -0.00000
     0.90506    -0.42528    -0.00000
     0.00000     0.00000     1.00000
           0           3          11           2
   -11.62821     5.46405    -6.36443
    -0.42528    -0.90506    -0.00000
     0.90506    -0.42528    -0.00000
     0.00000     0.00000     1.00000
           0           3          11           3
   -11.62821     5.46405     0.01097
    -0.42528    -0.90506    -0.00000
     0.90506    -0.42528    -0.00000
     0.00000     0.00000     1.00000
           0           3          11           4
   -11.62821     5.46405     6.38637
    -0.42528    -0.90506    -0.00000
     0.90506    -0.42528    -0.00000
     0.00000     0.00000     1.00000
           0           3          11           5
   -11.62821     5.46405    12.76176
    -0.42528    -0.90506    -0.00000
     0.90506    -0.42528    -0.00000
     0.00000     0.00000     1.00000
           0           3          12           1
   -10.26474     1.40182   -12.73075
    -0.13529    -0.99081    -0.00000
     0.99081    -0.13529    -0.00000
     0.00000     0.00000     1.00000
           0           3          12           2
   -10.26474     1.40182    -6.35534
    -0.13529    -0.99081    -0.00000
     0.99081    -0.13529    -0.00000
     0.00000     0.00000     1.00000
           0           3          12           3
   -10.26474     1.40182     0.02006
    -0.13529    -0.99081    -0.00000
     0.99081    -0.13529    -0.00000
     0.00000     0.00000     1.00000
           0           3          12           4
   -10.26474     1.40182     6.39545
    -0.13529    -0.99081    -0.00000
     0.99081    -0.13529    -0.00000
     0.00000     0.00000     1.00000
           0           3          12           5
   -10.26474     1.40182    12.77086
    -0.13529    -0.99081    -0.00000
     0.99081    -0.13529    -0.00000
     0.00000     0.00000     1.00000
           0           3          13           1
   -11.58158    -2.06942   -12.73386
     0.17590    -0.98441    -0.00000
     0.98441     0.17590    -0.00000
     0.00000     0.00000     1.00000
           0           3          13           2
   -11.58158    -2.06942    -6.35846
     0.17590    -0.98441    -0.00000
     0.98441     0.17590    -0.00000
     0.00000     0.00000     1.00000
           0           3          13           3
   -11.58158    -2.06942     0.01694
     0.17590    -0.98441    -0.00000
     0.98441     0.17590    -0.00000
     0.00000     0.00000     1.00000
           0           3          13           4
   -11.58158    -2.06942     6.39234
     0.17590    -0.98441    -0.00000
     0.98441     0.17590    -0.00000
     0.00000     0.00000     1.00000
           0           3          13           5
   -11.58158    -2.06942    12.76774
     0.17590    -0.98441    -0.00000
     0.98441     0.17590    -0.00000
     0.00000     0.00000     1.00000
           0           3          14           1
   -11.53084    -5.66663   -12.74306
     0.44105    -0.89748    -0.00000
     0.89748     0.44105    -0.00000
     0.00000     0.00000     1.00000
           0           3          14           2
   -11.53084    -5.66663    -6.36766
     0.44105    -0.89748    -0.00000
     0.89748     0.44105    -0.00000
     0.00000     0.00000     1.00000
           0           3          14           3
   -11.53084    -5.66663     0.00774
     0.44105    -0.89748    -0.00000
     0.89748     0.44105    -0.00000
     0.00000     0.00000     1.00000
           0           3          14           4
   -11.53084    -5.66663     6.38314
     0.44105    -0.89748    -0.00000
     0.89748     0.44105    -0.00000
     0.00000     0.00000     1.00000
           0           3          14           5
   -11.53084    -5.66663    12.75854
     0.44105    -0.89748    -0.00000
     0.89748     0.44105    -0.00000
     0.00000     0.00000     1.00000
           0           3          15           1
    -7.52505    -7.12061   -12.73618
     0.68732    -0.72635    -0.00000
     0.72635     0.68732    -0.00000
     0.00000     0.00000     1.00000
           0           3          15           2
    -7.52505    -7.12061    -6.36078
     0.68732    -0.72635    -0.00000
     0.72635     0.68732    -0.00000
     0.00000     0.00000     1.00000
           0           3          15           3
    -7.52505    -7.12061     0.01462
     0.68732    -0.72635    -0.00000
     0.72635     0.68732    -0.00000
     0.00000     0.00000     1.00000
           0           3          15           4
    -7.52505    -7.12061     6.39002
     0.68732    -0.72635    -0.00000
     0.72635     0.68732    -0.00000
     0.00000     0.00000     1.00000
           0           3          15           5
    -7.52505    -7.12061    12.76542
     0.68732    -0.72635    -0.00000
     0.72635     0.68732    -0.00000
     0.00000     0.00000     1.00000
           0           3          16           1
    -5.63450   -10.32802   -12.74465
     0.87786    -0.47892    -0.00000
     0.47892     0.87786    -0.00000
     0.00000     0.00000     1.00000
           0           3          16           2
    -5.63450   -10.32802    -6.36925
     0.87786    -0.47892    -0.00000
     0.47892     0.87786    -0.00000
     0.00000     0.00000     1.00000
           0           3          16           3
