 SVX cage parameters:
     2.20000
     0.50000     0.20000
     0.00000
           6
   -40.00000   -26.50000   -26.50000    26.50000    26.50000    40.00000
    53.00000    53.00000    22.00000    22.00000    53.00000    53.00000
     0.00000     0.00000     0.00000
 SVX barrel parameters:
           4
     2.63000     5.13000    11.76500    16.68700     1.21400
     0.00000     0.00000     0.00000     0.00000
           4           4           5           6
     0.69600     0.69600     1.74500     1.74500
     0.01000     0.01000     0.03125     0.03125
     2.83600     2.83600     3.18770     3.18770
     0.01900     0.01900     0.00000     0.00000
     0.00000     0.00000     0.00000     0.00000
    26.70000    13.60000    17.00000    12.00000
   -13.00000   -13.02000     0.00000     0.00000
           2
           5           5
     0.00000   180.00000
           2
          10          10
     0.00000   180.00000
           2
           8           8
     0.00000   180.00000
           2
          12          12
     0.00000   180.00000
 SVX barrel sensor rotation matrices and translation vectors:
           0           1           1           1
     1.63282    -2.05723     8.58331
     0.62702     0.77900     0.00000
    -0.77900     0.62702     0.00000
     0.00000    -0.00000     1.00000
           0           1           1           2
     1.63282    -2.05723     2.89131
     0.62702     0.77900     0.00000
    -0.77900     0.62702     0.00000
     0.00000    -0.00000     1.00000
           0           1           1           3
     1.63282    -2.05723    -2.80069
     0.62702     0.77900     0.00000
    -0.77900     0.62702     0.00000
     0.00000    -0.00000     1.00000
           0           1           1           4
     1.63282    -2.05723    -8.49269
     0.62702     0.77900     0.00000
    -0.77900     0.62702     0.00000
     0.00000    -0.00000     1.00000
           0           1           2           1
     2.34685    -1.17444     8.57910
     0.24160     0.97038     0.00000
    -0.97038     0.24160     0.00000
     0.00000    -0.00000     1.00000
           0           1           2           2
     2.34685    -1.17444     2.88710
     0.24160     0.97038     0.00000
    -0.97038     0.24160     0.00000
     0.00000    -0.00000     1.00000
           0           1           2           3
     2.34685    -1.17444    -2.80490
     0.24160     0.97038     0.00000
    -0.97038     0.24160     0.00000
     0.00000    -0.00000     1.00000
           0           1           2           4
     2.34685    -1.17444    -8.49690
     0.24160     0.97038     0.00000
    -0.97038     0.24160     0.00000
     0.00000    -0.00000     1.00000
           0           1           3           1
     2.61584     0.01015     8.57799
    -0.22073     0.97534     0.00000
    -0.97534    -0.22073     0.00000
     0.00000     0.00000     1.00000
           0           1           3           2
     2.61584     0.01015     2.88599
    -0.22073     0.97534     0.00000
    -0.97534    -0.22073     0.00000
     0.00000     0.00000     1.00000
           0           1           3           3
     2.61584     0.01015    -2.80601
    -0.22073     0.97534     0.00000
    -0.97534    -0.22073     0.00000
     0.00000     0.00000     1.00000
           0           1           3           4
     2.61584     0.01015    -8.49801
    -0.22073     0.97534     0.00000
    -0.97534    -0.22073     0.00000
     0.00000     0.00000     1.00000
           0           1           4           1
     2.29878     1.18533     8.58452
    -0.63565     0.77198     0.00000
    -0.77198    -0.63565     0.00000
     0.00000     0.00000     1.00000
           0           1           4           2
     2.29878     1.18533     2.89252
    -0.63565     0.77198     0.00000
    -0.77198    -0.63565     0.00000
     0.00000     0.00000     1.00000
           0           1           4           3
     2.29878     1.18533    -2.79948
    -0.63565     0.77198     0.00000
    -0.77198    -0.63565     0.00000
     0.00000     0.00000     1.00000
           0           1           4           4
     2.29878     1.18533    -8.49148
    -0.63565     0.77198     0.00000
    -0.77198    -0.63565     0.00000
     0.00000     0.00000     1.00000
           0           1           5           1
     1.49878     2.11019     8.58277
    -0.91527     0.40284     0.00000
    -0.40284    -0.91527     0.00000
     0.00000     0.00000     1.00000
           0           1           5           2
     1.49878     2.11019     2.89077
    -0.91527     0.40284     0.00000
    -0.40284    -0.91527     0.00000
     0.00000     0.00000     1.00000
           0           1           5           3
     1.49878     2.11019    -2.80123
    -0.91527     0.40284     0.00000
    -0.40284    -0.91527     0.00000
     0.00000     0.00000     1.00000
           0           1           5           4
     1.49878     2.11019    -8.49323
    -0.91527     0.40284     0.00000
    -0.40284    -0.91527     0.00000
     0.00000     0.00000     1.00000
           0           1           6           1
    -1.52571     2.13600    -8.58165
     0.91899     0.39428     0.00000
     0.39428    -0.91899     0.00000
     0.00000    -0.00000    -1.00000
           0           1           6           2
    -1.52571     2.13600    -2.88965
     0.91899     0.39428     0.00000
     0.39428    -0.91899     0.00000
     0.00000    -0.00000    -1.00000
           0           1           6           3
    -1.52571     2.13600     2.80235
     0.91899     0.39428     0.00000
     0.39428    -0.91899     0.00000
     0.00000    -0.00000    -1.00000
           0           1           6           4
    -1.52571     2.13600     8.49434
     0.91899     0.39428     0.00000
     0.39428    -0.91899     0.00000
     0.00000    -0.00000    -1.00000
           0           1           7           1
    -2.34274     1.22075    -8.57986
     0.64090     0.76762     0.00000
     0.76762    -0.64090     0.00000
     0.00000    -0.00000    -1.00000
           0           1           7           2
    -2.34274     1.22075    -2.88786
     0.64090     0.76762     0.00000
     0.76762    -0.64090     0.00000
     0.00000    -0.00000    -1.00000
           0           1           7           3
    -2.34274     1.22075     2.80414
     0.64090     0.76762     0.00000
     0.76762    -0.64090     0.00000
     0.00000    -0.00000    -1.00000
           0           1           7           4
    -2.34273     1.22075     8.49614
     0.64090     0.76762     0.00000
     0.76762    -0.64090     0.00000
     0.00000    -0.00000    -1.00000
           0           1           8           1
    -2.65592     0.04936    -8.59189
     0.22821     0.97361     0.00000
     0.97361    -0.22821     0.00000
     0.00000    -0.00000    -1.00000
           0           1           8           2
    -2.65592     0.04936    -2.89989
     0.22821     0.97361     0.00000
     0.97361    -0.22821     0.00000
     0.00000    -0.00000    -1.00000
           0           1           8           3
    -2.65592     0.04936     2.79211
     0.22821     0.97361     0.00000
     0.97361    -0.22821     0.00000
     0.00000    -0.00000    -1.00000
           0           1           8           4
    -2.65592     0.04936     8.48411
     0.22821     0.97361     0.00000
     0.97361    -0.22821     0.00000
     0.00000    -0.00000    -1.00000
           0           1           9           1
    -2.39445    -1.14301    -8.57533
    -0.23762     0.97136     0.00000
     0.97136     0.23762     0.00000
     0.00000     0.00000    -1.00000
           0           1           9           2
    -2.39445    -1.14301    -2.88333
    -0.23762     0.97136     0.00000
     0.97136     0.23762     0.00000
     0.00000     0.00000    -1.00000
           0           1           9           3
    -2.39444    -1.14301     2.80867
    -0.23762     0.97136     0.00000
     0.97136     0.23762     0.00000
     0.00000     0.00000    -1.00000
           0           1           9           4
    -2.39444    -1.14301     8.50067
    -0.23762     0.97136     0.00000
     0.97136     0.23762     0.00000
     0.00000     0.00000    -1.00000
           0           1          10           1
    -1.63176    -2.08079    -8.56916
    -0.64813     0.76153     0.00000
     0.76153     0.64813     0.00000
     0.00000     0.00000    -1.00000
           0           1          10           2
    -1.63176    -2.08079    -2.87716
    -0.64813     0.76153     0.00000
     0.76153     0.64813     0.00000
     0.00000     0.00000    -1.00000
           0           1          10           3
    -1.63176    -2.08079     2.81484
    -0.64813     0.76153     0.00000
     0.76153     0.64813     0.00000
     0.00000     0.00000    -1.00000
           0           1          10           4
    -1.63176    -2.08079     8.50684
    -0.64813     0.76153     0.00000
     0.76153     0.64813     0.00000
     0.00000     0.00000    -1.00000
           0           2           1           1
     2.49866    -4.54288     8.56168
     0.74654     0.66534     0.00000
    -0.66534     0.74654     0.00000
     0.00000    -0.00000     1.00000
           0           2           1           2
     2.49866    -4.54288     2.86967
     0.74654     0.66534     0.00000
    -0.66534     0.74654     0.00000
     0.00000    -0.00000     1.00000
           0           2           1           3
     2.49866    -4.54288    -2.82232
     0.74654     0.66534     0.00000
    -0.66534     0.74654     0.00000
     0.00000    -0.00000     1.00000
           0           2           1           4
     2.49866    -4.54288    -8.51433
     0.74654     0.66534     0.00000
    -0.66534     0.74654     0.00000
     0.00000    -0.00000     1.00000
           0           2           2           1
     3.51059    -3.83401     8.56973
     0.57061     0.82122     0.00000
    -0.82122     0.57061     0.00000
     0.00000     0.00000     1.00000
           0           2           2           2
     3.51059    -3.83401     2.87773
     0.57061     0.82122     0.00000
    -0.82122     0.57061     0.00000
     0.00000     0.00000     1.00000
           0           2           2           3
     3.51059    -3.83401    -2.81427
     0.57061     0.82122     0.00000
    -0.82122     0.57061     0.00000
     0.00000     0.00000     1.00000
           0           2           2           4
     3.51059    -3.83401    -8.50627
     0.57061     0.82122     0.00000
    -0.82122     0.57061     0.00000
     0.00000     0.00000     1.00000
           0           2           3           1
     4.30700    -2.89577     8.56068
     0.36210     0.93214     0.00000
    -0.93214     0.36210     0.00000
     0.00000     0.00000     1.00000
           0           2           3           2
     4.30700    -2.89577     2.86868
     0.36210     0.93214     0.00000
    -0.93214     0.36210     0.00000
     0.00000     0.00000     1.00000
           0           2           3           3
     4.30700    -2.89577    -2.82332
     0.36210     0.93214     0.00000
    -0.93214     0.36210     0.00000
     0.00000     0.00000     1.00000
           0           2           3           4
     4.30700    -2.89577    -8.51532
     0.36210     0.93214     0.00000
    -0.93214     0.36210     0.00000
     0.00000     0.00000     1.00000
           0           2           4           1
     4.87554    -1.79147     8.56357
     0.13037     0.99147     0.00000
    -0.99147     0.13037     0.00000
     0.00000     0.00000     1.00000
           0           2           4           2
     4.87554    -1.79147     2.87157
     0.13037     0.99147     0.00000
    -0.99147     0.13037     0.00000
     0.00000     0.00000     1.00000
           0           2           4           3
     4.87554    -1.79147    -2.82043
     0.13037     0.99147     0.00000
    -0.99147     0.13037     0.00000
     0.00000     0.00000     1.00000
           0           2           4           4
     4.87554    -1.79147    -8.51243
     0.13037     0.99147     0.00000
    -0.99147     0.13037     0.00000
     0.00000     0.00000     1.00000
           0           2           5           1
     5.17290    -0.59126     8.56230
    -0.10769     0.99418     0.00000
    -0.99418    -0.10769     0.00000
     0.00000     0.00000     1.00000
           0           2           5           2
     5.17290    -0.59126     2.87030
    -0.10769     0.99418     0.00000
    -0.99418    -0.10769     0.00000
     0.00000     0.00000     1.00000
           0           2           5           3
     5.17290    -0.59126    -2.82170
    -0.10769     0.99418     0.00000
    -0.99418    -0.10769     0.00000
     0.00000     0.00000     1.00000
           0           2           5           4
     5.17290    -0.59126    -8.51370
    -0.10769     0.99418     0.00000
    -0.99418    -0.10769     0.00000
     0.00000     0.00000     1.00000
           0           2           6           1
     5.14809     0.62919     8.55865
    -0.33635     0.94174     0.00000
    -0.94174    -0.33635     0.00000
     0.00000     0.00000     1.00000
           0           2           6           2
     5.14809     0.62919     2.86665
    -0.33635     0.94174     0.00000
    -0.94174    -0.33635     0.00000
     0.00000     0.00000     1.00000
           0           2           6           3
     5.14809     0.62919    -2.82535
    -0.33635     0.94174     0.00000
    -0.94174    -0.33635     0.00000
     0.00000     0.00000     1.00000
           0           2           6           4
     5.14809     0.62919    -8.51735
    -0.33635     0.94174     0.00000
    -0.94174    -0.33635     0.00000
     0.00000     0.00000     1.00000
           0           2           7           1
     4.82497     1.82226     8.56072
    -0.54881     0.83594     0.00000
    -0.83594    -0.54881     0.00000
     0.00000     0.00000     1.00000
           0           2           7           2
     4.82497     1.82226     2.86872
    -0.54881     0.83594     0.00000
    -0.83594    -0.54881     0.00000
     0.00000     0.00000     1.00000
           0           2           7           3
     4.82497     1.82226    -2.82328
    -0.54881     0.83594     0.00000
    -0.83594    -0.54881     0.00000
     0.00000     0.00000     1.00000
           0           2           7           4
     4.82497     1.82226    -8.51528
    -0.54881     0.83594     0.00000
    -0.83594    -0.54881     0.00000
     0.00000     0.00000     1.00000
           0           2           8           1
     4.27899     2.92521     8.55769
    -0.72905     0.68446     0.00000
    -0.68446    -0.72905     0.00000
     0.00000     0.00000     1.00000
           0           2           8           2
     4.27899     2.92521     2.86569
    -0.72905     0.68446     0.00000
    -0.68446    -0.72905     0.00000
     0.00000     0.00000     1.00000
           0           2           8           3
     4.27899     2.92521    -2.82631
    -0.72905     0.68446     0.00000
    -0.68446    -0.72905     0.00000
     0.00000     0.00000     1.00000
           0           2           8           4
     4.27899     2.92521    -8.51831
    -0.72905     0.68446     0.00000
    -0.68446    -0.72905     0.00000
     0.00000     0.00000     1.00000
           0           2           9           1
     3.42870     3.83615     8.56231
    -0.87039     0.49237     0.00000
    -0.49237    -0.87039     0.00000
     0.00000     0.00000     1.00000
           0           2           9           2
     3.42870     3.83615     2.87031
    -0.87039     0.49237     0.00000
    -0.49237    -0.87039     0.00000
     0.00000     0.00000     1.00000
           0           2           9           3
     3.42870     3.83615    -2.82169
    -0.87039     0.49237     0.00000
    -0.49237    -0.87039     0.00000
     0.00000     0.00000     1.00000
           0           2           9           4
     3.42870     3.83615    -8.51369
    -0.87039     0.49237     0.00000
    -0.49237    -0.87039     0.00000
     0.00000     0.00000     1.00000
           0           2          10           1
     2.35195     4.57489     8.57701
    -0.96564     0.25987     0.00000
    -0.25987    -0.96564     0.00000
     0.00000     0.00000     1.00000
           0           2          10           2
     2.35195     4.57489     2.88501
    -0.96564     0.25987     0.00000
    -0.25987    -0.96564     0.00000
     0.00000     0.00000     1.00000
           0           2          10           3
     2.35195     4.57489    -2.80699
    -0.96564     0.25987     0.00000
    -0.25987    -0.96564     0.00000
     0.00000     0.00000     1.00000
           0           2          10           4
     2.35195     4.57489    -8.49899
    -0.96564     0.25987     0.00000
    -0.25987    -0.96564     0.00000
     0.00000     0.00000     1.00000
           0           2          11           1
    -2.47868     4.53977    -8.57607
     0.96045     0.27845     0.00000
     0.27845    -0.96045     0.00000
     0.00000    -0.00000    -1.00000
           0           2          11           2
    -2.47868     4.53977    -2.88407
     0.96045     0.27845     0.00000
     0.27845    -0.96045     0.00000
     0.00000    -0.00000    -1.00000
           0           2          11           3
    -2.47868     4.53977     2.80793
     0.96045     0.27845     0.00000
     0.27845    -0.96045     0.00000
     0.00000    -0.00000    -1.00000
           0           2          11           4
    -2.47868     4.53977     8.49993
     0.96045     0.27845     0.00000
     0.27845    -0.96045     0.00000
     0.00000    -0.00000    -1.00000
           0           2          12           1
    -3.49839     3.88412    -8.58452
     0.87138     0.49061     0.00000
     0.49061    -0.87138     0.00000
     0.00000    -0.00000    -1.00000
           0           2          12           2
    -3.49839     3.88412    -2.89252
     0.87138     0.49061     0.00000
     0.49061    -0.87138     0.00000
     0.00000    -0.00000    -1.00000
           0           2          12           3
    -3.49839     3.88412     2.79948
     0.87138     0.49061     0.00000
     0.49061    -0.87138     0.00000
     0.00000    -0.00000    -1.00000
           0           2          12           4
    -3.49839     3.88412     8.49148
     0.87138     0.49061     0.00000
     0.49061    -0.87138     0.00000
     0.00000    -0.00000    -1.00000
           0           2          13           1
    -4.29377     2.94613    -8.57209
     0.73100     0.68238     0.00000
     0.68238    -0.73100     0.00000
     0.00000    -0.00000    -1.00000
           0           2          13           2
    -4.29377     2.94613    -2.88009
     0.73100     0.68238     0.00000
     0.68238    -0.73100     0.00000
     0.00000    -0.00000    -1.00000
           0           2          13           3
    -4.29377     2.94613     2.81191
     0.73100     0.68238     0.00000
     0.68238    -0.73100     0.00000
     0.00000    -0.00000    -1.00000
           0           2          13           4
    -4.29377     2.94613     8.50391
     0.73100     0.68238     0.00000
     0.68238    -0.73100     0.00000
     0.00000    -0.00000    -1.00000
           0           2          14           1
    -4.87131     1.86526    -8.56204
     0.55076     0.83466     0.00000
     0.83466    -0.55076     0.00000
     0.00000    -0.00000    -1.00000
           0           2          14           2
    -4.87131     1.86526    -2.87004
     0.55076     0.83466     0.00000
     0.83466    -0.55076     0.00000
     0.00000    -0.00000    -1.00000
           0           2          14           3
    -4.87131     1.86526     2.82196
     0.55076     0.83466     0.00000
     0.83466    -0.55076     0.00000
     0.00000    -0.00000    -1.00000
           0           2          14           4
    -4.87130     1.86526     8.51396
     0.55076     0.83466     0.00000
     0.83466    -0.55076     0.00000
     0.00000    -0.00000    -1.00000
           0           2          15           1
    -5.18581     0.67161    -8.56236
     0.33813     0.94110     0.00000
     0.94110    -0.33813     0.00000
     0.00000    -0.00000    -1.00000
           0           2          15           2
    -5.18581     0.67161    -2.87036
     0.33813     0.94110     0.00000
     0.94110    -0.33813     0.00000
     0.00000    -0.00000    -1.00000
           0           2          15           3
    -5.18581     0.67161     2.82164
     0.33813     0.94110     0.00000
     0.94110    -0.33813     0.00000
     0.00000    -0.00000    -1.00000
           0           2          15           4
    -5.18581     0.67161     8.51364
     0.33813     0.94110     0.00000
     0.94110    -0.33813     0.00000
     0.00000    -0.00000    -1.00000
           0           2          16           1
    -5.17947    -0.55513    -8.55952
     0.10859     0.99409     0.00000
     0.99409    -0.10859     0.00000
     0.00000    -0.00000    -1.00000
           0           2          16           2
    -5.17947    -0.55513    -2.86752
     0.10859     0.99409     0.00000
     0.99409    -0.10859     0.00000
     0.00000    -0.00000    -1.00000
           0           2          16           3
    -5.17947    -0.55513     2.82448
     0.10859     0.99409     0.00000
     0.99409    -0.10859     0.00000
     0.00000    -0.00000    -1.00000
           0           2          16           4
    -5.17947    -0.55513     8.51648
     0.10859     0.99409     0.00000
     0.99409    -0.10859     0.00000
     0.00000    -0.00000    -1.00000
           0           2          17           1
    -4.88184    -1.74475    -8.56821
    -0.12863     0.99169     0.00000
     0.99169     0.12863     0.00000
     0.00000     0.00000    -1.00000
           0           2          17           2
    -4.88184    -1.74475    -2.87621
    -0.12863     0.99169     0.00000
     0.99169     0.12863     0.00000
     0.00000     0.00000    -1.00000
           0           2          17           3
    -4.88184    -1.74475     2.81579
    -0.12863     0.99169     0.00000
     0.99169     0.12863     0.00000
     0.00000     0.00000    -1.00000
           0           2          17           4
    -4.88184    -1.74475     8.50779
    -0.12863     0.99169     0.00000
     0.99169     0.12863     0.00000
     0.00000     0.00000    -1.00000
           0           2          18           1
    -4.34104    -2.84443    -8.56676
    -0.35791     0.93376     0.00000
     0.93376     0.35791     0.00000
     0.00000     0.00000    -1.00000
           0           2          18           2
    -4.34104    -2.84443    -2.87476
    -0.35791     0.93376     0.00000
     0.93376     0.35791     0.00000
     0.00000     0.00000    -1.00000
           0           2          18           3
    -4.34104    -2.84443     2.81724
    -0.35791     0.93376     0.00000
     0.93376     0.35791     0.00000
     0.00000     0.00000    -1.00000
           0           2          18           4
    -4.34104    -2.84443     8.50925
    -0.35791     0.93376     0.00000
     0.93376     0.35791     0.00000
     0.00000     0.00000    -1.00000
           0           2          19           1
    -3.56259    -3.79209    -8.55318
    -0.56602     0.82439     0.00000
     0.82439     0.56602     0.00000
     0.00000     0.00000    -1.00000
           0           2          19           2
    -3.56259    -3.79209    -2.86118
    -0.56602     0.82439     0.00000
     0.82439     0.56602     0.00000
     0.00000     0.00000    -1.00000
           0           2          19           3
    -3.56259    -3.79209     2.83082
    -0.56602     0.82439     0.00000
     0.82439     0.56602     0.00000
     0.00000     0.00000    -1.00000
           0           2          19           4
    -3.56259    -3.79209     8.52282
    -0.56602     0.82439     0.00000
     0.82439     0.56602     0.00000
     0.00000     0.00000    -1.00000
           0           2          20           1
    -2.56930    -4.50726    -8.61420
    -0.74290     0.66940     0.00000
     0.66940     0.74290     0.00000
     0.00000     0.00000    -1.00000
           0           2          20           2
    -2.56929    -4.50726    -2.92220
    -0.74290     0.66940     0.00000
     0.66940     0.74290     0.00000
     0.00000     0.00000    -1.00000
           0           2          20           3
    -2.56929    -4.50726     2.76979
    -0.74290     0.66940     0.00000
     0.66940     0.74290     0.00000
     0.00000     0.00000    -1.00000
           0           2          20           4
    -2.56929    -4.50726     8.46180
    -0.74290     0.66940     0.00000
     0.66940     0.74290     0.00000
     0.00000     0.00000    -1.00000
           0           3           1           1
     5.67414   -10.30624    12.68607
    -0.87727    -0.47999    -0.00000
    -0.47999     0.87727    -0.00000
     0.00000    -0.00000    -1.00000
           0           3           1           2
     5.67414   -10.30624     6.31067
    -0.87727    -0.47999    -0.00000
    -0.47999     0.87727    -0.00000
     0.00000    -0.00000    -1.00000
           0           3           1           3
     5.67414   -10.30624    -0.06473
    -0.87727    -0.47999    -0.00000
    -0.47999     0.87727    -0.00000
     0.00000    -0.00000    -1.00000
           0           3           1           4
     5.67414   -10.30624    -6.44013
    -0.87727    -0.47999    -0.00000
    -0.47999     0.87727    -0.00000
     0.00000    -0.00000    -1.00000
           0           3           1           5
     5.67414   -10.30624   -12.81553
    -0.87727    -0.47999    -0.00000
    -0.47999     0.87727    -0.00000
     0.00000    -0.00000    -1.00000
           0           3           2           1
     7.56892    -7.09081    12.72005
    -0.68751    -0.72617     0.00000
    -0.72617     0.68751     0.00000
    -0.00000     0.00000    -1.00000
           0           3           2           2
     7.56892    -7.09081     6.34464
    -0.68751    -0.72617     0.00000
    -0.72617     0.68751     0.00000
    -0.00000     0.00000    -1.00000
           0           3           2           3
     7.56892    -7.09081    -0.03076
    -0.68751    -0.72617     0.00000
    -0.72617     0.68751     0.00000
    -0.00000     0.00000    -1.00000
           0           3           2           4
     7.56892    -7.09081    -6.40616
    -0.68751    -0.72617     0.00000
    -0.72617     0.68751     0.00000
    -0.00000     0.00000    -1.00000
           0           3           2           5
     7.56892    -7.09081   -12.78156
    -0.68751    -0.72617     0.00000
    -0.72617     0.68751     0.00000
    -0.00000     0.00000    -1.00000
           0           3           3           1
    11.52268    -5.56116    12.72555
    -0.44041    -0.89780     0.00000
    -0.89780     0.44041     0.00000
    -0.00000     0.00000    -1.00000
           0           3           3           2
    11.52268    -5.56116     6.35020
    -0.44041    -0.89780     0.00000
    -0.89780     0.44041     0.00000
    -0.00000     0.00000    -1.00000
           0           3           3           3
    11.52268    -5.56116    -0.02520
    -0.44041    -0.89780     0.00000
    -0.89780     0.44041     0.00000
    -0.00000     0.00000    -1.00000
           0           3           3           4
    11.52268    -5.56116    -6.40060
    -0.44041    -0.89780     0.00000
    -0.89780     0.44041     0.00000
    -0.00000     0.00000    -1.00000
           0           3           3           5
    11.52268    -5.56116   -12.77605
    -0.44041    -0.89780     0.00000
    -0.89780     0.44041     0.00000
    -0.00000     0.00000    -1.00000
           0           3           4           1
    11.60302    -1.99144    12.72788
    -0.17533    -0.98451     0.00000
    -0.98451     0.17533     0.00000
    -0.00000     0.00000    -1.00000
           0           3           4           2
    11.60302    -1.99144     6.35244
    -0.17533    -0.98451     0.00000
    -0.98451     0.17533     0.00000
    -0.00000     0.00000    -1.00000
           0           3           4           3
    11.60302    -1.99144    -0.02296
    -0.17533    -0.98451     0.00000
    -0.98451     0.17533     0.00000
    -0.00000     0.00000    -1.00000
           0           3           4           4
    11.60302    -1.99144    -6.39836
    -0.17533    -0.98451     0.00000
    -0.98451     0.17533     0.00000
    -0.00000     0.00000    -1.00000
           0           3           4           5
    11.60302    -1.99144   -12.77372
    -0.17533    -0.98451     0.00000
    -0.98451     0.17533     0.00000
    -0.00000     0.00000    -1.00000
           0           3           5           1
    10.26647     1.47643    12.72675
     0.13743    -0.99051     0.00000
    -0.99051    -0.13743     0.00000
    -0.00000    -0.00000    -1.00000
           0           3           5           2
    10.26647     1.47643     6.35133
     0.13743    -0.99051     0.00000
    -0.99051    -0.13743     0.00000
    -0.00000    -0.00000    -1.00000
           0           3           5           3
    10.26647     1.47643    -0.02407
     0.13743    -0.99051     0.00000
    -0.99051    -0.13743     0.00000
    -0.00000    -0.00000    -1.00000
           0           3           5           4
    10.26647     1.47643    -6.39947
     0.13743    -0.99051     0.00000
    -0.99051    -0.13743     0.00000
    -0.00000    -0.00000    -1.00000
           0           3           5           5
    10.26647     1.47643   -12.77485
     0.13743    -0.99051     0.00000
    -0.99051    -0.13743     0.00000
    -0.00000    -0.00000    -1.00000
           0           3           6           1
    11.60679     5.50946    12.69483
     0.42370    -0.90580     0.00000
    -0.90580    -0.42370     0.00000
    -0.00000    -0.00000    -1.00000
           0           3           6           2
    11.60679     5.50946     6.31943
     0.42370    -0.90580     0.00000
    -0.90580    -0.42370     0.00000
    -0.00000    -0.00000    -1.00000
           0           3           6           3
    11.60679     5.50946    -0.05597
     0.42370    -0.90580     0.00000
    -0.90580    -0.42370     0.00000
    -0.00000    -0.00000    -1.00000
           0           3           6           4
    11.60679     5.50946    -6.43137
     0.42370    -0.90580     0.00000
    -0.90580    -0.42370     0.00000
    -0.00000    -0.00000    -1.00000
           0           3           6           5
    11.60679     5.50946   -12.80677
     0.42370    -0.90580     0.00000
    -0.90580    -0.42370     0.00000
    -0.00000    -0.00000    -1.00000
           0           3           7           1
     8.76380     7.73866    12.71217
     0.65613    -0.75464     0.00000
    -0.75464    -0.65613     0.00000
    -0.00000    -0.00000    -1.00000
           0           3           7           2
     8.76380     7.73866     6.33676
     0.65613    -0.75464     0.00000
    -0.75464    -0.65613     0.00000
    -0.00000    -0.00000    -1.00000
           0           3           7           3
     8.76380     7.73866    -0.03864
     0.65613    -0.75464     0.00000
    -0.75464    -0.65613     0.00000
    -0.00000    -0.00000    -1.00000
           0           3           7           4
     8.76380     7.73866    -6.41404
     0.65613    -0.75464     0.00000
    -0.75464    -0.65613     0.00000
    -0.00000    -0.00000    -1.00000
           0           3           7           5
     8.76380     7.73866   -12.78943
     0.65613    -0.75464     0.00000
    -0.75464    -0.65613     0.00000
    -0.00000    -0.00000    -1.00000
           0           3           8           1
     5.23041     8.94275    12.69360
     0.85962    -0.51094     0.00000
    -0.51094    -0.85962     0.00000
    -0.00000    -0.00000    -1.00000
           0           3           8           2
     5.23041     8.94275     6.31820
     0.85962    -0.51094     0.00000
    -0.51094    -0.85962     0.00000
    -0.00000    -0.00000    -1.00000
           0           3           8           3
     5.23041     8.94275    -0.05720
     0.85962    -0.51094     0.00000
    -0.51094    -0.85962     0.00000
    -0.00000    -0.00000    -1.00000
           0           3           8           4
     5.23041     8.94275    -6.43260
     0.85962    -0.51094     0.00000
    -0.51094    -0.85962     0.00000
    -0.00000    -0.00000    -1.00000
           0           3           8           5
     5.23041     8.94275   -12.80800
     0.85962    -0.51094     0.00000
    -0.51094    -0.85962     0.00000
    -0.00000    -0.00000    -1.00000
           0           3           9           1
    -5.20182     8.85940   -12.72665
    -0.85790    -0.51382    -0.00000
     0.51382    -0.85790    -0.00000
     0.00000    -0.00000     1.00000
           0           3           9           2
    -5.20182     8.85940    -6.35124
    -0.85790    -0.51382    -0.00000
     0.51382    -0.85790    -0.00000
     0.00000    -0.00000     1.00000
           0           3           9           3
    -5.20182     8.85940     0.02416
    -0.85790    -0.51382    -0.00000
     0.51382    -0.85790    -0.00000
     0.00000    -0.00000     1.00000
           0           3           9           4
    -5.20182     8.85940     6.39955
    -0.85790    -0.51382    -0.00000
     0.51382    -0.85790    -0.00000
     0.00000    -0.00000     1.00000
           0           3           9           5
    -5.20182     8.85940    12.77495
    -0.85790    -0.51382    -0.00000
     0.51382    -0.85790    -0.00000
     0.00000    -0.00000     1.00000
           0           3          10           1
    -8.81244     7.79462   -12.71507
    -0.65786    -0.75314    -0.00000
     0.75314    -0.65786    -0.00000
     0.00000    -0.00000     1.00000
           0           3          10           2
    -8.81244     7.79462    -6.33967
    -0.65786    -0.75314    -0.00000
     0.75314    -0.65786    -0.00000
     0.00000    -0.00000     1.00000
           0           3          10           3
    -8.81244     7.79462     0.03573
    -0.65786    -0.75314    -0.00000
     0.75314    -0.65786    -0.00000
     0.00000    -0.00000     1.00000
           0           3          10           4
    -8.81244     7.79462     6.41113
    -0.65786    -0.75314    -0.00000
     0.75314    -0.65786    -0.00000
     0.00000    -0.00000     1.00000
           0           3          10           5
    -8.81244     7.79462    12.78653
    -0.65786    -0.75314    -0.00000
     0.75314    -0.65786    -0.00000
     0.00000    -0.00000     1.00000
           0           3          11           1
   -11.56979     5.51093   -12.70956
    -0.42292    -0.90617    -0.00000
     0.90617    -0.42292    -0.00000
     0.00000     0.00000     1.00000
           0           3          11           2
   -11.56979     5.51093    -6.33411
    -0.42292    -0.90617    -0.00000
     0.90617    -0.42292    -0.00000
     0.00000     0.00000     1.00000
           0           3          11           3
   -11.56979     5.51093     0.04129
    -0.42292    -0.90617    -0.00000
     0.90617    -0.42292    -0.00000
     0.00000     0.00000     1.00000
           0           3          11           4
   -11.56979     5.51093     6.41669
    -0.42292    -0.90617    -0.00000
     0.90617    -0.42292    -0.00000
     0.00000     0.00000     1.00000
           0           3          11           5
   -11.56979     5.51093    12.79214
    -0.42292    -0.90617    -0.00000
     0.90617    -0.42292    -0.00000
     0.00000     0.00000     1.00000
           0           3          12           1
   -10.25836     1.50058   -12.71291
    -0.13729    -0.99053    -0.00000
     0.99053    -0.13729    -0.00000
     0.00000    -0.00000     1.00000
           0           3          12           2
   -10.25836     1.50058    -6.33750
    -0.13729    -0.99053    -0.00000
     0.99053    -0.13729    -0.00000
     0.00000    -0.00000     1.00000
           0           3          12           3
   -10.25836     1.50058     0.03790
    -0.13729    -0.99053    -0.00000
     0.99053    -0.13729    -0.00000
     0.00000    -0.00000     1.00000
           0           3          12           4
   -10.25836     1.50058     6.41330
    -0.13729    -0.99053    -0.00000
     0.99053    -0.13729    -0.00000
     0.00000    -0.00000     1.00000
           0           3          12           5
   -10.25836     1.50058    12.78869
    -0.13729    -0.99053    -0.00000
     0.99053    -0.13729    -0.00000
     0.00000    -0.00000     1.00000
           0           3          13           1
   -11.58969    -1.96738   -12.70558
     0.17588    -0.98441    -0.00000
     0.98441     0.17588    -0.00000
     0.00000     0.00000     1.00000
           0           3          13           2
   -11.58969    -1.96738    -6.33023
     0.17588    -0.98441    -0.00000
     0.98441     0.17588    -0.00000
     0.00000     0.00000     1.00000
           0           3          13           3
   -11.58969    -1.96738     0.04517
     0.17588    -0.98441    -0.00000
     0.98441     0.17588    -0.00000
     0.00000     0.00000     1.00000
           0           3          13           4
   -11.58969    -1.96738     6.42057
     0.17588    -0.98441    -0.00000
     0.98441     0.17588    -0.00000
     0.00000     0.00000     1.00000
           0           3          13           5
   -11.58969    -1.96738    12.79602
     0.17588    -0.98441    -0.00000
     0.98441     0.17588    -0.00000
     0.00000     0.00000     1.00000
           0           3          14           1
   -11.57764    -5.57048   -12.70750
     0.44181    -0.89711    -0.00000
     0.89711     0.44181    -0.00000
     0.00000     0.00000     1.00000
           0           3          14           2
   -11.57764    -5.57048    -6.33210
     0.44181    -0.89711    -0.00000
     0.89711     0.44181    -0.00000
     0.00000     0.00000     1.00000
           0           3          14           3
   -11.57764    -5.57048     0.04330
     0.44181    -0.89711    -0.00000
     0.89711     0.44181    -0.00000
     0.00000     0.00000     1.00000
           0           3          14           4
   -11.57764    -5.57048     6.41870
     0.44181    -0.89711    -0.00000
     0.89711     0.44181    -0.00000
     0.00000     0.00000     1.00000
           0           3          14           5
   -11.57764    -5.57048    12.79410
     0.44181    -0.89711    -0.00000
     0.89711     0.44181    -0.00000
     0.00000     0.00000     1.00000
           0           3          15           1
    -7.58527    -7.05647   -12.69014
     0.68947    -0.72431    -0.00000
     0.72431     0.68947    -0.00000
     0.00000     0.00000     1.00000
           0           3          15           2
    -7.58527    -7.05647    -6.31474
     0.68947    -0.72431    -0.00000
     0.72431     0.68947    -0.00000
     0.00000     0.00000     1.00000
           0           3          15           3
    -7.58527    -7.05647     0.06066
     0.68947    -0.72431    -0.00000
     0.72431     0.68947    -0.00000
     0.00000     0.00000     1.00000
           0           3          15           4
    -7.58527    -7.05647     6.43606
     0.68947    -0.72431    -0.00000
     0.72431     0.68947    -0.00000
     0.00000     0.00000     1.00000
           0           3          15           5
    -7.58527    -7.05647    12.81146
     0.68947    -0.72431    -0.00000
     0.72431     0.68947    -0.00000
     0.00000     0.00000     1.00000
           0           3          16           1
    -5.72645   -10.27732   -12.68778
     0.87839    -0.47794    -0.00000
     0.47794     0.87839    -0.00000
     0.00000     0.00000     1.00000
           0           3          16           2
    -5.72645   -10.27732    -6.31238
     0.87839    -0.47794    -0.00000
     0.47794     0.87839    -0.00000
     0.00000     0.00000     1.00000
           0           3          16           3
