 SVX cage parameters:
     2.20000
     0.50000     0.20000
     0.00000
           6
   -40.00000   -26.50000   -26.50000    26.50000    26.50000    40.00000
    53.00000    53.00000    22.00000    22.00000    53.00000    53.00000
     0.00000     0.00000     0.00000
 SVX barrel parameters:
           4
     2.63000     5.13000    11.76500    16.68700
     0.00000     0.00000     0.00000     0.00000
           4           4           5           6
     0.69600     0.69600     1.74500     1.74500
     0.01000     0.01000     0.03125     0.03125
     2.83600     2.83600     3.18770     3.18770
     0.01900     0.01900     0.00000     0.00000
     0.00000     0.00000     0.00000     0.00000
    26.70000    13.60000    17.00000    12.00000
   -13.00000   -13.02000     0.00000     0.00000
           2
           5           5
     0.00000   180.00000
           2
          10          10
     0.00000   180.00000
           2
           8           8
     0.00000   180.00000
           2
          12          12
     0.00000   180.00000
 SVX barrel sensor rotation matrices and translation vectors:
           0           1           1           1
     1.63530    -2.05525     8.58331
     0.62608     0.77976     0.00000
    -0.77976     0.62608     0.00000
     0.00000     0.00000     1.00000
           0           1           1           2
     1.63530    -2.05525     2.89131
     0.62608     0.77976     0.00000
    -0.77976     0.62608     0.00000
     0.00000     0.00000     1.00000
           0           1           1           3
     1.63530    -2.05525    -2.80069
     0.62608     0.77976     0.00000
    -0.77976     0.62608     0.00000
     0.00000     0.00000     1.00000
           0           1           1           4
     1.63530    -2.05525    -8.49269
     0.62608     0.77976     0.00000
    -0.77976     0.62608     0.00000
     0.00000     0.00000     1.00000
           0           1           2           1
     2.35486    -1.15831     8.58678
     0.23494     0.97201     0.00000
    -0.97201     0.23494     0.00000
     0.00000     0.00000     1.00000
           0           1           2           2
     2.35486    -1.15831     2.89478
     0.23494     0.97201     0.00000
    -0.97201     0.23494     0.00000
     0.00000     0.00000     1.00000
           0           1           2           3
     2.35486    -1.15831    -2.79722
     0.23494     0.97201     0.00000
    -0.97201     0.23494     0.00000
     0.00000     0.00000     1.00000
           0           1           2           4
     2.35486    -1.15831    -8.48922
     0.23494     0.97201     0.00000
    -0.97201     0.23494     0.00000
     0.00000     0.00000     1.00000
           0           1           3           1
     2.61584     0.01068     8.58476
    -0.22093     0.97529     0.00000
    -0.97529    -0.22093     0.00000
     0.00000     0.00000     1.00000
           0           1           3           2
     2.61584     0.01068     2.89276
    -0.22093     0.97529     0.00000
    -0.97529    -0.22093     0.00000
     0.00000     0.00000     1.00000
           0           1           3           3
     2.61584     0.01068    -2.79924
    -0.22093     0.97529     0.00000
    -0.97529    -0.22093     0.00000
     0.00000     0.00000     1.00000
           0           1           3           4
     2.61584     0.01068    -8.49124
    -0.22093     0.97529     0.00000
    -0.97529    -0.22093     0.00000
     0.00000     0.00000     1.00000
           0           1           4           1
     2.30236     1.17837     8.58551
    -0.63331     0.77390     0.00000
    -0.77390    -0.63331     0.00000
     0.00000     0.00000     1.00000
           0           1           4           2
     2.30236     1.17837     2.89351
    -0.63331     0.77390     0.00000
    -0.77390    -0.63331     0.00000
     0.00000     0.00000     1.00000
           0           1           4           3
     2.30236     1.17837    -2.79849
    -0.63331     0.77390     0.00000
    -0.77390    -0.63331     0.00000
     0.00000     0.00000     1.00000
           0           1           4           4
     2.30236     1.17837    -8.49049
    -0.63331     0.77390     0.00000
    -0.77390    -0.63331     0.00000
     0.00000     0.00000     1.00000
           0           1           5           1
     1.50391     2.10654     8.57892
    -0.91429     0.40506     0.00000
    -0.40506    -0.91429     0.00000
     0.00000     0.00000     1.00000
           0           1           5           2
     1.50391     2.10654     2.88692
    -0.91429     0.40506     0.00000
    -0.40506    -0.91429     0.00000
     0.00000     0.00000     1.00000
           0           1           5           3
     1.50391     2.10654    -2.80508
    -0.91429     0.40506     0.00000
    -0.40506    -0.91429     0.00000
     0.00000     0.00000     1.00000
           0           1           5           4
     1.50391     2.10654    -8.49708
    -0.91429     0.40506     0.00000
    -0.40506    -0.91429     0.00000
     0.00000     0.00000     1.00000
           0           1           6           1
    -1.52022     2.13991    -8.57867
     0.92000     0.39192     0.00000
     0.39192    -0.92000     0.00000
     0.00000    -0.00000    -1.00000
           0           1           6           2
    -1.52022     2.13991    -2.88667
     0.92000     0.39192     0.00000
     0.39192    -0.92000     0.00000
     0.00000    -0.00000    -1.00000
           0           1           6           3
    -1.52022     2.13991     2.80533
     0.92000     0.39192     0.00000
     0.39192    -0.92000     0.00000
     0.00000    -0.00000    -1.00000
           0           1           6           4
    -1.52022     2.13991     8.49733
     0.92000     0.39192     0.00000
     0.39192    -0.92000     0.00000
     0.00000    -0.00000    -1.00000
           0           1           7           1
    -2.33712     1.23147    -8.57477
     0.64442     0.76467     0.00000
     0.76467    -0.64442     0.00000
     0.00000    -0.00000    -1.00000
           0           1           7           2
    -2.33712     1.23147    -2.88277
     0.64442     0.76467     0.00000
     0.76467    -0.64442     0.00000
     0.00000    -0.00000    -1.00000
           0           1           7           3
    -2.33712     1.23147     2.80923
     0.64442     0.76467     0.00000
     0.76467    -0.64442     0.00000
     0.00000    -0.00000    -1.00000
           0           1           7           4
    -2.33711     1.23147     8.50123
     0.64442     0.76467     0.00000
     0.76467    -0.64442     0.00000
     0.00000    -0.00000    -1.00000
           0           1           8           1
    -2.65585     0.05294    -8.58417
     0.22952     0.97331     0.00000
     0.97331    -0.22952     0.00000
     0.00000    -0.00000    -1.00000
           0           1           8           2
    -2.65585     0.05294    -2.89217
     0.22952     0.97331     0.00000
     0.97331    -0.22952     0.00000
     0.00000    -0.00000    -1.00000
           0           1           8           3
    -2.65585     0.05294     2.79983
     0.22952     0.97331     0.00000
     0.97331    -0.22952     0.00000
     0.00000    -0.00000    -1.00000
           0           1           8           4
    -2.65585     0.05294     8.49183
     0.22952     0.97331     0.00000
     0.97331    -0.22952     0.00000
     0.00000    -0.00000    -1.00000
           0           1           9           1
    -2.39420    -1.14353    -8.57217
    -0.23783     0.97131     0.00000
     0.97131     0.23783     0.00000
     0.00000     0.00000    -1.00000
           0           1           9           2
    -2.39420    -1.14353    -2.88017
    -0.23783     0.97131     0.00000
     0.97131     0.23783     0.00000
     0.00000     0.00000    -1.00000
           0           1           9           3
    -2.39419    -1.14353     2.81183
    -0.23783     0.97131     0.00000
     0.97131     0.23783     0.00000
     0.00000     0.00000    -1.00000
           0           1           9           4
    -2.39419    -1.14353     8.50383
    -0.23783     0.97131     0.00000
     0.97131     0.23783     0.00000
     0.00000     0.00000    -1.00000
           0           1          10           1
    -1.62706    -2.08446    -8.56585
    -0.64985     0.76007     0.00000
     0.76007     0.64985     0.00000
     0.00000     0.00000    -1.00000
           0           1          10           2
    -1.62706    -2.08446    -2.87385
    -0.64985     0.76007     0.00000
     0.76007     0.64985     0.00000
     0.00000     0.00000    -1.00000
           0           1          10           3
    -1.62706    -2.08446     2.81815
    -0.64985     0.76007     0.00000
     0.76007     0.64985     0.00000
     0.00000     0.00000    -1.00000
           0           1          10           4
    -1.62706    -2.08446     8.51015
    -0.64985     0.76007     0.00000
     0.76007     0.64985     0.00000
     0.00000     0.00000    -1.00000
           0           2           1           1
     2.50080    -4.54170     8.56131
     0.74622     0.66570     0.00000
    -0.66570     0.74622     0.00000
     0.00000    -0.00000     1.00000
           0           2           1           2
     2.50080    -4.54170     2.86931
     0.74622     0.66570     0.00000
    -0.66570     0.74622     0.00000
     0.00000    -0.00000     1.00000
           0           2           1           3
     2.50080    -4.54170    -2.82269
     0.74622     0.66570     0.00000
    -0.66570     0.74622     0.00000
     0.00000    -0.00000     1.00000
           0           2           1           4
     2.50080    -4.54170    -8.51469
     0.74622     0.66570     0.00000
    -0.66570     0.74622     0.00000
     0.00000    -0.00000     1.00000
           0           2           2           1
     3.50989    -3.83465     8.56147
     0.57076     0.82112     0.00000
    -0.82112     0.57076     0.00000
     0.00000    -0.00000     1.00000
           0           2           2           2
     3.50989    -3.83465     2.86947
     0.57076     0.82112     0.00000
    -0.82112     0.57076     0.00000
     0.00000    -0.00000     1.00000
           0           2           2           3
     3.50989    -3.83465    -2.82253
     0.57076     0.82112     0.00000
    -0.82112     0.57076     0.00000
     0.00000    -0.00000     1.00000
           0           2           2           4
     3.50989    -3.83465    -8.51453
     0.57076     0.82112     0.00000
    -0.82112     0.57076     0.00000
     0.00000    -0.00000     1.00000
           0           2           3           1
     4.30047    -2.90546     8.56173
     0.36420     0.93132     0.00000
    -0.93132     0.36420     0.00000
     0.00000    -0.00000     1.00000
           0           2           3           2
     4.30047    -2.90546     2.86973
     0.36420     0.93132     0.00000
    -0.93132     0.36420     0.00000
     0.00000    -0.00000     1.00000
           0           2           3           3
     4.30047    -2.90546    -2.82227
     0.36420     0.93132     0.00000
    -0.93132     0.36420     0.00000
     0.00000    -0.00000     1.00000
           0           2           3           4
     4.30047    -2.90546    -8.51427
     0.36420     0.93132     0.00000
    -0.93132     0.36420     0.00000
     0.00000    -0.00000     1.00000
           0           2           4           1
     4.87492    -1.79315     8.56455
     0.13071     0.99142     0.00000
    -0.99142     0.13071     0.00000
     0.00000    -0.00000     1.00000
           0           2           4           2
     4.87492    -1.79315     2.87255
     0.13071     0.99142     0.00000
    -0.99142     0.13071     0.00000
     0.00000    -0.00000     1.00000
           0           2           4           3
     4.87492    -1.79315    -2.81945
     0.13071     0.99142     0.00000
    -0.99142     0.13071     0.00000
     0.00000    -0.00000     1.00000
           0           2           4           4
     4.87492    -1.79315    -8.51145
     0.13071     0.99142     0.00000
    -0.99142     0.13071     0.00000
     0.00000    -0.00000     1.00000
           0           2           5           1
     5.17220    -0.59738     8.56267
    -0.10651     0.99431     0.00000
    -0.99431    -0.10651     0.00000
     0.00000     0.00000     1.00000
           0           2           5           2
     5.17220    -0.59738     2.87067
    -0.10651     0.99431     0.00000
    -0.99431    -0.10651     0.00000
     0.00000     0.00000     1.00000
           0           2           5           3
     5.17220    -0.59738    -2.82133
    -0.10651     0.99431     0.00000
    -0.99431    -0.10651     0.00000
     0.00000     0.00000     1.00000
           0           2           5           4
     5.17220    -0.59738    -8.51332
    -0.10651     0.99431     0.00000
    -0.99431    -0.10651     0.00000
     0.00000     0.00000     1.00000
           0           2           6           1
     5.14829     0.62754     8.55991
    -0.33605     0.94184     0.00000
    -0.94184    -0.33605     0.00000
     0.00000     0.00000     1.00000
           0           2           6           2
     5.14829     0.62754     2.86791
    -0.33605     0.94184     0.00000
    -0.94184    -0.33605     0.00000
     0.00000     0.00000     1.00000
           0           2           6           3
     5.14829     0.62754    -2.82409
    -0.33605     0.94184     0.00000
    -0.94184    -0.33605     0.00000
     0.00000     0.00000     1.00000
           0           2           6           4
     5.14829     0.62754    -8.51609
    -0.33605     0.94184     0.00000
    -0.94184    -0.33605     0.00000
     0.00000     0.00000     1.00000
           0           2           7           1
     4.82741     1.81577     8.56073
    -0.54769     0.83668     0.00000
    -0.83668    -0.54769     0.00000
     0.00000     0.00000     1.00000
           0           2           7           2
     4.82741     1.81577     2.86873
    -0.54769     0.83668     0.00000
    -0.83668    -0.54769     0.00000
     0.00000     0.00000     1.00000
           0           2           7           3
     4.82741     1.81577    -2.82327
    -0.54769     0.83668     0.00000
    -0.83668    -0.54769     0.00000
     0.00000     0.00000     1.00000
           0           2           7           4
     4.82741     1.81577    -8.51527
    -0.54769     0.83668     0.00000
    -0.83668    -0.54769     0.00000
     0.00000     0.00000     1.00000
           0           2           8           1
     4.27329     2.93352     8.55920
    -0.73038     0.68305     0.00000
    -0.68305    -0.73038     0.00000
     0.00000     0.00000     1.00000
           0           2           8           2
     4.27329     2.93352     2.86720
    -0.73038     0.68305     0.00000
    -0.68305    -0.73038     0.00000
     0.00000     0.00000     1.00000
           0           2           8           3
     4.27329     2.93352    -2.82480
    -0.73038     0.68305     0.00000
    -0.68305    -0.73038     0.00000
     0.00000     0.00000     1.00000
           0           2           8           4
     4.27329     2.93352    -8.51680
    -0.73038     0.68305     0.00000
    -0.68305    -0.73038     0.00000
     0.00000     0.00000     1.00000
           0           2           9           1
     3.41322     3.84993     8.56159
    -0.87236     0.48886     0.00000
    -0.48886    -0.87236     0.00000
     0.00000     0.00000     1.00000
           0           2           9           2
     3.41322     3.84993     2.86959
    -0.87236     0.48886     0.00000
    -0.48886    -0.87236     0.00000
     0.00000     0.00000     1.00000
           0           2           9           3
     3.41322     3.84993    -2.82241
    -0.87236     0.48886     0.00000
    -0.48886    -0.87236     0.00000
     0.00000     0.00000     1.00000
           0           2           9           4
     3.41322     3.84993    -8.51441
    -0.87236     0.48886     0.00000
    -0.48886    -0.87236     0.00000
     0.00000     0.00000     1.00000
           0           2          10           1
     2.35547     4.57308     8.57470
    -0.96544     0.26061     0.00000
    -0.26061    -0.96544     0.00000
     0.00000     0.00000     1.00000
           0           2          10           2
     2.35547     4.57308     2.88270
    -0.96544     0.26061     0.00000
    -0.26061    -0.96544     0.00000
     0.00000     0.00000     1.00000
           0           2          10           3
     2.35547     4.57308    -2.80930
    -0.96544     0.26061     0.00000
    -0.26061    -0.96544     0.00000
     0.00000     0.00000     1.00000
           0           2          10           4
     2.35547     4.57308    -8.50130
    -0.96544     0.26061     0.00000
    -0.26061    -0.96544     0.00000
     0.00000     0.00000     1.00000
           0           2          11           1
    -2.48678     4.53534    -8.58274
     0.95995     0.28016     0.00000
     0.28016    -0.95995     0.00000
     0.00000    -0.00000    -1.00000
           0           2          11           2
    -2.48678     4.53534    -2.89074
     0.95995     0.28016     0.00000
     0.28016    -0.95995     0.00000
     0.00000    -0.00000    -1.00000
           0           2          11           3
    -2.48678     4.53534     2.80126
     0.95995     0.28016     0.00000
     0.28016    -0.95995     0.00000
     0.00000    -0.00000    -1.00000
           0           2          11           4
    -2.48678     4.53534     8.49326
     0.95995     0.28016     0.00000
     0.28016    -0.95995     0.00000
     0.00000    -0.00000    -1.00000
           0           2          12           1
    -3.49839     3.88412    -8.58452
     0.87138     0.49061     0.00000
     0.49061    -0.87138     0.00000
     0.00000    -0.00000    -1.00000
           0           2          12           2
    -3.49839     3.88412    -2.89252
     0.87138     0.49061     0.00000
     0.49061    -0.87138     0.00000
     0.00000    -0.00000    -1.00000
           0           2          12           3
    -3.49839     3.88412     2.79948
     0.87138     0.49061     0.00000
     0.49061    -0.87138     0.00000
     0.00000    -0.00000    -1.00000
           0           2          12           4
    -3.49839     3.88412     8.49148
     0.87138     0.49061     0.00000
     0.49061    -0.87138     0.00000
     0.00000    -0.00000    -1.00000
           0           2          13           1
    -4.30199     2.93410    -8.57590
     0.72909     0.68442     0.00000
     0.68442    -0.72909     0.00000
     0.00000    -0.00000    -1.00000
           0           2          13           2
    -4.30199     2.93410    -2.88390
     0.72909     0.68442     0.00000
     0.68442    -0.72909     0.00000
     0.00000    -0.00000    -1.00000
           0           2          13           3
    -4.30199     2.93410     2.80810
     0.72909     0.68442     0.00000
     0.68442    -0.72909     0.00000
     0.00000    -0.00000    -1.00000
           0           2          13           4
    -4.30199     2.93410     8.50010
     0.72909     0.68442     0.00000
     0.68442    -0.72909     0.00000
     0.00000    -0.00000    -1.00000
           0           2          14           1
    -4.87007     1.86849    -8.56053
     0.55131     0.83430     0.00000
     0.83430    -0.55131     0.00000
     0.00000    -0.00000    -1.00000
           0           2          14           2
    -4.87007     1.86849    -2.86853
     0.55131     0.83430     0.00000
     0.83430    -0.55131     0.00000
     0.00000    -0.00000    -1.00000
           0           2          14           3
    -4.87007     1.86849     2.82347
     0.55131     0.83430     0.00000
     0.83430    -0.55131     0.00000
     0.00000    -0.00000    -1.00000
           0           2          14           4
    -4.87006     1.86849     8.51547
     0.55131     0.83430     0.00000
     0.83430    -0.55131     0.00000
     0.00000    -0.00000    -1.00000
           0           2          15           1
    -5.18532     0.67538    -8.56042
     0.33882     0.94085     0.00000
     0.94085    -0.33882     0.00000
     0.00000    -0.00000    -1.00000
           0           2          15           2
    -5.18532     0.67538    -2.86842
     0.33882     0.94085     0.00000
     0.94085    -0.33882     0.00000
     0.00000    -0.00000    -1.00000
           0           2          15           3
    -5.18532     0.67538     2.82358
     0.33882     0.94085     0.00000
     0.94085    -0.33882     0.00000
     0.00000    -0.00000    -1.00000
           0           2          15           4
    -5.18532     0.67538     8.51558
     0.33882     0.94085     0.00000
     0.94085    -0.33882     0.00000
     0.00000    -0.00000    -1.00000
           0           2          16           1
    -5.17981    -0.55202    -8.55877
     0.10919     0.99402     0.00000
     0.99402    -0.10919     0.00000
     0.00000    -0.00000    -1.00000
           0           2          16           2
    -5.17981    -0.55202    -2.86677
     0.10919     0.99402     0.00000
     0.99402    -0.10919     0.00000
     0.00000    -0.00000    -1.00000
           0           2          16           3
    -5.17981    -0.55202     2.82523
     0.10919     0.99402     0.00000
     0.99402    -0.10919     0.00000
     0.00000    -0.00000    -1.00000
           0           2          16           4
    -5.17981    -0.55202     8.51723
     0.10919     0.99402     0.00000
     0.99402    -0.10919     0.00000
     0.00000    -0.00000    -1.00000
           0           2          17           1
    -4.88172    -1.74510    -8.57040
    -0.12869     0.99168     0.00000
     0.99168     0.12869     0.00000
     0.00000     0.00000    -1.00000
           0           2          17           2
    -4.88172    -1.74510    -2.87840
    -0.12869     0.99168     0.00000
     0.99168     0.12869     0.00000
     0.00000     0.00000    -1.00000
           0           2          17           3
    -4.88172    -1.74510     2.81360
    -0.12869     0.99168     0.00000
     0.99168     0.12869     0.00000
     0.00000     0.00000    -1.00000
           0           2          17           4
    -4.88172    -1.74510     8.50560
    -0.12869     0.99168     0.00000
     0.99168     0.12869     0.00000
     0.00000     0.00000    -1.00000
           0           2          18           1
    -4.34188    -2.84315    -8.56659
    -0.35763     0.93386     0.00000
     0.93386     0.35763     0.00000
     0.00000     0.00000    -1.00000
           0           2          18           2
    -4.34188    -2.84315    -2.87459
    -0.35763     0.93386     0.00000
     0.93386     0.35763     0.00000
     0.00000     0.00000    -1.00000
           0           2          18           3
    -4.34188    -2.84315     2.81741
    -0.35763     0.93386     0.00000
     0.93386     0.35763     0.00000
     0.00000     0.00000    -1.00000
           0           2          18           4
    -4.34188    -2.84315     8.50942
    -0.35763     0.93386     0.00000
     0.93386     0.35763     0.00000
     0.00000     0.00000    -1.00000
           0           2          19           1
    -3.56308    -3.79164    -8.55646
    -0.56591     0.82446     0.00000
     0.82446     0.56591     0.00000
     0.00000     0.00000    -1.00000
           0           2          19           2
    -3.56308    -3.79164    -2.86446
    -0.56591     0.82446     0.00000
     0.82446     0.56591     0.00000
     0.00000     0.00000    -1.00000
           0           2          19           3
    -3.56308    -3.79164     2.82754
    -0.56591     0.82446     0.00000
     0.82446     0.56591     0.00000
     0.00000     0.00000    -1.00000
           0           2          19           4
    -3.56308    -3.79164     8.51954
    -0.56591     0.82446     0.00000
     0.82446     0.56591     0.00000
     0.00000     0.00000    -1.00000
           0           2          20           1
    -2.57214    -4.50564    -8.61594
    -0.74248     0.66987     0.00000
     0.66987     0.74248     0.00000
     0.00000     0.00000    -1.00000
           0           2          20           2
    -2.57213    -4.50564    -2.92394
    -0.74248     0.66987     0.00000
     0.66987     0.74248     0.00000
     0.00000     0.00000    -1.00000
           0           2          20           3
    -2.57213    -4.50564     2.76805
    -0.74248     0.66987     0.00000
     0.66987     0.74248     0.00000
     0.00000     0.00000    -1.00000
           0           2          20           4
    -2.57213    -4.50564     8.46006
    -0.74248     0.66987     0.00000
     0.66987     0.74248     0.00000
     0.00000     0.00000    -1.00000
           0           3           1           1
     5.66601   -10.31071    12.68125
    -0.87765    -0.47930    -0.00000
    -0.47930     0.87765    -0.00000
     0.00000    -0.00000    -1.00000
           0           3           1           2
     5.66601   -10.31071     6.30585
    -0.87765    -0.47930    -0.00000
    -0.47930     0.87765    -0.00000
     0.00000    -0.00000    -1.00000
           0           3           1           3
     5.66601   -10.31071    -0.06955
    -0.87765    -0.47930    -0.00000
    -0.47930     0.87765    -0.00000
     0.00000    -0.00000    -1.00000
           0           3           1           4
     5.66601   -10.31071    -6.44495
    -0.87765    -0.47930    -0.00000
    -0.47930     0.87765    -0.00000
     0.00000    -0.00000    -1.00000
           0           3           1           5
     5.66601   -10.31071   -12.82035
    -0.87765    -0.47930    -0.00000
    -0.47930     0.87765    -0.00000
     0.00000    -0.00000    -1.00000
           0           3           2           1
     7.56091    -7.09936    12.72498
    -0.68833    -0.72540     0.00000
    -0.72540     0.68833     0.00000
    -0.00000     0.00000    -1.00000
           0           3           2           2
     7.56091    -7.09936     6.34957
    -0.68833    -0.72540     0.00000
    -0.72540     0.68833     0.00000
    -0.00000     0.00000    -1.00000
           0           3           2           3
     7.56091    -7.09936    -0.02583
    -0.68833    -0.72540     0.00000
    -0.72540     0.68833     0.00000
    -0.00000     0.00000    -1.00000
           0           3           2           4
     7.56091    -7.09936    -6.40123
    -0.68833    -0.72540     0.00000
    -0.72540     0.68833     0.00000
    -0.00000     0.00000    -1.00000
           0           3           2           5
     7.56091    -7.09936   -12.77662
    -0.68833    -0.72540     0.00000
    -0.72540     0.68833     0.00000
    -0.00000     0.00000    -1.00000
           0           3           3           1
    11.52803    -5.55005    12.72295
    -0.43954    -0.89822     0.00000
    -0.89822     0.43954     0.00000
    -0.00000     0.00000    -1.00000
           0           3           3           2
    11.52803    -5.55005     6.34760
    -0.43954    -0.89822     0.00000
    -0.89822     0.43954     0.00000
    -0.00000     0.00000    -1.00000
           0           3           3           3
    11.52803    -5.55005    -0.02780
    -0.43954    -0.89822     0.00000
    -0.89822     0.43954     0.00000
    -0.00000     0.00000    -1.00000
           0           3           3           4
    11.52803    -5.55005    -6.40320
    -0.43954    -0.89822     0.00000
    -0.89822     0.43954     0.00000
    -0.00000     0.00000    -1.00000
           0           3           3           5
    11.52803    -5.55005   -12.77865
    -0.43954    -0.89822     0.00000
    -0.89822     0.43954     0.00000
    -0.00000     0.00000    -1.00000
           0           3           4           1
    11.60306    -1.99121    12.72305
    -0.17531    -0.98451     0.00000
    -0.98451     0.17531     0.00000
    -0.00000     0.00000    -1.00000
           0           3           4           2
    11.60306    -1.99121     6.34761
    -0.17531    -0.98451     0.00000
    -0.98451     0.17531     0.00000
    -0.00000     0.00000    -1.00000
           0           3           4           3
    11.60306    -1.99121    -0.02779
    -0.17531    -0.98451     0.00000
    -0.98451     0.17531     0.00000
    -0.00000     0.00000    -1.00000
           0           3           4           4
    11.60306    -1.99121    -6.40319
    -0.17531    -0.98451     0.00000
    -0.98451     0.17531     0.00000
    -0.00000     0.00000    -1.00000
           0           3           4           5
    11.60306    -1.99121   -12.77855
    -0.17531    -0.98451     0.00000
    -0.98451     0.17531     0.00000
    -0.00000     0.00000    -1.00000
           0           3           5           1
    10.26705     1.47236    12.72517
     0.13704    -0.99057     0.00000
    -0.99057    -0.13704     0.00000
    -0.00000    -0.00000    -1.00000
           0           3           5           2
    10.26705     1.47236     6.34975
     0.13704    -0.99057     0.00000
    -0.99057    -0.13704     0.00000
    -0.00000    -0.00000    -1.00000
           0           3           5           3
    10.26705     1.47236    -0.02565
     0.13704    -0.99057     0.00000
    -0.99057    -0.13704     0.00000
    -0.00000    -0.00000    -1.00000
           0           3           5           4
    10.26705     1.47236    -6.40105
     0.13704    -0.99057     0.00000
    -0.99057    -0.13704     0.00000
    -0.00000    -0.00000    -1.00000
           0           3           5           5
    10.26705     1.47236   -12.77643
     0.13704    -0.99057     0.00000
    -0.99057    -0.13704     0.00000
    -0.00000    -0.00000    -1.00000
           0           3           6           1
    11.60719     5.50861    12.69023
     0.42364    -0.90583     0.00000
    -0.90583    -0.42364     0.00000
    -0.00000    -0.00000    -1.00000
           0           3           6           2
    11.60719     5.50861     6.31483
     0.42364    -0.90583     0.00000
    -0.90583    -0.42364     0.00000
    -0.00000    -0.00000    -1.00000
           0           3           6           3
    11.60719     5.50861    -0.06057
     0.42364    -0.90583     0.00000
    -0.90583    -0.42364     0.00000
    -0.00000    -0.00000    -1.00000
           0           3           6           4
    11.60719     5.50861    -6.43597
     0.42364    -0.90583     0.00000
    -0.90583    -0.42364     0.00000
    -0.00000    -0.00000    -1.00000
           0           3           6           5
    11.60719     5.50861   -12.81137
     0.42364    -0.90583     0.00000
    -0.90583    -0.42364     0.00000
    -0.00000    -0.00000    -1.00000
           0           3           7           1
     8.76909     7.73266    12.72341
     0.65562    -0.75509     0.00000
    -0.75509    -0.65562     0.00000
    -0.00000    -0.00000    -1.00000
           0           3           7           2
     8.76909     7.73266     6.34800
     0.65562    -0.75509     0.00000
    -0.75509    -0.65562     0.00000
    -0.00000    -0.00000    -1.00000
           0           3           7           3
     8.76909     7.73266    -0.02740
     0.65562    -0.75509     0.00000
    -0.75509    -0.65562     0.00000
    -0.00000    -0.00000    -1.00000
           0           3           7           4
     8.76909     7.73266    -6.40280
     0.65562    -0.75509     0.00000
    -0.75509    -0.65562     0.00000
    -0.00000    -0.00000    -1.00000
           0           3           7           5
     8.76909     7.73266   -12.77819
     0.65562    -0.75509     0.00000
    -0.75509    -0.65562     0.00000
    -0.00000    -0.00000    -1.00000
           0           3           8           1
     5.22443     8.94624    12.68415
     0.85996    -0.51037     0.00000
    -0.51037    -0.85996     0.00000
    -0.00000    -0.00000    -1.00000
           0           3           8           2
     5.22443     8.94624     6.30875
     0.85996    -0.51037     0.00000
    -0.51037    -0.85996     0.00000
    -0.00000    -0.00000    -1.00000
           0           3           8           3
     5.22443     8.94624    -0.06665
     0.85996    -0.51037     0.00000
    -0.51037    -0.85996     0.00000
    -0.00000    -0.00000    -1.00000
           0           3           8           4
     5.22443     8.94624    -6.44205
     0.85996    -0.51037     0.00000
    -0.51037    -0.85996     0.00000
    -0.00000    -0.00000    -1.00000
           0           3           8           5
     5.22443     8.94624   -12.81745
     0.85996    -0.51037     0.00000
    -0.51037    -0.85996     0.00000
    -0.00000    -0.00000    -1.00000
           0           3           9           1
    -5.21195     8.85344   -12.74175
    -0.85731    -0.51481    -0.00000
     0.51481    -0.85731    -0.00000
     0.00000     0.00000     1.00000
           0           3           9           2
    -5.21195     8.85344    -6.36635
    -0.85731    -0.51481    -0.00000
     0.51481    -0.85731    -0.00000
     0.00000     0.00000     1.00000
           0           3           9           3
    -5.21195     8.85344     0.00905
    -0.85731    -0.51481    -0.00000
     0.51481    -0.85731    -0.00000
     0.00000     0.00000     1.00000
           0           3           9           4
    -5.21195     8.85344     6.38445
    -0.85731    -0.51481    -0.00000
     0.51481    -0.85731    -0.00000
     0.00000     0.00000     1.00000
           0           3           9           5
    -5.21195     8.85344    12.75985
    -0.85731    -0.51481    -0.00000
     0.51481    -0.85731    -0.00000
     0.00000     0.00000     1.00000
           0           3          10           1
    -8.81349     7.79343   -12.70616
    -0.65776    -0.75323    -0.00000
     0.75323    -0.65776    -0.00000
     0.00000    -0.00000     1.00000
           0           3          10           2
    -8.81349     7.79343    -6.33076
    -0.65776    -0.75323    -0.00000
     0.75323    -0.65776    -0.00000
     0.00000    -0.00000     1.00000
           0           3          10           3
    -8.81349     7.79343     0.04464
    -0.65776    -0.75323    -0.00000
     0.75323    -0.65776    -0.00000
     0.00000    -0.00000     1.00000
           0           3          10           4
    -8.81349     7.79343     6.42004
    -0.65776    -0.75323    -0.00000
     0.75323    -0.65776    -0.00000
     0.00000    -0.00000     1.00000
           0           3          10           5
    -8.81349     7.79343    12.79544
    -0.65776    -0.75323    -0.00000
     0.75323    -0.65776    -0.00000
     0.00000    -0.00000     1.00000
           0           3          11           1
   -11.56620     5.51846   -12.71735
    -0.42351    -0.90589    -0.00000
     0.90589    -0.42351    -0.00000
     0.00000    -0.00000     1.00000
           0           3          11           2
   -11.56620     5.51846    -6.34190
    -0.42351    -0.90589    -0.00000
     0.90589    -0.42351    -0.00000
     0.00000    -0.00000     1.00000
           0           3          11           3
   -11.56620     5.51846     0.03350
    -0.42351    -0.90589    -0.00000
     0.90589    -0.42351    -0.00000
     0.00000    -0.00000     1.00000
           0           3          11           4
   -11.56620     5.51846     6.40890
    -0.42351    -0.90589    -0.00000
     0.90589    -0.42351    -0.00000
     0.00000    -0.00000     1.00000
           0           3          11           5
   -11.56620     5.51846    12.78435
    -0.42351    -0.90589    -0.00000
     0.90589    -0.42351    -0.00000
     0.00000    -0.00000     1.00000
           0           3          12           1
   -10.25975     1.49111   -12.72003
    -0.13638    -0.99066    -0.00000
     0.99066    -0.13638    -0.00000
     0.00000     0.00000     1.00000
           0           3          12           2
   -10.25975     1.49111    -6.34462
    -0.13638    -0.99066    -0.00000
     0.99066    -0.13638    -0.00000
     0.00000     0.00000     1.00000
           0           3          12           3
   -10.25975     1.49111     0.03078
    -0.13638    -0.99066    -0.00000
     0.99066    -0.13638    -0.00000
     0.00000     0.00000     1.00000
           0           3          12           4
   -10.25975     1.49111     6.40618
    -0.13638    -0.99066    -0.00000
     0.99066    -0.13638    -0.00000
     0.00000     0.00000     1.00000
           0           3          12           5
   -10.25975     1.49111    12.78157
    -0.13638    -0.99066    -0.00000
     0.99066    -0.13638    -0.00000
     0.00000     0.00000     1.00000
           0           3          13           1
   -11.58979    -1.96680   -12.71435
     0.17583    -0.98442    -0.00000
     0.98442     0.17583    -0.00000
     0.00000     0.00000     1.00000
           0           3          13           2
   -11.58979    -1.96680    -6.33900
     0.17583    -0.98442    -0.00000
     0.98442     0.17583    -0.00000
     0.00000     0.00000     1.00000
           0           3          13           3
   -11.58979    -1.96680     0.03640
     0.17583    -0.98442    -0.00000
     0.98442     0.17583    -0.00000
     0.00000     0.00000     1.00000
           0           3          13           4
   -11.58979    -1.96680     6.41180
     0.17583    -0.98442    -0.00000
     0.98442     0.17583    -0.00000
     0.00000     0.00000     1.00000
           0           3          13           5
   -11.58979    -1.96680    12.78725
     0.17583    -0.98442    -0.00000
     0.98442     0.17583    -0.00000
     0.00000     0.00000     1.00000
           0           3          14           1
   -11.57791    -5.56992   -12.69787
     0.44177    -0.89713    -0.00000
     0.89713     0.44177    -0.00000
     0.00000     0.00000     1.00000
           0           3          14           2
   -11.57791    -5.56992    -6.32246
     0.44177    -0.89713    -0.00000
     0.89713     0.44177    -0.00000
     0.00000     0.00000     1.00000
           0           3          14           3
   -11.57791    -5.56992     0.05294
     0.44177    -0.89713    -0.00000
     0.89713     0.44177    -0.00000
     0.00000     0.00000     1.00000
           0           3          14           4
   -11.57791    -5.56992     6.42834
     0.44177    -0.89713    -0.00000
     0.89713     0.44177    -0.00000
     0.00000     0.00000     1.00000
           0           3          14           5
   -11.57791    -5.56992    12.80373
     0.44177    -0.89713    -0.00000
     0.89713     0.44177    -0.00000
     0.00000     0.00000     1.00000
           0           3          15           1
    -7.58441    -7.05739   -12.69041
     0.68956    -0.72423    -0.00000
     0.72423     0.68956    -0.00000
     0.00000     0.00000     1.00000
           0           3          15           2
    -7.58441    -7.05739    -6.31501
     0.68956    -0.72423    -0.00000
     0.72423     0.68956    -0.00000
     0.00000     0.00000     1.00000
           0           3          15           3
    -7.58441    -7.05739     0.06039
     0.68956    -0.72423    -0.00000
     0.72423     0.68956    -0.00000
     0.00000     0.00000     1.00000
           0           3          15           4
    -7.58441    -7.05739     6.43579
     0.68956    -0.72423    -0.00000
     0.72423     0.68956    -0.00000
     0.00000     0.00000     1.00000
           0           3          15           5
    -7.58441    -7.05739    12.81119
     0.68956    -0.72423    -0.00000
     0.72423     0.68956    -0.00000
     0.00000     0.00000     1.00000
           0           3          16           1
    -5.72637   -10.27738   -12.68775
     0.87840    -0.47793    -0.00000
     0.47793     0.87840    -0.00000
     0.00000     0.00000     1.00000
           0           3          16           2
    -5.72637   -10.27738    -6.31235
     0.87840    -0.47793    -0.00000
     0.47793     0.87840    -0.00000
     0.00000     0.00000     1.00000
           0           3          16           3
