 SVX cage parameters:
     2.20000
     0.50000     0.20000
     0.00000
           6
   -40.00000   -26.50000   -26.50000    26.50000    26.50000    40.00000
    53.00000    53.00000    22.00000    22.00000    53.00000    53.00000
     0.00000     0.00000     0.00000
 SVX barrel parameters:
           4
     2.63000     5.13000    11.76500    16.68700     1.21400
     0.00000     0.00000     0.00000     0.00000
           4           4           5           6
     0.69600     0.69600     1.74500     1.74500
     0.01000     0.01000     0.03125     0.03125
     2.83600     2.83600     3.18770     3.18770
     0.01900     0.01900     0.00000     0.00000
     0.00000     0.00000     0.00000     0.00000
    26.70000    13.60000    17.00000    12.00000
   -13.00000   -13.02000     0.00000     0.00000
           2
           5           5
     0.00000   180.00000
           2
          10          10
     0.00000   180.00000
           2
           8           8
     0.00000   180.00000
           2
          12          12
     0.00000   180.00000
 SVX barrel sensor rotation matrices and translation vectors:
           0           1           1           1
     1.63219    -2.05773     8.58331
     0.62726     0.77881     0.00000
    -0.77881     0.62726     0.00000
     0.00000    -0.00000     1.00000
           0           1           1           2
     1.63219    -2.05773     2.89131
     0.62726     0.77881     0.00000
    -0.77881     0.62726     0.00000
     0.00000    -0.00000     1.00000
           0           1           1           3
     1.63219    -2.05773    -2.80069
     0.62726     0.77881     0.00000
    -0.77881     0.62726     0.00000
     0.00000    -0.00000     1.00000
           0           1           1           4
     1.63219    -2.05773    -8.49269
     0.62726     0.77881     0.00000
    -0.77881     0.62726     0.00000
     0.00000    -0.00000     1.00000
           0           1           2           1
     2.35397    -1.16011     8.58619
     0.23568     0.97183     0.00000
    -0.97183     0.23568     0.00000
     0.00000    -0.00000     1.00000
           0           1           2           2
     2.35397    -1.16011     2.89419
     0.23568     0.97183     0.00000
    -0.97183     0.23568     0.00000
     0.00000    -0.00000     1.00000
           0           1           2           3
     2.35397    -1.16011    -2.79781
     0.23568     0.97183     0.00000
    -0.97183     0.23568     0.00000
     0.00000    -0.00000     1.00000
           0           1           2           4
     2.35397    -1.16011    -8.48981
     0.23568     0.97183     0.00000
    -0.97183     0.23568     0.00000
     0.00000    -0.00000     1.00000
           0           1           3           1
     2.61584     0.00907     8.58397
    -0.22032     0.97543     0.00000
    -0.97543    -0.22032     0.00000
     0.00000     0.00000     1.00000
           0           1           3           2
     2.61584     0.00907     2.89197
    -0.22032     0.97543     0.00000
    -0.97543    -0.22032     0.00000
     0.00000     0.00000     1.00000
           0           1           3           3
     2.61584     0.00907    -2.80003
    -0.22032     0.97543     0.00000
    -0.97543    -0.22032     0.00000
     0.00000     0.00000     1.00000
           0           1           3           4
     2.61584     0.00907    -8.49203
    -0.22032     0.97543     0.00000
    -0.97543    -0.22032     0.00000
     0.00000     0.00000     1.00000
           0           1           4           1
     2.30284     1.17743     8.58572
    -0.63300     0.77415     0.00000
    -0.77415    -0.63300     0.00000
     0.00000     0.00000     1.00000
           0           1           4           2
     2.30284     1.17743     2.89372
    -0.63300     0.77415     0.00000
    -0.77415    -0.63300     0.00000
     0.00000     0.00000     1.00000
           0           1           4           3
     2.30284     1.17743    -2.79828
    -0.63300     0.77415     0.00000
    -0.77415    -0.63300     0.00000
     0.00000     0.00000     1.00000
           0           1           4           4
     2.30284     1.17743    -8.49028
    -0.63300     0.77415     0.00000
    -0.77415    -0.63300     0.00000
     0.00000     0.00000     1.00000
           0           1           5           1
     1.50412     2.10638     8.58111
    -0.91425     0.40516     0.00000
    -0.40516    -0.91425     0.00000
     0.00000     0.00000     1.00000
           0           1           5           2
     1.50412     2.10638     2.88911
    -0.91425     0.40516     0.00000
    -0.40516    -0.91425     0.00000
     0.00000     0.00000     1.00000
           0           1           5           3
     1.50412     2.10638    -2.80289
    -0.91425     0.40516     0.00000
    -0.40516    -0.91425     0.00000
     0.00000     0.00000     1.00000
           0           1           5           4
     1.50412     2.10638    -8.49489
    -0.91425     0.40516     0.00000
    -0.40516    -0.91425     0.00000
     0.00000     0.00000     1.00000
           0           1           6           1
    -1.51973     2.14026    -8.57957
     0.92009     0.39171     0.00000
     0.39171    -0.92009     0.00000
     0.00000    -0.00000    -1.00000
           0           1           6           2
    -1.51973     2.14026    -2.88757
     0.92009     0.39171     0.00000
     0.39171    -0.92009     0.00000
     0.00000    -0.00000    -1.00000
           0           1           6           3
    -1.51973     2.14026     2.80443
     0.92009     0.39171     0.00000
     0.39171    -0.92009     0.00000
     0.00000    -0.00000    -1.00000
           0           1           6           4
    -1.51973     2.14026     8.49643
     0.92009     0.39171     0.00000
     0.39171    -0.92009     0.00000
     0.00000    -0.00000    -1.00000
           0           1           7           1
    -2.33812     1.22959    -8.57509
     0.64380     0.76519     0.00000
     0.76519    -0.64380     0.00000
     0.00000    -0.00000    -1.00000
           0           1           7           2
    -2.33812     1.22959    -2.88309
     0.64380     0.76519     0.00000
     0.76519    -0.64380     0.00000
     0.00000    -0.00000    -1.00000
           0           1           7           3
    -2.33812     1.22959     2.80891
     0.64380     0.76519     0.00000
     0.76519    -0.64380     0.00000
     0.00000    -0.00000    -1.00000
           0           1           7           4
    -2.33811     1.22959     8.50091
     0.64380     0.76519     0.00000
     0.76519    -0.64380     0.00000
     0.00000    -0.00000    -1.00000
           0           1           8           1
    -2.65586     0.05255    -8.58527
     0.22938     0.97334     0.00000
     0.97334    -0.22938     0.00000
     0.00000    -0.00000    -1.00000
           0           1           8           2
    -2.65586     0.05255    -2.89327
     0.22938     0.97334     0.00000
     0.97334    -0.22938     0.00000
     0.00000    -0.00000    -1.00000
           0           1           8           3
    -2.65586     0.05255     2.79873
     0.22938     0.97334     0.00000
     0.97334    -0.22938     0.00000
     0.00000    -0.00000    -1.00000
           0           1           8           4
    -2.65586     0.05255     8.49073
     0.22938     0.97334     0.00000
     0.97334    -0.22938     0.00000
     0.00000    -0.00000    -1.00000
           0           1           9           1
    -2.39380    -1.14437    -8.57280
    -0.23817     0.97122     0.00000
     0.97122     0.23817     0.00000
     0.00000     0.00000    -1.00000
           0           1           9           2
    -2.39380    -1.14437    -2.88080
    -0.23817     0.97122     0.00000
     0.97122     0.23817     0.00000
     0.00000     0.00000    -1.00000
           0           1           9           3
    -2.39379    -1.14437     2.81120
    -0.23817     0.97122     0.00000
     0.97122     0.23817     0.00000
     0.00000     0.00000    -1.00000
           0           1           9           4
    -2.39379    -1.14437     8.50320
    -0.23817     0.97122     0.00000
     0.97122     0.23817     0.00000
     0.00000     0.00000    -1.00000
           0           1          10           1
    -1.62949    -2.08257    -8.56719
    -0.64896     0.76083     0.00000
     0.76083     0.64896     0.00000
     0.00000     0.00000    -1.00000
           0           1          10           2
    -1.62949    -2.08257    -2.87519
    -0.64896     0.76083     0.00000
     0.76083     0.64896     0.00000
     0.00000     0.00000    -1.00000
           0           1          10           3
    -1.62949    -2.08257     2.81681
    -0.64896     0.76083     0.00000
     0.76083     0.64896     0.00000
     0.00000     0.00000    -1.00000
           0           1          10           4
    -1.62949    -2.08257     8.50881
    -0.64896     0.76083     0.00000
     0.76083     0.64896     0.00000
     0.00000     0.00000    -1.00000
           0           2           1           1
     2.50308    -4.54045     8.55905
     0.74589     0.66607     0.00000
    -0.66607     0.74589     0.00000
     0.00000     0.00000     1.00000
           0           2           1           2
     2.50308    -4.54045     2.86705
     0.74589     0.66607     0.00000
    -0.66607     0.74589     0.00000
     0.00000     0.00000     1.00000
           0           2           1           3
     2.50308    -4.54045    -2.82495
     0.74589     0.66607     0.00000
    -0.66607     0.74589     0.00000
     0.00000     0.00000     1.00000
           0           2           1           4
     2.50308    -4.54045    -8.51695
     0.74589     0.66607     0.00000
    -0.66607     0.74589     0.00000
     0.00000     0.00000     1.00000
           0           2           2           1
     3.50822    -3.83618     8.56144
     0.57111     0.82087     0.00000
    -0.82087     0.57111     0.00000
     0.00000    -0.00000     1.00000
           0           2           2           2
     3.50822    -3.83618     2.86944
     0.57111     0.82087     0.00000
    -0.82087     0.57111     0.00000
     0.00000    -0.00000     1.00000
           0           2           2           3
     3.50822    -3.83618    -2.82256
     0.57111     0.82087     0.00000
    -0.82087     0.57111     0.00000
     0.00000    -0.00000     1.00000
           0           2           2           4
     3.50822    -3.83618    -8.51456
     0.57111     0.82087     0.00000
    -0.82087     0.57111     0.00000
     0.00000    -0.00000     1.00000
           0           2           3           1
     4.30145    -2.90401     8.56102
     0.36388     0.93145     0.00000
    -0.93145     0.36388     0.00000
     0.00000     0.00000     1.00000
           0           2           3           2
     4.30145    -2.90401     2.86902
     0.36388     0.93145     0.00000
    -0.93145     0.36388     0.00000
     0.00000     0.00000     1.00000
           0           2           3           3
     4.30145    -2.90401    -2.82298
     0.36388     0.93145     0.00000
    -0.93145     0.36388     0.00000
     0.00000     0.00000     1.00000
           0           2           3           4
     4.30145    -2.90401    -8.51498
     0.36388     0.93145     0.00000
    -0.93145     0.36388     0.00000
     0.00000     0.00000     1.00000
           0           2           4           1
     4.87489    -1.79323     8.56483
     0.13073     0.99142     0.00000
    -0.99142     0.13073     0.00000
     0.00000    -0.00000     1.00000
           0           2           4           2
     4.87489    -1.79323     2.87283
     0.13073     0.99142     0.00000
    -0.99142     0.13073     0.00000
     0.00000    -0.00000     1.00000
           0           2           4           3
     4.87489    -1.79323    -2.81917
     0.13073     0.99142     0.00000
    -0.99142     0.13073     0.00000
     0.00000    -0.00000     1.00000
           0           2           4           4
     4.87489    -1.79323    -8.51117
     0.13073     0.99142     0.00000
    -0.99142     0.13073     0.00000
     0.00000    -0.00000     1.00000
           0           2           5           1
     5.17248    -0.59493     8.56332
    -0.10698     0.99426     0.00000
    -0.99426    -0.10698     0.00000
     0.00000     0.00000     1.00000
           0           2           5           2
     5.17248    -0.59493     2.87132
    -0.10698     0.99426     0.00000
    -0.99426    -0.10698     0.00000
     0.00000     0.00000     1.00000
           0           2           5           3
     5.17248    -0.59493    -2.82068
    -0.10698     0.99426     0.00000
    -0.99426    -0.10698     0.00000
     0.00000     0.00000     1.00000
           0           2           5           4
     5.17248    -0.59493    -8.51268
    -0.10698     0.99426     0.00000
    -0.99426    -0.10698     0.00000
     0.00000     0.00000     1.00000
           0           2           6           1
     5.14808     0.62931     8.56116
    -0.33637     0.94173     0.00000
    -0.94173    -0.33637     0.00000
     0.00000     0.00000     1.00000
           0           2           6           2
     5.14808     0.62931     2.86915
    -0.33637     0.94173     0.00000
    -0.94173    -0.33637     0.00000
     0.00000     0.00000     1.00000
           0           2           6           3
     5.14808     0.62931    -2.82284
    -0.33637     0.94173     0.00000
    -0.94173    -0.33637     0.00000
     0.00000     0.00000     1.00000
           0           2           6           4
     5.14808     0.62931    -8.51484
    -0.33637     0.94173     0.00000
    -0.94173    -0.33637     0.00000
     0.00000     0.00000     1.00000
           0           2           7           1
     4.82660     1.81792     8.56210
    -0.54806     0.83644     0.00000
    -0.83644    -0.54806     0.00000
     0.00000     0.00000     1.00000
           0           2           7           2
     4.82660     1.81792     2.87010
    -0.54806     0.83644     0.00000
    -0.83644    -0.54806     0.00000
     0.00000     0.00000     1.00000
           0           2           7           3
     4.82660     1.81792    -2.82190
    -0.54806     0.83644     0.00000
    -0.83644    -0.54806     0.00000
     0.00000     0.00000     1.00000
           0           2           7           4
     4.82660     1.81792    -8.51390
    -0.54806     0.83644     0.00000
    -0.83644    -0.54806     0.00000
     0.00000     0.00000     1.00000
           0           2           8           1
     4.27344     2.93330     8.55780
    -0.73034     0.68308     0.00000
    -0.68308    -0.73034     0.00000
     0.00000     0.00000     1.00000
           0           2           8           2
     4.27344     2.93330     2.86580
    -0.73034     0.68308     0.00000
    -0.68308    -0.73034     0.00000
     0.00000     0.00000     1.00000
           0           2           8           3
     4.27344     2.93330    -2.82620
    -0.73034     0.68308     0.00000
    -0.68308    -0.73034     0.00000
     0.00000     0.00000     1.00000
           0           2           8           4
     4.27344     2.93330    -8.51820
    -0.73034     0.68308     0.00000
    -0.68308    -0.73034     0.00000
     0.00000     0.00000     1.00000
           0           2           9           1
     3.41388     3.84934     8.56205
    -0.87228     0.48901     0.00000
    -0.48901    -0.87228     0.00000
     0.00000     0.00000     1.00000
           0           2           9           2
     3.41388     3.84934     2.87005
    -0.87228     0.48901     0.00000
    -0.48901    -0.87228     0.00000
     0.00000     0.00000     1.00000
           0           2           9           3
     3.41388     3.84934    -2.82195
    -0.87228     0.48901     0.00000
    -0.48901    -0.87228     0.00000
     0.00000     0.00000     1.00000
           0           2           9           4
     3.41388     3.84934    -8.51395
    -0.87228     0.48901     0.00000
    -0.48901    -0.87228     0.00000
     0.00000     0.00000     1.00000
           0           2          10           1
     2.35240     4.57466     8.57529
    -0.96562     0.25997     0.00000
    -0.25997    -0.96562     0.00000
     0.00000     0.00000     1.00000
           0           2          10           2
     2.35240     4.57466     2.88329
    -0.96562     0.25997     0.00000
    -0.25997    -0.96562     0.00000
     0.00000     0.00000     1.00000
           0           2          10           3
     2.35240     4.57466    -2.80871
    -0.96562     0.25997     0.00000
    -0.25997    -0.96562     0.00000
     0.00000     0.00000     1.00000
           0           2          10           4
     2.35240     4.57466    -8.50071
    -0.96562     0.25997     0.00000
    -0.25997    -0.96562     0.00000
     0.00000     0.00000     1.00000
           0           2          11           1
    -2.48695     4.53524    -8.58277
     0.95994     0.28020     0.00000
     0.28020    -0.95994     0.00000
     0.00000    -0.00000    -1.00000
           0           2          11           2
    -2.48695     4.53524    -2.89077
     0.95994     0.28020     0.00000
     0.28020    -0.95994     0.00000
     0.00000    -0.00000    -1.00000
           0           2          11           3
    -2.48695     4.53524     2.80123
     0.95994     0.28020     0.00000
     0.28020    -0.95994     0.00000
     0.00000    -0.00000    -1.00000
           0           2          11           4
    -2.48695     4.53524     8.49323
     0.95994     0.28020     0.00000
     0.28020    -0.95994     0.00000
     0.00000    -0.00000    -1.00000
           0           2          12           1
    -3.49839     3.88412    -8.58452
     0.87138     0.49061     0.00000
     0.49061    -0.87138     0.00000
     0.00000    -0.00000    -1.00000
           0           2          12           2
    -3.49839     3.88412    -2.89252
     0.87138     0.49061     0.00000
     0.49061    -0.87138     0.00000
     0.00000    -0.00000    -1.00000
           0           2          12           3
    -3.49839     3.88412     2.79948
     0.87138     0.49061     0.00000
     0.49061    -0.87138     0.00000
     0.00000    -0.00000    -1.00000
           0           2          12           4
    -3.49839     3.88412     8.49148
     0.87138     0.49061     0.00000
     0.49061    -0.87138     0.00000
     0.00000    -0.00000    -1.00000
           0           2          13           1
    -4.30310     2.93249    -8.57594
     0.72883     0.68470     0.00000
     0.68470    -0.72883     0.00000
     0.00000    -0.00000    -1.00000
           0           2          13           2
    -4.30310     2.93249    -2.88394
     0.72883     0.68470     0.00000
     0.68470    -0.72883     0.00000
     0.00000    -0.00000    -1.00000
           0           2          13           3
    -4.30310     2.93249     2.80806
     0.72883     0.68470     0.00000
     0.68470    -0.72883     0.00000
     0.00000    -0.00000    -1.00000
           0           2          13           4
    -4.30310     2.93249     8.50006
     0.72883     0.68470     0.00000
     0.68470    -0.72883     0.00000
     0.00000    -0.00000    -1.00000
           0           2          14           1
    -4.87088     1.86638    -8.55736
     0.55095     0.83454     0.00000
     0.83454    -0.55095     0.00000
     0.00000    -0.00000    -1.00000
           0           2          14           2
    -4.87088     1.86638    -2.86536
     0.55095     0.83454     0.00000
     0.83454    -0.55095     0.00000
     0.00000    -0.00000    -1.00000
           0           2          14           3
    -4.87088     1.86638     2.82664
     0.55095     0.83454     0.00000
     0.83454    -0.55095     0.00000
     0.00000    -0.00000    -1.00000
           0           2          14           4
    -4.87087     1.86638     8.51864
     0.55095     0.83454     0.00000
     0.83454    -0.55095     0.00000
     0.00000    -0.00000    -1.00000
           0           2          15           1
    -5.18563     0.67298    -8.55850
     0.33838     0.94101     0.00000
     0.94101    -0.33838     0.00000
     0.00000    -0.00000    -1.00000
           0           2          15           2
    -5.18563     0.67298    -2.86650
     0.33838     0.94101     0.00000
     0.94101    -0.33838     0.00000
     0.00000    -0.00000    -1.00000
           0           2          15           3
    -5.18563     0.67298     2.82550
     0.33838     0.94101     0.00000
     0.94101    -0.33838     0.00000
     0.00000    -0.00000    -1.00000
           0           2          15           4
    -5.18563     0.67298     8.51750
     0.33838     0.94101     0.00000
     0.94101    -0.33838     0.00000
     0.00000    -0.00000    -1.00000
           0           2          16           1
    -5.17980    -0.55208    -8.55770
     0.10917     0.99402     0.00000
     0.99402    -0.10917     0.00000
     0.00000    -0.00000    -1.00000
           0           2          16           2
    -5.17980    -0.55208    -2.86570
     0.10917     0.99402     0.00000
     0.99402    -0.10917     0.00000
     0.00000    -0.00000    -1.00000
           0           2          16           3
    -5.17980    -0.55208     2.82630
     0.10917     0.99402     0.00000
     0.99402    -0.10917     0.00000
     0.00000    -0.00000    -1.00000
           0           2          16           4
    -5.17980    -0.55208     8.51830
     0.10917     0.99402     0.00000
     0.99402    -0.10917     0.00000
     0.00000    -0.00000    -1.00000
           0           2          17           1
    -4.88173    -1.74508    -8.56990
    -0.12869     0.99168     0.00000
     0.99168     0.12869     0.00000
     0.00000     0.00000    -1.00000
           0           2          17           2
    -4.88173    -1.74508    -2.87790
    -0.12869     0.99168     0.00000
     0.99168     0.12869     0.00000
     0.00000     0.00000    -1.00000
           0           2          17           3
    -4.88173    -1.74508     2.81410
    -0.12869     0.99168     0.00000
     0.99168     0.12869     0.00000
     0.00000     0.00000    -1.00000
           0           2          17           4
    -4.88173    -1.74508     8.50610
    -0.12869     0.99168     0.00000
     0.99168     0.12869     0.00000
     0.00000     0.00000    -1.00000
           0           2          18           1
    -4.34078    -2.84482    -8.56719
    -0.35799     0.93372     0.00000
     0.93372     0.35799     0.00000
     0.00000     0.00000    -1.00000
           0           2          18           2
    -4.34078    -2.84482    -2.87519
    -0.35799     0.93372     0.00000
     0.93372     0.35799     0.00000
     0.00000     0.00000    -1.00000
           0           2          18           3
    -4.34078    -2.84482     2.81681
    -0.35799     0.93372     0.00000
     0.93372     0.35799     0.00000
     0.00000     0.00000    -1.00000
           0           2          18           4
    -4.34078    -2.84482     8.50882
    -0.35799     0.93372     0.00000
     0.93372     0.35799     0.00000
     0.00000     0.00000    -1.00000
           0           2          19           1
    -3.56190    -3.79273    -8.55667
    -0.56617     0.82429     0.00000
     0.82429     0.56617     0.00000
     0.00000     0.00000    -1.00000
           0           2          19           2
    -3.56190    -3.79273    -2.86467
    -0.56617     0.82429     0.00000
     0.82429     0.56617     0.00000
     0.00000     0.00000    -1.00000
           0           2          19           3
    -3.56190    -3.79273     2.82733
    -0.56617     0.82429     0.00000
     0.82429     0.56617     0.00000
     0.00000     0.00000    -1.00000
           0           2          19           4
    -3.56190    -3.79273     8.51933
    -0.56617     0.82429     0.00000
     0.82429     0.56617     0.00000
     0.00000     0.00000    -1.00000
           0           2          20           1
    -2.57300    -4.50515    -8.61726
    -0.74235     0.67001     0.00000
     0.67001     0.74235     0.00000
     0.00000     0.00000    -1.00000
           0           2          20           2
    -2.57299    -4.50515    -2.92526
    -0.74235     0.67001     0.00000
     0.67001     0.74235     0.00000
     0.00000     0.00000    -1.00000
           0           2          20           3
    -2.57299    -4.50515     2.76673
    -0.74235     0.67001     0.00000
     0.67001     0.74235     0.00000
     0.00000     0.00000    -1.00000
           0           2          20           4
    -2.57299    -4.50515     8.45874
    -0.74235     0.67001     0.00000
     0.67001     0.74235     0.00000
     0.00000     0.00000    -1.00000
           0           3           1           1
     5.66725   -10.31003    12.68174
    -0.87760    -0.47940    -0.00000
    -0.47940     0.87760    -0.00000
     0.00000    -0.00000    -1.00000
           0           3           1           2
     5.66725   -10.31003     6.30633
    -0.87760    -0.47940    -0.00000
    -0.47940     0.87760    -0.00000
     0.00000    -0.00000    -1.00000
           0           3           1           3
     5.66725   -10.31003    -0.06907
    -0.87760    -0.47940    -0.00000
    -0.47940     0.87760    -0.00000
     0.00000    -0.00000    -1.00000
           0           3           1           4
     5.66725   -10.31003    -6.44447
    -0.87760    -0.47940    -0.00000
    -0.47940     0.87760    -0.00000
     0.00000    -0.00000    -1.00000
           0           3           1           5
     5.66725   -10.31003   -12.81987
    -0.87760    -0.47940    -0.00000
    -0.47940     0.87760    -0.00000
     0.00000    -0.00000    -1.00000
           0           3           2           1
     7.56478    -7.09523    12.72792
    -0.68793    -0.72577     0.00000
    -0.72577     0.68793     0.00000
    -0.00000     0.00000    -1.00000
           0           3           2           2
     7.56478    -7.09523     6.35251
    -0.68793    -0.72577     0.00000
    -0.72577     0.68793     0.00000
    -0.00000     0.00000    -1.00000
           0           3           2           3
     7.56478    -7.09523    -0.02289
    -0.68793    -0.72577     0.00000
    -0.72577     0.68793     0.00000
    -0.00000     0.00000    -1.00000
           0           3           2           4
     7.56478    -7.09523    -6.39829
    -0.68793    -0.72577     0.00000
    -0.72577     0.68793     0.00000
    -0.00000     0.00000    -1.00000
           0           3           2           5
     7.56478    -7.09523   -12.77368
    -0.68793    -0.72577     0.00000
    -0.72577     0.68793     0.00000
    -0.00000     0.00000    -1.00000
           0           3           3           1
    11.52528    -5.55577    12.72506
    -0.43999    -0.89800     0.00000
    -0.89800     0.43999     0.00000
    -0.00000     0.00000    -1.00000
           0           3           3           2
    11.52528    -5.55577     6.34971
    -0.43999    -0.89800     0.00000
    -0.89800     0.43999     0.00000
    -0.00000     0.00000    -1.00000
           0           3           3           3
    11.52528    -5.55577    -0.02569
    -0.43999    -0.89800     0.00000
    -0.89800     0.43999     0.00000
    -0.00000     0.00000    -1.00000
           0           3           3           4
    11.52528    -5.55577    -6.40109
    -0.43999    -0.89800     0.00000
    -0.89800     0.43999     0.00000
    -0.00000     0.00000    -1.00000
           0           3           3           5
    11.52528    -5.55577   -12.77654
    -0.43999    -0.89800     0.00000
    -0.89800     0.43999     0.00000
    -0.00000     0.00000    -1.00000
           0           3           4           1
    11.60283    -1.99253    12.72613
    -0.17542    -0.98449     0.00000
    -0.98449     0.17542     0.00000
    -0.00000     0.00000    -1.00000
           0           3           4           2
    11.60283    -1.99253     6.35069
    -0.17542    -0.98449     0.00000
    -0.98449     0.17542     0.00000
    -0.00000     0.00000    -1.00000
           0           3           4           3
    11.60283    -1.99253    -0.02471
    -0.17542    -0.98449     0.00000
    -0.98449     0.17542     0.00000
    -0.00000     0.00000    -1.00000
           0           3           4           4
    11.60283    -1.99253    -6.40011
    -0.17542    -0.98449     0.00000
    -0.98449     0.17542     0.00000
    -0.00000     0.00000    -1.00000
           0           3           4           5
    11.60283    -1.99253   -12.77547
    -0.17542    -0.98449     0.00000
    -0.98449     0.17542     0.00000
    -0.00000     0.00000    -1.00000
           0           3           5           1
    10.26645     1.47651    12.72762
     0.13744    -0.99051     0.00000
    -0.99051    -0.13744     0.00000
    -0.00000    -0.00000    -1.00000
           0           3           5           2
    10.26645     1.47651     6.35220
     0.13744    -0.99051     0.00000
    -0.99051    -0.13744     0.00000
    -0.00000    -0.00000    -1.00000
           0           3           5           3
    10.26645     1.47651    -0.02320
     0.13744    -0.99051     0.00000
    -0.99051    -0.13744     0.00000
    -0.00000    -0.00000    -1.00000
           0           3           5           4
    10.26645     1.47651    -6.39860
     0.13744    -0.99051     0.00000
    -0.99051    -0.13744     0.00000
    -0.00000    -0.00000    -1.00000
           0           3           5           5
    10.26645     1.47651   -12.77398
     0.13744    -0.99051     0.00000
    -0.99051    -0.13744     0.00000
    -0.00000    -0.00000    -1.00000
           0           3           6           1
    11.60579     5.51155    12.68945
     0.42387    -0.90572     0.00000
    -0.90572    -0.42387     0.00000
    -0.00000    -0.00000    -1.00000
           0           3           6           2
    11.60579     5.51155     6.31405
     0.42387    -0.90572     0.00000
    -0.90572    -0.42387     0.00000
    -0.00000    -0.00000    -1.00000
           0           3           6           3
    11.60579     5.51155    -0.06135
     0.42387    -0.90572     0.00000
    -0.90572    -0.42387     0.00000
    -0.00000    -0.00000    -1.00000
           0           3           6           4
    11.60579     5.51155    -6.43675
     0.42387    -0.90572     0.00000
    -0.90572    -0.42387     0.00000
    -0.00000    -0.00000    -1.00000
           0           3           6           5
    11.60579     5.51155   -12.81215
     0.42387    -0.90572     0.00000
    -0.90572    -0.42387     0.00000
    -0.00000    -0.00000    -1.00000
           0           3           7           1
     8.76557     7.73665    12.71972
     0.65596    -0.75480     0.00000
    -0.75480    -0.65596     0.00000
    -0.00000    -0.00000    -1.00000
           0           3           7           2
     8.76557     7.73665     6.34431
     0.65596    -0.75480     0.00000
    -0.75480    -0.65596     0.00000
    -0.00000    -0.00000    -1.00000
           0           3           7           3
     8.76557     7.73665    -0.03109
     0.65596    -0.75480     0.00000
    -0.75480    -0.65596     0.00000
    -0.00000    -0.00000    -1.00000
           0           3           7           4
     8.76557     7.73665    -6.40649
     0.65596    -0.75480     0.00000
    -0.75480    -0.65596     0.00000
    -0.00000    -0.00000    -1.00000
           0           3           7           5
     8.76557     7.73665   -12.78188
     0.65596    -0.75480     0.00000
    -0.75480    -0.65596     0.00000
    -0.00000    -0.00000    -1.00000
           0           3           8           1
     5.23744     8.93863    12.67909
     0.85921    -0.51162     0.00000
    -0.51162    -0.85921     0.00000
    -0.00000    -0.00000    -1.00000
           0           3           8           2
     5.23744     8.93863     6.30369
     0.85921    -0.51162     0.00000
    -0.51162    -0.85921     0.00000
    -0.00000    -0.00000    -1.00000
           0           3           8           3
     5.23744     8.93863    -0.07171
     0.85921    -0.51162     0.00000
    -0.51162    -0.85921     0.00000
    -0.00000    -0.00000    -1.00000
           0           3           8           4
     5.23744     8.93863    -6.44711
     0.85921    -0.51162     0.00000
    -0.51162    -0.85921     0.00000
    -0.00000    -0.00000    -1.00000
           0           3           8           5
     5.23744     8.93863   -12.82251
     0.85921    -0.51162     0.00000
    -0.51162    -0.85921     0.00000
    -0.00000    -0.00000    -1.00000
           0           3           9           1
    -5.19871     8.86122   -12.74791
    -0.85808    -0.51352    -0.00000
     0.51352    -0.85808    -0.00000
     0.00000    -0.00000     1.00000
           0           3           9           2
    -5.19871     8.86122    -6.37251
    -0.85808    -0.51352    -0.00000
     0.51352    -0.85808    -0.00000
     0.00000    -0.00000     1.00000
           0           3           9           3
    -5.19871     8.86122     0.00289
    -0.85808    -0.51352    -0.00000
     0.51352    -0.85808    -0.00000
     0.00000    -0.00000     1.00000
           0           3           9           4
    -5.19871     8.86122     6.37829
    -0.85808    -0.51352    -0.00000
     0.51352    -0.85808    -0.00000
     0.00000    -0.00000     1.00000
           0           3           9           5
    -5.19871     8.86122    12.75369
    -0.85808    -0.51352    -0.00000
     0.51352    -0.85808    -0.00000
     0.00000    -0.00000     1.00000
           0           3          10           1
    -8.81875     7.78748   -12.70420
    -0.65725    -0.75367    -0.00000
     0.75367    -0.65725    -0.00000
     0.00000     0.00000     1.00000
           0           3          10           2
    -8.81875     7.78748    -6.32880
    -0.65725    -0.75367    -0.00000
     0.75367    -0.65725    -0.00000
     0.00000     0.00000     1.00000
           0           3          10           3
    -8.81875     7.78748     0.04660
    -0.65725    -0.75367    -0.00000
     0.75367    -0.65725    -0.00000
     0.00000     0.00000     1.00000
           0           3          10           4
    -8.81875     7.78748     6.42200
    -0.65725    -0.75367    -0.00000
     0.75367    -0.65725    -0.00000
     0.00000     0.00000     1.00000
           0           3          10           5
    -8.81875     7.78748    12.79740
    -0.65725    -0.75367    -0.00000
     0.75367    -0.65725    -0.00000
     0.00000     0.00000     1.00000
           0           3          11           1
   -11.56586     5.51919   -12.72085
    -0.42356    -0.90587    -0.00000
     0.90587    -0.42356    -0.00000
     0.00000     0.00000     1.00000
           0           3          11           2
   -11.56586     5.51919    -6.34540
    -0.42356    -0.90587    -0.00000
     0.90587    -0.42356    -0.00000
     0.00000     0.00000     1.00000
           0           3          11           3
   -11.56586     5.51919     0.03000
    -0.42356    -0.90587    -0.00000
     0.90587    -0.42356    -0.00000
     0.00000     0.00000     1.00000
           0           3          11           4
   -11.56586     5.51919     6.40540
    -0.42356    -0.90587    -0.00000
     0.90587    -0.42356    -0.00000
     0.00000     0.00000     1.00000
           0           3          11           5
   -11.56586     5.51919    12.78085
    -0.42356    -0.90587    -0.00000
     0.90587    -0.42356    -0.00000
     0.00000     0.00000     1.00000
           0           3          12           1
   -10.25920     1.49487   -12.72169
    -0.13674    -0.99061    -0.00000
     0.99061    -0.13674    -0.00000
     0.00000    -0.00000     1.00000
           0           3          12           2
   -10.25920     1.49487    -6.34628
    -0.13674    -0.99061    -0.00000
     0.99061    -0.13674    -0.00000
     0.00000    -0.00000     1.00000
           0           3          12           3
   -10.25920     1.49487     0.02912
    -0.13674    -0.99061    -0.00000
     0.99061    -0.13674    -0.00000
     0.00000    -0.00000     1.00000
           0           3          12           4
   -10.25920     1.49487     6.40452
    -0.13674    -0.99061    -0.00000
     0.99061    -0.13674    -0.00000
     0.00000    -0.00000     1.00000
           0           3          12           5
   -10.25920     1.49487    12.77991
    -0.13674    -0.99061    -0.00000
     0.99061    -0.13674    -0.00000
     0.00000    -0.00000     1.00000
           0           3          13           1
   -11.58994    -1.96591   -12.71503
     0.17576    -0.98443    -0.00000
     0.98443     0.17576    -0.00000
     0.00000     0.00000     1.00000
           0           3          13           2
   -11.58994    -1.96591    -6.33968
     0.17576    -0.98443    -0.00000
     0.98443     0.17576    -0.00000
     0.00000     0.00000     1.00000
           0           3          13           3
   -11.58994    -1.96591     0.03572
     0.17576    -0.98443    -0.00000
     0.98443     0.17576    -0.00000
     0.00000     0.00000     1.00000
           0           3          13           4
   -11.58994    -1.96591     6.41112
     0.17576    -0.98443    -0.00000
     0.98443     0.17576    -0.00000
     0.00000     0.00000     1.00000
           0           3          13           5
   -11.58994    -1.96591    12.78657
     0.17576    -0.98443    -0.00000
     0.98443     0.17576    -0.00000
     0.00000     0.00000     1.00000
           0           3          14           1
   -11.57762    -5.57052   -12.69435
     0.44182    -0.89710    -0.00000
     0.89710     0.44182    -0.00000
     0.00000     0.00000     1.00000
           0           3          14           2
   -11.57762    -5.57052    -6.31895
     0.44182    -0.89710    -0.00000
     0.89710     0.44182    -0.00000
     0.00000     0.00000     1.00000
           0           3          14           3
   -11.57762    -5.57052     0.05645
     0.44182    -0.89710    -0.00000
     0.89710     0.44182    -0.00000
     0.00000     0.00000     1.00000
           0           3          14           4
   -11.57762    -5.57052     6.43185
     0.44182    -0.89710    -0.00000
     0.89710     0.44182    -0.00000
     0.00000     0.00000     1.00000
           0           3          14           5
   -11.57762    -5.57052    12.80725
     0.44182    -0.89710    -0.00000
     0.89710     0.44182    -0.00000
     0.00000     0.00000     1.00000
           0           3          15           1
    -7.58443    -7.05737   -12.68905
     0.68956    -0.72423    -0.00000
     0.72423     0.68956    -0.00000
     0.00000     0.00000     1.00000
           0           3          15           2
    -7.58443    -7.05737    -6.31365
     0.68956    -0.72423    -0.00000
     0.72423     0.68956    -0.00000
     0.00000     0.00000     1.00000
           0           3          15           3
    -7.58443    -7.05737     0.06175
     0.68956    -0.72423    -0.00000
     0.72423     0.68956    -0.00000
     0.00000     0.00000     1.00000
           0           3          15           4
    -7.58443    -7.05737     6.43715
     0.68956    -0.72423    -0.00000
     0.72423     0.68956    -0.00000
     0.00000     0.00000     1.00000
           0           3          15           5
    -7.58443    -7.05737    12.81255
     0.68956    -0.72423    -0.00000
     0.72423     0.68956    -0.00000
     0.00000     0.00000     1.00000
           0           3          16           1
    -5.72538   -10.27792   -12.68687
     0.87844    -0.47785    -0.00000
     0.47785     0.87844    -0.00000
     0.00000     0.00000     1.00000
           0           3          16           2
    -5.72538   -10.27792    -6.31147
     0.87844    -0.47785    -0.00000
     0.47785     0.87844    -0.00000
     0.00000     0.00000     1.00000
           0           3          16           3
