 SVX cage parameters:
     2.20000
     0.50000     0.20000
     0.00000
           6
   -40.00000   -26.50000   -26.50000    26.50000    26.50000    40.00000
    53.00000    53.00000    22.00000    22.00000    53.00000    53.00000
     0.00000     0.00000     0.00000
 SVX barrel parameters:
           4
     2.63000     5.13000    11.76500    16.68700     1.21400
     0.00000     0.00000     0.00000     0.00000
           4           4           5           6
     0.69600     0.69600     1.74500     1.74500
     0.01000     0.01000     0.03125     0.03125
     2.83600     2.83600     3.18770     3.18770
     0.01900     0.01900     0.00000     0.00000
     0.00000     0.00000     0.00000     0.00000
    26.70000    13.60000    17.00000    12.00000
   -13.00000   -13.02000     0.00000     0.00000
           2
           5           5
     0.00000   180.00000
           2
          10          10
     0.00000   180.00000
           2
           8           8
     0.00000   180.00000
           2
          12          12
     0.00000   180.00000
 SVX barrel sensor rotation matrices and translation vectors:
           0           1           1           1
     1.63018    -2.05932     8.58331
     0.62802     0.77820     0.00000
    -0.77820     0.62802     0.00000
     0.00000    -0.00000     1.00000
           0           1           1           2
     1.63018    -2.05932     2.89131
     0.62802     0.77820     0.00000
    -0.77820     0.62802     0.00000
     0.00000    -0.00000     1.00000
           0           1           1           3
     1.63018    -2.05932    -2.80069
     0.62802     0.77820     0.00000
    -0.77820     0.62802     0.00000
     0.00000    -0.00000     1.00000
           0           1           1           4
     1.63018    -2.05932    -8.49269
     0.62802     0.77820     0.00000
    -0.77820     0.62802     0.00000
     0.00000    -0.00000     1.00000
           0           1           2           1
     2.34689    -1.17436     8.57924
     0.24157     0.97038     0.00000
    -0.97038     0.24157     0.00000
     0.00000    -0.00000     1.00000
           0           1           2           2
     2.34689    -1.17436     2.88724
     0.24157     0.97038     0.00000
    -0.97038     0.24157     0.00000
     0.00000    -0.00000     1.00000
           0           1           2           3
     2.34689    -1.17436    -2.80476
     0.24157     0.97038     0.00000
    -0.97038     0.24157     0.00000
     0.00000    -0.00000     1.00000
           0           1           2           4
     2.34689    -1.17436    -8.49676
     0.24157     0.97038     0.00000
    -0.97038     0.24157     0.00000
     0.00000    -0.00000     1.00000
           0           1           3           1
     2.61584     0.01055     8.57803
    -0.22088     0.97530     0.00000
    -0.97530    -0.22088     0.00000
     0.00000     0.00000     1.00000
           0           1           3           2
     2.61584     0.01055     2.88603
    -0.22088     0.97530     0.00000
    -0.97530    -0.22088     0.00000
     0.00000     0.00000     1.00000
           0           1           3           3
     2.61584     0.01055    -2.80597
    -0.22088     0.97530     0.00000
    -0.97530    -0.22088     0.00000
     0.00000     0.00000     1.00000
           0           1           3           4
     2.61584     0.01055    -8.49797
    -0.22088     0.97530     0.00000
    -0.97530    -0.22088     0.00000
     0.00000     0.00000     1.00000
           0           1           4           1
     2.29840     1.18607     8.58452
    -0.63590     0.77177     0.00000
    -0.77177    -0.63590     0.00000
     0.00000     0.00000     1.00000
           0           1           4           2
     2.29840     1.18607     2.89252
    -0.63590     0.77177     0.00000
    -0.77177    -0.63590     0.00000
     0.00000     0.00000     1.00000
           0           1           4           3
     2.29840     1.18607    -2.79948
    -0.63590     0.77177     0.00000
    -0.77177    -0.63590     0.00000
     0.00000     0.00000     1.00000
           0           1           4           4
     2.29840     1.18607    -8.49148
    -0.63590     0.77177     0.00000
    -0.77177    -0.63590     0.00000
     0.00000     0.00000     1.00000
           0           1           5           1
     1.49738     2.11118     8.58245
    -0.91554     0.40223     0.00000
    -0.40223    -0.91554     0.00000
     0.00000     0.00000     1.00000
           0           1           5           2
     1.49738     2.11118     2.89045
    -0.91554     0.40223     0.00000
    -0.40223    -0.91554     0.00000
     0.00000     0.00000     1.00000
           0           1           5           3
     1.49738     2.11118    -2.80155
    -0.91554     0.40223     0.00000
    -0.40223    -0.91554     0.00000
     0.00000     0.00000     1.00000
           0           1           5           4
     1.49738     2.11118    -8.49355
    -0.91554     0.40223     0.00000
    -0.40223    -0.91554     0.00000
     0.00000     0.00000     1.00000
           0           1           6           1
    -1.52580     2.13593    -8.58165
     0.91897     0.39432     0.00000
     0.39432    -0.91897     0.00000
     0.00000    -0.00000    -1.00000
           0           1           6           2
    -1.52580     2.13593    -2.88965
     0.91897     0.39432     0.00000
     0.39432    -0.91897     0.00000
     0.00000    -0.00000    -1.00000
           0           1           6           3
    -1.52580     2.13593     2.80235
     0.91897     0.39432     0.00000
     0.39432    -0.91897     0.00000
     0.00000    -0.00000    -1.00000
           0           1           6           4
    -1.52580     2.13593     8.49435
     0.91897     0.39432     0.00000
     0.39432    -0.91897     0.00000
     0.00000    -0.00000    -1.00000
           0           1           7           1
    -2.34276     1.22072    -8.57987
     0.64090     0.76763     0.00000
     0.76763    -0.64090     0.00000
     0.00000    -0.00000    -1.00000
           0           1           7           2
    -2.34276     1.22072    -2.88787
     0.64090     0.76763     0.00000
     0.76763    -0.64090     0.00000
     0.00000    -0.00000    -1.00000
           0           1           7           3
    -2.34276     1.22072     2.80413
     0.64090     0.76763     0.00000
     0.76763    -0.64090     0.00000
     0.00000    -0.00000    -1.00000
           0           1           7           4
    -2.34275     1.22072     8.49613
     0.64090     0.76763     0.00000
     0.76763    -0.64090     0.00000
     0.00000    -0.00000    -1.00000
           0           1           8           1
    -2.65592     0.04929    -8.59190
     0.22818     0.97362     0.00000
     0.97362    -0.22818     0.00000
     0.00000    -0.00000    -1.00000
           0           1           8           2
    -2.65592     0.04929    -2.89990
     0.22818     0.97362     0.00000
     0.97362    -0.22818     0.00000
     0.00000    -0.00000    -1.00000
           0           1           8           3
    -2.65592     0.04929     2.79210
     0.22818     0.97362     0.00000
     0.97362    -0.22818     0.00000
     0.00000    -0.00000    -1.00000
           0           1           8           4
    -2.65592     0.04929     8.48410
     0.22818     0.97362     0.00000
     0.97362    -0.22818     0.00000
     0.00000    -0.00000    -1.00000
           0           1           9           1
    -2.39441    -1.14308    -8.57533
    -0.23765     0.97135     0.00000
     0.97135     0.23765     0.00000
     0.00000     0.00000    -1.00000
           0           1           9           2
    -2.39441    -1.14308    -2.88333
    -0.23765     0.97135     0.00000
     0.97135     0.23765     0.00000
     0.00000     0.00000    -1.00000
           0           1           9           3
    -2.39440    -1.14308     2.80867
    -0.23765     0.97135     0.00000
     0.97135     0.23765     0.00000
     0.00000     0.00000    -1.00000
           0           1           9           4
    -2.39440    -1.14308     8.50067
    -0.23765     0.97135     0.00000
     0.97135     0.23765     0.00000
     0.00000     0.00000    -1.00000
           0           1          10           1
    -1.63169    -2.08084    -8.56916
    -0.64815     0.76151     0.00000
     0.76151     0.64815     0.00000
     0.00000     0.00000    -1.00000
           0           1          10           2
    -1.63169    -2.08084    -2.87716
    -0.64815     0.76151     0.00000
     0.76151     0.64815     0.00000
     0.00000     0.00000    -1.00000
           0           1          10           3
    -1.63169    -2.08084     2.81484
    -0.64815     0.76151     0.00000
     0.76151     0.64815     0.00000
     0.00000     0.00000    -1.00000
           0           1          10           4
    -1.63169    -2.08084     8.50684
    -0.64815     0.76151     0.00000
     0.76151     0.64815     0.00000
     0.00000     0.00000    -1.00000
           0           2           1           1
     2.49789    -4.54330     8.56162
     0.74665     0.66522     0.00000
    -0.66522     0.74665     0.00000
     0.00000    -0.00000     1.00000
           0           2           1           2
     2.49789    -4.54330     2.86962
     0.74665     0.66522     0.00000
    -0.66522     0.74665     0.00000
     0.00000    -0.00000     1.00000
           0           2           1           3
     2.49789    -4.54330    -2.82238
     0.74665     0.66522     0.00000
    -0.66522     0.74665     0.00000
     0.00000    -0.00000     1.00000
           0           2           1           4
     2.49789    -4.54330    -8.51438
     0.74665     0.66522     0.00000
    -0.66522     0.74665     0.00000
     0.00000    -0.00000     1.00000
           0           2           2           1
     3.51114    -3.83350     8.56989
     0.57049     0.82131     0.00000
    -0.82131     0.57049     0.00000
     0.00000     0.00000     1.00000
           0           2           2           2
     3.51114    -3.83350     2.87789
     0.57049     0.82131     0.00000
    -0.82131     0.57049     0.00000
     0.00000     0.00000     1.00000
           0           2           2           3
     3.51114    -3.83350    -2.81411
     0.57049     0.82131     0.00000
    -0.82131     0.57049     0.00000
     0.00000     0.00000     1.00000
           0           2           2           4
     3.51114    -3.83350    -8.50611
     0.57049     0.82131     0.00000
    -0.82131     0.57049     0.00000
     0.00000     0.00000     1.00000
           0           2           3           1
     4.30748    -2.89506     8.56079
     0.36195     0.93220     0.00000
    -0.93220     0.36195     0.00000
     0.00000     0.00000     1.00000
           0           2           3           2
     4.30748    -2.89506     2.86879
     0.36195     0.93220     0.00000
    -0.93220     0.36195     0.00000
     0.00000     0.00000     1.00000
           0           2           3           3
     4.30748    -2.89506    -2.82321
     0.36195     0.93220     0.00000
    -0.93220     0.36195     0.00000
     0.00000     0.00000     1.00000
           0           2           3           4
     4.30748    -2.89506    -8.51521
     0.36195     0.93220     0.00000
    -0.93220     0.36195     0.00000
     0.00000     0.00000     1.00000
           0           2           4           1
     4.87564    -1.79119     8.56371
     0.13031     0.99147     0.00000
    -0.99147     0.13031     0.00000
     0.00000     0.00000     1.00000
           0           2           4           2
     4.87564    -1.79119     2.87171
     0.13031     0.99147     0.00000
    -0.99147     0.13031     0.00000
     0.00000     0.00000     1.00000
           0           2           4           3
     4.87564    -1.79119    -2.82029
     0.13031     0.99147     0.00000
    -0.99147     0.13031     0.00000
     0.00000     0.00000     1.00000
           0           2           4           4
     4.87564    -1.79119    -8.51229
     0.13031     0.99147     0.00000
    -0.99147     0.13031     0.00000
     0.00000     0.00000     1.00000
           0           2           5           1
     5.17295    -0.59080     8.56236
    -0.10778     0.99418     0.00000
    -0.99418    -0.10778     0.00000
     0.00000     0.00000     1.00000
           0           2           5           2
     5.17295    -0.59080     2.87036
    -0.10778     0.99418     0.00000
    -0.99418    -0.10778     0.00000
     0.00000     0.00000     1.00000
           0           2           5           3
     5.17295    -0.59080    -2.82164
    -0.10778     0.99418     0.00000
    -0.99418    -0.10778     0.00000
     0.00000     0.00000     1.00000
           0           2           5           4
     5.17295    -0.59080    -8.51364
    -0.10778     0.99418     0.00000
    -0.99418    -0.10778     0.00000
     0.00000     0.00000     1.00000
           0           2           6           1
     5.14805     0.62951     8.55870
    -0.33641     0.94172     0.00000
    -0.94172    -0.33641     0.00000
     0.00000     0.00000     1.00000
           0           2           6           2
     5.14805     0.62951     2.86670
    -0.33641     0.94172     0.00000
    -0.94172    -0.33641     0.00000
     0.00000     0.00000     1.00000
           0           2           6           3
     5.14805     0.62951    -2.82530
    -0.33641     0.94172     0.00000
    -0.94172    -0.33641     0.00000
     0.00000     0.00000     1.00000
           0           2           6           4
     5.14805     0.62951    -8.51730
    -0.33641     0.94172     0.00000
    -0.94172    -0.33641     0.00000
     0.00000     0.00000     1.00000
           0           2           7           1
     4.82477     1.82278     8.56071
    -0.54891     0.83588     0.00000
    -0.83588    -0.54891     0.00000
     0.00000     0.00000     1.00000
           0           2           7           2
     4.82477     1.82278     2.86871
    -0.54891     0.83588     0.00000
    -0.83588    -0.54891     0.00000
     0.00000     0.00000     1.00000
           0           2           7           3
     4.82477     1.82278    -2.82329
    -0.54891     0.83588     0.00000
    -0.83588    -0.54891     0.00000
     0.00000     0.00000     1.00000
           0           2           7           4
     4.82477     1.82278    -8.51529
    -0.54891     0.83588     0.00000
    -0.83588    -0.54891     0.00000
     0.00000     0.00000     1.00000
           0           2           8           1
     4.27871     2.92562     8.55769
    -0.72912     0.68439     0.00000
    -0.68439    -0.72912     0.00000
     0.00000     0.00000     1.00000
           0           2           8           2
     4.27871     2.92562     2.86569
    -0.72912     0.68439     0.00000
    -0.68439    -0.72912     0.00000
     0.00000     0.00000     1.00000
           0           2           8           3
     4.27871     2.92562    -2.82631
    -0.72912     0.68439     0.00000
    -0.68439    -0.72912     0.00000
     0.00000     0.00000     1.00000
           0           2           8           4
     4.27871     2.92562    -8.51831
    -0.72912     0.68439     0.00000
    -0.68439    -0.72912     0.00000
     0.00000     0.00000     1.00000
           0           2           9           1
     3.42820     3.83660     8.56222
    -0.87045     0.49226     0.00000
    -0.49226    -0.87045     0.00000
     0.00000     0.00000     1.00000
           0           2           9           2
     3.42820     3.83660     2.87022
    -0.87045     0.49226     0.00000
    -0.49226    -0.87045     0.00000
     0.00000     0.00000     1.00000
           0           2           9           3
     3.42820     3.83660    -2.82178
    -0.87045     0.49226     0.00000
    -0.49226    -0.87045     0.00000
     0.00000     0.00000     1.00000
           0           2           9           4
     3.42820     3.83660    -8.51378
    -0.87045     0.49226     0.00000
    -0.49226    -0.87045     0.00000
     0.00000     0.00000     1.00000
           0           2          10           1
     2.35585     4.57289     8.57704
    -0.96542     0.26069     0.00000
    -0.26069    -0.96542     0.00000
     0.00000     0.00000     1.00000
           0           2          10           2
     2.35585     4.57289     2.88504
    -0.96542     0.26069     0.00000
    -0.26069    -0.96542     0.00000
     0.00000     0.00000     1.00000
           0           2          10           3
     2.35585     4.57289    -2.80696
    -0.96542     0.26069     0.00000
    -0.26069    -0.96542     0.00000
     0.00000     0.00000     1.00000
           0           2          10           4
     2.35585     4.57289    -8.49896
    -0.96542     0.26069     0.00000
    -0.26069    -0.96542     0.00000
     0.00000     0.00000     1.00000
           0           2          11           1
    -2.47859     4.53982    -8.57601
     0.96046     0.27843     0.00000
     0.27843    -0.96046     0.00000
     0.00000    -0.00000    -1.00000
           0           2          11           2
    -2.47859     4.53982    -2.88401
     0.96046     0.27843     0.00000
     0.27843    -0.96046     0.00000
     0.00000    -0.00000    -1.00000
           0           2          11           3
    -2.47859     4.53982     2.80799
     0.96046     0.27843     0.00000
     0.27843    -0.96046     0.00000
     0.00000    -0.00000    -1.00000
           0           2          11           4
    -2.47859     4.53982     8.49999
     0.96046     0.27843     0.00000
     0.27843    -0.96046     0.00000
     0.00000    -0.00000    -1.00000
           0           2          12           1
    -3.49839     3.88412    -8.58452
     0.87138     0.49061     0.00000
     0.49061    -0.87138     0.00000
     0.00000    -0.00000    -1.00000
           0           2          12           2
    -3.49839     3.88412    -2.89252
     0.87138     0.49061     0.00000
     0.49061    -0.87138     0.00000
     0.00000    -0.00000    -1.00000
           0           2          12           3
    -3.49839     3.88412     2.79948
     0.87138     0.49061     0.00000
     0.49061    -0.87138     0.00000
     0.00000    -0.00000    -1.00000
           0           2          12           4
    -3.49839     3.88412     8.49148
     0.87138     0.49061     0.00000
     0.49061    -0.87138     0.00000
     0.00000    -0.00000    -1.00000
           0           2          13           1
    -4.29374     2.94617    -8.57211
     0.73100     0.68237     0.00000
     0.68237    -0.73100     0.00000
     0.00000    -0.00000    -1.00000
           0           2          13           2
    -4.29374     2.94617    -2.88011
     0.73100     0.68237     0.00000
     0.68237    -0.73100     0.00000
     0.00000    -0.00000    -1.00000
           0           2          13           3
    -4.29374     2.94617     2.81189
     0.73100     0.68237     0.00000
     0.68237    -0.73100     0.00000
     0.00000    -0.00000    -1.00000
           0           2          13           4
    -4.29374     2.94617     8.50389
     0.73100     0.68237     0.00000
     0.68237    -0.73100     0.00000
     0.00000    -0.00000    -1.00000
           0           2          14           1
    -4.87129     1.86531    -8.56205
     0.55077     0.83466     0.00000
     0.83466    -0.55077     0.00000
     0.00000    -0.00000    -1.00000
           0           2          14           2
    -4.87129     1.86531    -2.87005
     0.55077     0.83466     0.00000
     0.83466    -0.55077     0.00000
     0.00000    -0.00000    -1.00000
           0           2          14           3
    -4.87129     1.86531     2.82195
     0.55077     0.83466     0.00000
     0.83466    -0.55077     0.00000
     0.00000    -0.00000    -1.00000
           0           2          14           4
    -4.87128     1.86531     8.51395
     0.55077     0.83466     0.00000
     0.83466    -0.55077     0.00000
     0.00000    -0.00000    -1.00000
           0           2          15           1
    -5.18581     0.67161    -8.56236
     0.33813     0.94110     0.00000
     0.94110    -0.33813     0.00000
     0.00000    -0.00000    -1.00000
           0           2          15           2
    -5.18581     0.67161    -2.87036
     0.33813     0.94110     0.00000
     0.94110    -0.33813     0.00000
     0.00000    -0.00000    -1.00000
           0           2          15           3
    -5.18581     0.67161     2.82164
     0.33813     0.94110     0.00000
     0.94110    -0.33813     0.00000
     0.00000    -0.00000    -1.00000
           0           2          15           4
    -5.18581     0.67161     8.51364
     0.33813     0.94110     0.00000
     0.94110    -0.33813     0.00000
     0.00000    -0.00000    -1.00000
           0           2          16           1
    -5.17948    -0.55510    -8.55953
     0.10859     0.99409     0.00000
     0.99409    -0.10859     0.00000
     0.00000    -0.00000    -1.00000
           0           2          16           2
    -5.17948    -0.55510    -2.86753
     0.10859     0.99409     0.00000
     0.99409    -0.10859     0.00000
     0.00000    -0.00000    -1.00000
           0           2          16           3
    -5.17948    -0.55510     2.82447
     0.10859     0.99409     0.00000
     0.99409    -0.10859     0.00000
     0.00000    -0.00000    -1.00000
           0           2          16           4
    -5.17948    -0.55510     8.51647
     0.10859     0.99409     0.00000
     0.99409    -0.10859     0.00000
     0.00000    -0.00000    -1.00000
           0           2          17           1
    -4.88185    -1.74473    -8.56821
    -0.12862     0.99169     0.00000
     0.99169     0.12862     0.00000
     0.00000     0.00000    -1.00000
           0           2          17           2
    -4.88185    -1.74473    -2.87621
    -0.12862     0.99169     0.00000
     0.99169     0.12862     0.00000
     0.00000     0.00000    -1.00000
           0           2          17           3
    -4.88185    -1.74473     2.81579
    -0.12862     0.99169     0.00000
     0.99169     0.12862     0.00000
     0.00000     0.00000    -1.00000
           0           2          17           4
    -4.88185    -1.74473     8.50778
    -0.12862     0.99169     0.00000
     0.99169     0.12862     0.00000
     0.00000     0.00000    -1.00000
           0           2          18           1
    -4.34104    -2.84444    -8.56675
    -0.35791     0.93376     0.00000
     0.93376     0.35791     0.00000
     0.00000     0.00000    -1.00000
           0           2          18           2
    -4.34104    -2.84444    -2.87475
    -0.35791     0.93376     0.00000
     0.93376     0.35791     0.00000
     0.00000     0.00000    -1.00000
           0           2          18           3
    -4.34104    -2.84444     2.81725
    -0.35791     0.93376     0.00000
     0.93376     0.35791     0.00000
     0.00000     0.00000    -1.00000
           0           2          18           4
    -4.34104    -2.84444     8.50926
    -0.35791     0.93376     0.00000
     0.93376     0.35791     0.00000
     0.00000     0.00000    -1.00000
           0           2          19           1
    -3.56259    -3.79209    -8.55317
    -0.56602     0.82439     0.00000
     0.82439     0.56602     0.00000
     0.00000     0.00000    -1.00000
           0           2          19           2
    -3.56259    -3.79209    -2.86117
    -0.56602     0.82439     0.00000
     0.82439     0.56602     0.00000
     0.00000     0.00000    -1.00000
           0           2          19           3
    -3.56259    -3.79209     2.83083
    -0.56602     0.82439     0.00000
     0.82439     0.56602     0.00000
     0.00000     0.00000    -1.00000
           0           2          19           4
    -3.56259    -3.79209     8.52283
    -0.56602     0.82439     0.00000
     0.82439     0.56602     0.00000
     0.00000     0.00000    -1.00000
           0           2          20           1
    -2.56927    -4.50727    -8.61421
    -0.74290     0.66940     0.00000
     0.66940     0.74290     0.00000
     0.00000     0.00000    -1.00000
           0           2          20           2
    -2.56926    -4.50727    -2.92221
    -0.74290     0.66940     0.00000
     0.66940     0.74290     0.00000
     0.00000     0.00000    -1.00000
           0           2          20           3
    -2.56926    -4.50727     2.76978
    -0.74290     0.66940     0.00000
     0.66940     0.74290     0.00000
     0.00000     0.00000    -1.00000
           0           2          20           4
    -2.56926    -4.50727     8.46179
    -0.74290     0.66940     0.00000
     0.66940     0.74290     0.00000
     0.00000     0.00000    -1.00000
           0           3           1           1
     5.67529   -10.30561    12.68604
    -0.87722    -0.48009    -0.00000
    -0.48009     0.87722    -0.00000
     0.00000    -0.00000    -1.00000
           0           3           1           2
     5.67529   -10.30561     6.31064
    -0.87722    -0.48009    -0.00000
    -0.48009     0.87722    -0.00000
     0.00000    -0.00000    -1.00000
           0           3           1           3
     5.67529   -10.30561    -0.06476
    -0.87722    -0.48009    -0.00000
    -0.48009     0.87722    -0.00000
     0.00000    -0.00000    -1.00000
           0           3           1           4
     5.67529   -10.30561    -6.44016
    -0.87722    -0.48009    -0.00000
    -0.48009     0.87722    -0.00000
     0.00000    -0.00000    -1.00000
           0           3           1           5
     5.67529   -10.30561   -12.81556
    -0.87722    -0.48009    -0.00000
    -0.48009     0.87722    -0.00000
     0.00000    -0.00000    -1.00000
           0           3           2           1
     7.57053    -7.08910    12.72002
    -0.68735    -0.72633     0.00000
    -0.72633     0.68735     0.00000
    -0.00000     0.00000    -1.00000
           0           3           2           2
     7.57053    -7.08910     6.34461
    -0.68735    -0.72633     0.00000
    -0.72633     0.68735     0.00000
    -0.00000     0.00000    -1.00000
           0           3           2           3
     7.57053    -7.08910    -0.03079
    -0.68735    -0.72633     0.00000
    -0.72633     0.68735     0.00000
    -0.00000     0.00000    -1.00000
           0           3           2           4
     7.57053    -7.08910    -6.40619
    -0.68735    -0.72633     0.00000
    -0.72633     0.68735     0.00000
    -0.00000     0.00000    -1.00000
           0           3           2           5
     7.57053    -7.08910   -12.78158
    -0.68735    -0.72633     0.00000
    -0.72633     0.68735     0.00000
    -0.00000     0.00000    -1.00000
           0           3           3           1
    11.52257    -5.56138    12.72568
    -0.44042    -0.89779     0.00000
    -0.89779     0.44042     0.00000
    -0.00000     0.00000    -1.00000
           0           3           3           2
    11.52257    -5.56138     6.35033
    -0.44042    -0.89779     0.00000
    -0.89779     0.44042     0.00000
    -0.00000     0.00000    -1.00000
           0           3           3           3
    11.52257    -5.56138    -0.02507
    -0.44042    -0.89779     0.00000
    -0.89779     0.44042     0.00000
    -0.00000     0.00000    -1.00000
           0           3           3           4
    11.52257    -5.56138    -6.40047
    -0.44042    -0.89779     0.00000
    -0.89779     0.44042     0.00000
    -0.00000     0.00000    -1.00000
           0           3           3           5
    11.52257    -5.56138   -12.77592
    -0.44042    -0.89779     0.00000
    -0.89779     0.44042     0.00000
    -0.00000     0.00000    -1.00000
           0           3           4           1
    11.60303    -1.99141    12.72800
    -0.17533    -0.98451     0.00000
    -0.98451     0.17533     0.00000
    -0.00000     0.00000    -1.00000
           0           3           4           2
    11.60303    -1.99141     6.35256
    -0.17533    -0.98451     0.00000
    -0.98451     0.17533     0.00000
    -0.00000     0.00000    -1.00000
           0           3           4           3
    11.60303    -1.99141    -0.02284
    -0.17533    -0.98451     0.00000
    -0.98451     0.17533     0.00000
    -0.00000     0.00000    -1.00000
           0           3           4           4
    11.60303    -1.99141    -6.39824
    -0.17533    -0.98451     0.00000
    -0.98451     0.17533     0.00000
    -0.00000     0.00000    -1.00000
           0           3           4           5
    11.60303    -1.99141   -12.77360
    -0.17533    -0.98451     0.00000
    -0.98451     0.17533     0.00000
    -0.00000     0.00000    -1.00000
           0           3           5           1
    10.26646     1.47648    12.72680
     0.13744    -0.99051     0.00000
    -0.99051    -0.13744     0.00000
    -0.00000    -0.00000    -1.00000
           0           3           5           2
    10.26646     1.47648     6.35138
     0.13744    -0.99051     0.00000
    -0.99051    -0.13744     0.00000
    -0.00000    -0.00000    -1.00000
           0           3           5           3
    10.26646     1.47648    -0.02402
     0.13744    -0.99051     0.00000
    -0.99051    -0.13744     0.00000
    -0.00000    -0.00000    -1.00000
           0           3           5           4
    10.26646     1.47648    -6.39942
     0.13744    -0.99051     0.00000
    -0.99051    -0.13744     0.00000
    -0.00000    -0.00000    -1.00000
           0           3           5           5
    10.26646     1.47648   -12.77480
     0.13744    -0.99051     0.00000
    -0.99051    -0.13744     0.00000
    -0.00000    -0.00000    -1.00000
           0           3           6           1
    11.60679     5.50946    12.69478
     0.42370    -0.90580     0.00000
    -0.90580    -0.42370     0.00000
    -0.00000    -0.00000    -1.00000
           0           3           6           2
    11.60679     5.50946     6.31938
     0.42370    -0.90580     0.00000
    -0.90580    -0.42370     0.00000
    -0.00000    -0.00000    -1.00000
           0           3           6           3
    11.60679     5.50946    -0.05602
     0.42370    -0.90580     0.00000
    -0.90580    -0.42370     0.00000
    -0.00000    -0.00000    -1.00000
           0           3           6           4
    11.60679     5.50946    -6.43142
     0.42370    -0.90580     0.00000
    -0.90580    -0.42370     0.00000
    -0.00000    -0.00000    -1.00000
           0           3           6           5
    11.60679     5.50946   -12.80682
     0.42370    -0.90580     0.00000
    -0.90580    -0.42370     0.00000
    -0.00000    -0.00000    -1.00000
           0           3           7           1
     8.76387     7.73858    12.71211
     0.65613    -0.75465     0.00000
    -0.75465    -0.65613     0.00000
    -0.00000    -0.00000    -1.00000
           0           3           7           2
     8.76387     7.73858     6.33670
     0.65613    -0.75465     0.00000
    -0.75465    -0.65613     0.00000
    -0.00000    -0.00000    -1.00000
           0           3           7           3
     8.76387     7.73858    -0.03870
     0.65613    -0.75465     0.00000
    -0.75465    -0.65613     0.00000
    -0.00000    -0.00000    -1.00000
           0           3           7           4
     8.76387     7.73858    -6.41410
     0.65613    -0.75465     0.00000
    -0.75465    -0.65613     0.00000
    -0.00000    -0.00000    -1.00000
           0           3           7           5
     8.76387     7.73858   -12.78949
     0.65613    -0.75465     0.00000
    -0.75465    -0.65613     0.00000
    -0.00000    -0.00000    -1.00000
           0           3           8           1
     5.23106     8.94237    12.69398
     0.85958    -0.51100     0.00000
    -0.51100    -0.85958     0.00000
    -0.00000    -0.00000    -1.00000
           0           3           8           2
     5.23106     8.94237     6.31858
     0.85958    -0.51100     0.00000
    -0.51100    -0.85958     0.00000
    -0.00000    -0.00000    -1.00000
           0           3           8           3
     5.23106     8.94237    -0.05682
     0.85958    -0.51100     0.00000
    -0.51100    -0.85958     0.00000
    -0.00000    -0.00000    -1.00000
           0           3           8           4
     5.23106     8.94237    -6.43222
     0.85958    -0.51100     0.00000
    -0.51100    -0.85958     0.00000
    -0.00000    -0.00000    -1.00000
           0           3           8           5
     5.23106     8.94237   -12.80762
     0.85958    -0.51100     0.00000
    -0.51100    -0.85958     0.00000
    -0.00000    -0.00000    -1.00000
           0           3           9           1
    -5.20180     8.85941   -12.72666
    -0.85790    -0.51382    -0.00000
     0.51382    -0.85790    -0.00000
     0.00000    -0.00000     1.00000
           0           3           9           2
    -5.20180     8.85941    -6.35126
    -0.85790    -0.51382    -0.00000
     0.51382    -0.85790    -0.00000
     0.00000    -0.00000     1.00000
           0           3           9           3
    -5.20180     8.85941     0.02414
    -0.85790    -0.51382    -0.00000
     0.51382    -0.85790    -0.00000
     0.00000    -0.00000     1.00000
           0           3           9           4
    -5.20180     8.85941     6.39954
    -0.85790    -0.51382    -0.00000
     0.51382    -0.85790    -0.00000
     0.00000    -0.00000     1.00000
           0           3           9           5
    -5.20180     8.85941    12.77494
    -0.85790    -0.51382    -0.00000
     0.51382    -0.85790    -0.00000
     0.00000    -0.00000     1.00000
           0           3          10           1
    -8.81236     7.79472   -12.71507
    -0.65787    -0.75313    -0.00000
     0.75313    -0.65787    -0.00000
     0.00000    -0.00000     1.00000
           0           3          10           2
    -8.81236     7.79472    -6.33967
    -0.65787    -0.75313    -0.00000
     0.75313    -0.65787    -0.00000
     0.00000    -0.00000     1.00000
           0           3          10           3
    -8.81236     7.79472     0.03573
    -0.65787    -0.75313    -0.00000
     0.75313    -0.65787    -0.00000
     0.00000    -0.00000     1.00000
           0           3          10           4
    -8.81236     7.79472     6.41113
    -0.65787    -0.75313    -0.00000
     0.75313    -0.65787    -0.00000
     0.00000    -0.00000     1.00000
           0           3          10           5
    -8.81236     7.79472    12.78653
    -0.65787    -0.75313    -0.00000
     0.75313    -0.65787    -0.00000
     0.00000    -0.00000     1.00000
           0           3          11           1
   -11.56970     5.51111   -12.70957
    -0.42293    -0.90616    -0.00000
     0.90616    -0.42293    -0.00000
     0.00000     0.00000     1.00000
           0           3          11           2
   -11.56970     5.51111    -6.33412
    -0.42293    -0.90616    -0.00000
     0.90616    -0.42293    -0.00000
     0.00000     0.00000     1.00000
           0           3          11           3
   -11.56970     5.51111     0.04128
    -0.42293    -0.90616    -0.00000
     0.90616    -0.42293    -0.00000
     0.00000     0.00000     1.00000
           0           3          11           4
   -11.56970     5.51111     6.41668
    -0.42293    -0.90616    -0.00000
     0.90616    -0.42293    -0.00000
     0.00000     0.00000     1.00000
           0           3          11           5
   -11.56970     5.51111    12.79213
    -0.42293    -0.90616    -0.00000
     0.90616    -0.42293    -0.00000
     0.00000     0.00000     1.00000
           0           3          12           1
   -10.25836     1.50058   -12.71291
    -0.13729    -0.99053    -0.00000
     0.99053    -0.13729    -0.00000
     0.00000    -0.00000     1.00000
           0           3          12           2
   -10.25836     1.50058    -6.33750
    -0.13729    -0.99053    -0.00000
     0.99053    -0.13729    -0.00000
     0.00000    -0.00000     1.00000
           0           3          12           3
   -10.25836     1.50058     0.03790
    -0.13729    -0.99053    -0.00000
     0.99053    -0.13729    -0.00000
     0.00000    -0.00000     1.00000
           0           3          12           4
   -10.25836     1.50058     6.41330
    -0.13729    -0.99053    -0.00000
     0.99053    -0.13729    -0.00000
     0.00000    -0.00000     1.00000
           0           3          12           5
   -10.25836     1.50058    12.78869
    -0.13729    -0.99053    -0.00000
     0.99053    -0.13729    -0.00000
     0.00000    -0.00000     1.00000
           0           3          13           1
   -11.58971    -1.96728   -12.70557
     0.17587    -0.98441    -0.00000
     0.98441     0.17587    -0.00000
     0.00000     0.00000     1.00000
           0           3          13           2
   -11.58971    -1.96728    -6.33022
     0.17587    -0.98441    -0.00000
     0.98441     0.17587    -0.00000
     0.00000     0.00000     1.00000
           0           3          13           3
   -11.58971    -1.96728     0.04518
     0.17587    -0.98441    -0.00000
     0.98441     0.17587    -0.00000
     0.00000     0.00000     1.00000
           0           3          13           4
   -11.58971    -1.96728     6.42058
     0.17587    -0.98441    -0.00000
     0.98441     0.17587    -0.00000
     0.00000     0.00000     1.00000
           0           3          13           5
   -11.58971    -1.96728    12.79603
     0.17587    -0.98441    -0.00000
     0.98441     0.17587    -0.00000
     0.00000     0.00000     1.00000
           0           3          14           1
   -11.57767    -5.57042   -12.70749
     0.44181    -0.89711    -0.00000
     0.89711     0.44181    -0.00000
     0.00000     0.00000     1.00000
           0           3          14           2
   -11.57767    -5.57042    -6.33209
     0.44181    -0.89711    -0.00000
     0.89711     0.44181    -0.00000
     0.00000     0.00000     1.00000
           0           3          14           3
   -11.57767    -5.57042     0.04331
     0.44181    -0.89711    -0.00000
     0.89711     0.44181    -0.00000
     0.00000     0.00000     1.00000
           0           3          14           4
   -11.57767    -5.57042     6.41871
     0.44181    -0.89711    -0.00000
     0.89711     0.44181    -0.00000
     0.00000     0.00000     1.00000
           0           3          14           5
   -11.57767    -5.57042    12.79411
     0.44181    -0.89711    -0.00000
     0.89711     0.44181    -0.00000
     0.00000     0.00000     1.00000
           0           3          15           1
    -7.58536    -7.05637   -12.69013
     0.68946    -0.72432    -0.00000
     0.72432     0.68946    -0.00000
     0.00000     0.00000     1.00000
           0           3          15           2
    -7.58536    -7.05637    -6.31473
     0.68946    -0.72432    -0.00000
     0.72432     0.68946    -0.00000
     0.00000     0.00000     1.00000
           0           3          15           3
    -7.58536    -7.05637     0.06067
     0.68946    -0.72432    -0.00000
     0.72432     0.68946    -0.00000
     0.00000     0.00000     1.00000
           0           3          15           4
    -7.58536    -7.05637     6.43607
     0.68946    -0.72432    -0.00000
     0.72432     0.68946    -0.00000
     0.00000     0.00000     1.00000
           0           3          15           5
    -7.58536    -7.05637    12.81147
     0.68946    -0.72432    -0.00000
     0.72432     0.68946    -0.00000
     0.00000     0.00000     1.00000
           0           3          16           1
    -5.72648   -10.27731   -12.68777
     0.87839    -0.47794    -0.00000
     0.47794     0.87839    -0.00000
     0.00000     0.00000     1.00000
           0           3          16           2
    -5.72648   -10.27731    -6.31237
     0.87839    -0.47794    -0.00000
     0.47794     0.87839    -0.00000
     0.00000     0.00000     1.00000
           0           3          16           3
