 SVX cage parameters:
     2.20000
     0.50000     0.20000
     0.00000
           6
   -40.00000   -26.50000   -26.50000    26.50000    26.50000    40.00000
    53.00000    53.00000    22.00000    22.00000    53.00000    53.00000
     0.00000     0.00000     0.00000
 SVX barrel parameters:
           4
     2.63000     5.13000    11.76500    16.68700     1.21400
     0.00000     0.00000     0.00000     0.00000
           4           4           5           6
     0.69600     0.69600     1.74500     1.74500
     0.01000     0.01000     0.03125     0.03125
     2.83600     2.83600     3.18770     3.18770
     0.01900     0.01900     0.00000     0.00000
     0.02000     0.02000     0.00000     0.00000
    26.70000    13.60000    17.00000    12.00000
   -13.00000   -13.02000     0.00000     0.00000
           2
           5           5
     0.00000   180.00000
           2
          10          10
     0.00000   180.00000
           2
           8           8
     0.00000   180.00000
           2
          12          12
     0.00000   180.00000
 SVX barrel sensor rotation matrices and translation vectors:
           0           1           1           1
     1.64192    -2.05451     8.53800
     0.61974     0.78481    -0.00000
    -0.78481     0.61974    -0.00000
    -0.00000     0.00000     1.00000
           0           1           1           2
     1.64192    -2.05451     2.84600
     0.61974     0.78481    -0.00000
    -0.78481     0.61974    -0.00000
    -0.00000     0.00000     1.00000
           0           1           1           3
     1.64192    -2.05451    -2.84600
     0.61974     0.78481    -0.00000
    -0.78481     0.61974    -0.00000
    -0.00000     0.00000     1.00000
           0           1           1           4
     1.64192    -2.05451    -8.53800
     0.61974     0.78481    -0.00000
    -0.78481     0.61974    -0.00000
    -0.00000     0.00000     1.00000
           0           1           2           1
     2.35652    -1.16779     8.53734
     0.22986     0.97322    -0.00000
    -0.97322     0.22986    -0.00000
    -0.00000     0.00000     1.00000
           0           1           2           2
     2.35652    -1.16779     2.84534
     0.22986     0.97322    -0.00000
    -0.97322     0.22986    -0.00000
    -0.00000     0.00000     1.00000
           0           1           2           3
     2.35652    -1.16779    -2.84666
     0.22986     0.97322    -0.00000
    -0.97322     0.22986    -0.00000
    -0.00000     0.00000     1.00000
           0           1           2           4
     2.35652    -1.16779    -8.53866
     0.22986     0.97322    -0.00000
    -0.97322     0.22986    -0.00000
    -0.00000     0.00000     1.00000
           0           1           3           1
     2.62995    -0.01564     8.53749
    -0.22038     0.97541     0.00000
    -0.97541    -0.22038     0.00000
     0.00000     0.00000     1.00000
           0           1           3           2
     2.62995    -0.01564     2.84549
    -0.22038     0.97541     0.00000
    -0.97541    -0.22038     0.00000
     0.00000     0.00000     1.00000
           0           1           3           3
     2.62995    -0.01564    -2.84651
    -0.22038     0.97541     0.00000
    -0.97541    -0.22038     0.00000
     0.00000     0.00000     1.00000
           0           1           3           4
     2.62995    -0.01564    -8.53851
    -0.22038     0.97541     0.00000
    -0.97541    -0.22038     0.00000
     0.00000     0.00000     1.00000
           0           1           4           1
     2.35773     1.16535     8.53920
    -0.63438     0.77302     0.00000
    -0.77302    -0.63438     0.00000
     0.00000     0.00000     1.00000
           0           1           4           2
     2.35773     1.16535     2.84720
    -0.63438     0.77302     0.00000
    -0.77302    -0.63438     0.00000
     0.00000     0.00000     1.00000
           0           1           4           3
     2.35773     1.16535    -2.84480
    -0.63438     0.77302     0.00000
    -0.77302    -0.63438     0.00000
     0.00000     0.00000     1.00000
           0           1           4           4
     2.35773     1.16535    -8.53680
    -0.63438     0.77302     0.00000
    -0.77302    -0.63438     0.00000
     0.00000     0.00000     1.00000
           0           1           5           1
     1.59599     2.09039     8.53715
    -0.91148     0.41134     0.00000
    -0.41134    -0.91148     0.00000
     0.00000     0.00000     1.00000
           0           1           5           2
     1.59599     2.09039     2.84515
    -0.91148     0.41134     0.00000
    -0.41134    -0.91148     0.00000
     0.00000     0.00000     1.00000
           0           1           5           3
     1.59599     2.09039    -2.84685
    -0.91148     0.41134     0.00000
    -0.41134    -0.91148     0.00000
     0.00000     0.00000     1.00000
           0           1           5           4
     1.59599     2.09039    -8.53885
    -0.91148     0.41134     0.00000
    -0.41134    -0.91148     0.00000
     0.00000     0.00000     1.00000
           0           1           6           1
    -1.54892     2.12550    -8.53934
     0.92044     0.39089     0.00000
     0.39089    -0.92044     0.00000
     0.00000    -0.00000    -1.00000
           0           1           6           2
    -1.54892     2.12550    -2.84734
     0.92044     0.39089     0.00000
     0.39089    -0.92044     0.00000
     0.00000    -0.00000    -1.00000
           0           1           6           3
    -1.54892     2.12550     2.84466
     0.92044     0.39089     0.00000
     0.39089    -0.92044     0.00000
     0.00000    -0.00000    -1.00000
           0           1           6           4
    -1.54892     2.12550     8.53666
     0.92044     0.39089     0.00000
     0.39089    -0.92044     0.00000
     0.00000    -0.00000    -1.00000
           0           1           7           1
    -2.34245     1.19577    -8.53832
     0.64433     0.76475    -0.00000
     0.76475    -0.64433    -0.00000
    -0.00000     0.00000    -1.00000
           0           1           7           2
    -2.34245     1.19577    -2.84632
     0.64433     0.76475    -0.00000
     0.76475    -0.64433    -0.00000
    -0.00000     0.00000    -1.00000
           0           1           7           3
    -2.34245     1.19577     2.84568
     0.64433     0.76475    -0.00000
     0.76475    -0.64433    -0.00000
    -0.00000     0.00000    -1.00000
           0           1           7           4
    -2.34245     1.19577     8.53768
     0.64433     0.76475    -0.00000
     0.76475    -0.64433    -0.00000
    -0.00000     0.00000    -1.00000
           0           1           8           1
    -2.63001     0.00357    -8.54012
     0.22750     0.97378    -0.00000
     0.97378    -0.22750    -0.00000
    -0.00000     0.00000    -1.00000
           0           1           8           2
    -2.63000     0.00357    -2.84812
     0.22750     0.97378    -0.00000
     0.97378    -0.22750    -0.00000
    -0.00000     0.00000    -1.00000
           0           1           8           3
    -2.63000     0.00357     2.84388
     0.22750     0.97378    -0.00000
     0.97378    -0.22750    -0.00000
    -0.00000     0.00000    -1.00000
           0           1           8           4
    -2.63000     0.00357     8.53588
     0.22750     0.97378    -0.00000
     0.97378    -0.22750    -0.00000
    -0.00000     0.00000    -1.00000
           0           1           9           1
    -2.34758    -1.18566    -8.53818
    -0.23725     0.97145    -0.00000
     0.97145     0.23725    -0.00000
    -0.00000    -0.00000    -1.00000
           0           1           9           2
    -2.34758    -1.18566    -2.84618
    -0.23725     0.97145    -0.00000
     0.97145     0.23725    -0.00000
    -0.00000    -0.00000    -1.00000
           0           1           9           3
    -2.34758    -1.18566     2.84582
    -0.23725     0.97145    -0.00000
     0.97145     0.23725    -0.00000
    -0.00000    -0.00000    -1.00000
           0           1           9           4
    -2.34758    -1.18566     8.53782
    -0.23725     0.97145    -0.00000
     0.97145     0.23725    -0.00000
    -0.00000    -0.00000    -1.00000
           0           1          10           1
    -1.54730    -2.12668    -8.54001
    -0.65460     0.75597    -0.00000
     0.75597     0.65460    -0.00000
    -0.00000    -0.00000    -1.00000
           0           1          10           2
    -1.54730    -2.12668    -2.84801
    -0.65460     0.75597    -0.00000
     0.75597     0.65460    -0.00000
    -0.00000    -0.00000    -1.00000
           0           1          10           3
    -1.54730    -2.12668     2.84399
    -0.65460     0.75597    -0.00000
     0.75597     0.65460    -0.00000
    -0.00000    -0.00000    -1.00000
           0           1          10           4
    -1.54730    -2.12668     8.53599
    -0.65460     0.75597    -0.00000
     0.75597     0.65460    -0.00000
    -0.00000    -0.00000    -1.00000
           0           2           1           1
     2.47920    -4.49116     8.53882
     0.74365     0.66857    -0.00000
    -0.66857     0.74365    -0.00000
    -0.00000     0.00000     1.00000
           0           2           1           2
     2.47920    -4.49116     2.84682
     0.74365     0.66857    -0.00000
    -0.66857     0.74365    -0.00000
    -0.00000     0.00000     1.00000
           0           2           1           3
     2.47920    -4.49116    -2.84518
     0.74365     0.66857    -0.00000
    -0.66857     0.74365    -0.00000
    -0.00000     0.00000     1.00000
           0           2           1           4
     2.47920    -4.49116    -8.53718
     0.74365     0.66857    -0.00000
    -0.66857     0.74365    -0.00000
    -0.00000     0.00000     1.00000
           0           2           2           1
     3.45198    -3.79483     8.53631
     0.56859     0.82262    -0.00000
    -0.82262     0.56859    -0.00000
     0.00000     0.00000     1.00000
           0           2           2           2
     3.45198    -3.79483     2.84431
     0.56859     0.82262    -0.00000
    -0.82262     0.56859    -0.00000
     0.00000     0.00000     1.00000
           0           2           2           3
     3.45198    -3.79483    -2.84769
     0.56859     0.82262    -0.00000
    -0.82262     0.56859    -0.00000
     0.00000     0.00000     1.00000
           0           2           2           4
     3.45198    -3.79483    -8.53969
     0.56859     0.82262    -0.00000
    -0.82262     0.56859    -0.00000
     0.00000     0.00000     1.00000
           0           2           3           1
     4.22812    -2.90515     8.53921
     0.36546     0.93083    -0.00000
    -0.93083     0.36546    -0.00000
     0.00000     0.00000     1.00000
           0           2           3           2
     4.22812    -2.90515     2.84721
     0.36546     0.93083    -0.00000
    -0.93083     0.36546    -0.00000
     0.00000     0.00000     1.00000
           0           2           3           3
     4.22812    -2.90515    -2.84479
     0.36546     0.93083    -0.00000
    -0.93083     0.36546    -0.00000
     0.00000     0.00000     1.00000
           0           2           3           4
     4.22812    -2.90515    -8.53679
     0.36546     0.93083    -0.00000
    -0.93083     0.36546    -0.00000
     0.00000     0.00000     1.00000
           0           2           4           1
     4.80014    -1.80986     8.54037
     0.13228     0.99121    -0.00000
    -0.99121     0.13228    -0.00000
     0.00000     0.00000     1.00000
           0           2           4           2
     4.80014    -1.80986     2.84837
     0.13228     0.99121    -0.00000
    -0.99121     0.13228    -0.00000
     0.00000     0.00000     1.00000
           0           2           4           3
     4.80014    -1.80986    -2.84363
     0.13228     0.99121    -0.00000
    -0.99121     0.13228    -0.00000
     0.00000     0.00000     1.00000
           0           2           4           4
     4.80014    -1.80986    -8.53563
     0.13228     0.99121    -0.00000
    -0.99121     0.13228    -0.00000
     0.00000     0.00000     1.00000
           0           2           5           1
     5.09099    -0.63144     8.54252
    -0.10430     0.99455     0.00000
    -0.99455    -0.10430     0.00000
     0.00000     0.00000     1.00000
           0           2           5           2
     5.09099    -0.63144     2.85052
    -0.10430     0.99455     0.00000
    -0.99455    -0.10430     0.00000
     0.00000     0.00000     1.00000
           0           2           5           3
     5.09099    -0.63144    -2.84148
    -0.10430     0.99455     0.00000
    -0.99455    -0.10430     0.00000
     0.00000     0.00000     1.00000
           0           2           5           4
     5.09099    -0.63144    -8.53348
    -0.10430     0.99455     0.00000
    -0.99455    -0.10430     0.00000
     0.00000     0.00000     1.00000
           0           2           6           1
     5.09650     0.58533     8.54216
    -0.33560     0.94201     0.00000
    -0.94201    -0.33560     0.00000
     0.00000     0.00000     1.00000
           0           2           6           2
     5.09650     0.58533     2.85016
    -0.33560     0.94201     0.00000
    -0.94201    -0.33560     0.00000
     0.00000     0.00000     1.00000
           0           2           6           3
     5.09650     0.58533    -2.84184
    -0.33560     0.94201     0.00000
    -0.94201    -0.33560     0.00000
     0.00000     0.00000     1.00000
           0           2           6           4
     5.09650     0.58533    -8.53384
    -0.33560     0.94201     0.00000
    -0.94201    -0.33560     0.00000
     0.00000     0.00000     1.00000
           0           2           7           1
     4.81331     1.77453     8.54254
    -0.54894     0.83586     0.00000
    -0.83586    -0.54894     0.00000
     0.00000     0.00000     1.00000
           0           2           7           2
     4.81331     1.77453     2.85054
    -0.54894     0.83586     0.00000
    -0.83586    -0.54894     0.00000
     0.00000     0.00000     1.00000
           0           2           7           3
     4.81331     1.77453    -2.84146
    -0.54894     0.83586     0.00000
    -0.83586    -0.54894     0.00000
     0.00000     0.00000     1.00000
           0           2           7           4
     4.81331     1.77453    -8.53346
    -0.54894     0.83586     0.00000
    -0.83586    -0.54894     0.00000
     0.00000     0.00000     1.00000
           0           2           8           1
     4.24445     2.88124     8.53915
    -0.73405     0.67910     0.00000
    -0.67910    -0.73405     0.00000
     0.00000     0.00000     1.00000
           0           2           8           2
     4.24445     2.88124     2.84715
    -0.73405     0.67910     0.00000
    -0.67910    -0.73405     0.00000
     0.00000     0.00000     1.00000
           0           2           8           3
     4.24445     2.88124    -2.84485
    -0.73405     0.67910     0.00000
    -0.67910    -0.73405     0.00000
     0.00000     0.00000     1.00000
           0           2           8           4
     4.24445     2.88124    -8.53685
    -0.73405     0.67910     0.00000
    -0.67910    -0.73405     0.00000
     0.00000     0.00000     1.00000
           0           2           9           1
     3.44265     3.80330     8.53784
    -0.87383     0.48624     0.00000
    -0.48624    -0.87383     0.00000
     0.00000     0.00000     1.00000
           0           2           9           2
     3.44265     3.80330     2.84584
    -0.87383     0.48624     0.00000
    -0.48624    -0.87383     0.00000
     0.00000     0.00000     1.00000
           0           2           9           3
     3.44265     3.80330    -2.84616
    -0.87383     0.48624     0.00000
    -0.48624    -0.87383     0.00000
     0.00000     0.00000     1.00000
           0           2           9           4
     3.44265     3.80330    -8.53816
    -0.87383     0.48624     0.00000
    -0.48624    -0.87383     0.00000
     0.00000     0.00000     1.00000
           0           2          10           1
     2.42609     4.52007     8.53897
    -0.96517     0.26163     0.00000
    -0.26163    -0.96517     0.00000
     0.00000     0.00000     1.00000
           0           2          10           2
     2.42609     4.52007     2.84697
    -0.96517     0.26163     0.00000
    -0.26163    -0.96517     0.00000
     0.00000     0.00000     1.00000
           0           2          10           3
     2.42609     4.52007    -2.84503
    -0.96517     0.26163     0.00000
    -0.26163    -0.96517     0.00000
     0.00000     0.00000     1.00000
           0           2          10           4
     2.42609     4.52007    -8.53703
    -0.96517     0.26163     0.00000
    -0.26163    -0.96517     0.00000
     0.00000     0.00000     1.00000
           0           2          11           1
    -2.48111     4.49010    -8.54051
     0.96190     0.27340     0.00000
     0.27340    -0.96190     0.00000
     0.00000    -0.00000    -1.00000
           0           2          11           2
    -2.48111     4.49010    -2.84851
     0.96190     0.27340     0.00000
     0.27340    -0.96190     0.00000
     0.00000    -0.00000    -1.00000
           0           2          11           3
    -2.48111     4.49010     2.84349
     0.96190     0.27340     0.00000
     0.27340    -0.96190     0.00000
     0.00000    -0.00000    -1.00000
           0           2          11           4
    -2.48111     4.49010     8.53549
     0.96190     0.27340     0.00000
     0.27340    -0.96190     0.00000
     0.00000    -0.00000    -1.00000
           0           2          12           1
    -3.45918     3.78827    -8.53800
     0.87170     0.49004     0.00000
     0.49004    -0.87170     0.00000
     0.00000    -0.00000    -1.00000
           0           2          12           2
    -3.45918     3.78827    -2.84600
     0.87170     0.49004     0.00000
     0.49004    -0.87170     0.00000
     0.00000    -0.00000    -1.00000
           0           2          12           3
    -3.45918     3.78827     2.84600
     0.87170     0.49004     0.00000
     0.49004    -0.87170     0.00000
     0.00000    -0.00000    -1.00000
           0           2          12           4
    -3.45918     3.78827     8.53800
     0.87170     0.49004     0.00000
     0.49004    -0.87170     0.00000
     0.00000    -0.00000    -1.00000
           0           2          13           1
    -4.25656     2.86332    -8.53896
     0.73118     0.68219     0.00000
     0.68219    -0.73118     0.00000
     0.00000    -0.00000    -1.00000
           0           2          13           2
    -4.25656     2.86332    -2.84696
     0.73118     0.68219     0.00000
     0.68219    -0.73118     0.00000
     0.00000    -0.00000    -1.00000
           0           2          13           3
    -4.25656     2.86332     2.84504
     0.73118     0.68219     0.00000
     0.68219    -0.73118     0.00000
     0.00000    -0.00000    -1.00000
           0           2          13           4
    -4.25656     2.86332     8.53704
     0.73118     0.68219     0.00000
     0.68219    -0.73118     0.00000
     0.00000    -0.00000    -1.00000
           0           2          14           1
    -4.80857     1.78733    -8.53688
     0.55116     0.83440    -0.00000
     0.83440    -0.55116    -0.00000
    -0.00000     0.00000    -1.00000
           0           2          14           2
    -4.80857     1.78733    -2.84488
     0.55116     0.83440    -0.00000
     0.83440    -0.55116    -0.00000
    -0.00000     0.00000    -1.00000
           0           2          14           3
    -4.80857     1.78733     2.84712
     0.55116     0.83440    -0.00000
     0.83440    -0.55116    -0.00000
    -0.00000     0.00000    -1.00000
           0           2          14           4
    -4.80857     1.78733     8.53912
     0.55116     0.83440    -0.00000
     0.83440    -0.55116    -0.00000
    -0.00000     0.00000    -1.00000
           0           2          15           1
    -5.09396     0.60710    -8.53643
     0.33962     0.94056    -0.00000
     0.94056    -0.33962    -0.00000
    -0.00000     0.00000    -1.00000
           0           2          15           2
    -5.09396     0.60710    -2.84443
     0.33962     0.94056    -0.00000
     0.94056    -0.33962    -0.00000
    -0.00000     0.00000    -1.00000
           0           2          15           3
    -5.09396     0.60710     2.84757
     0.33962     0.94056    -0.00000
     0.94056    -0.33962    -0.00000
    -0.00000     0.00000    -1.00000
           0           2          15           4
    -5.09396     0.60710     8.53957
     0.33962     0.94056    -0.00000
     0.94056    -0.33962    -0.00000
    -0.00000     0.00000    -1.00000
           0           2          16           1
    -5.09417    -0.60525    -8.53620
     0.10941     0.99400    -0.00000
     0.99400    -0.10941    -0.00000
    -0.00000     0.00000    -1.00000
           0           2          16           2
    -5.09417    -0.60525    -2.84420
     0.10941     0.99400    -0.00000
     0.99400    -0.10941    -0.00000
    -0.00000     0.00000    -1.00000
           0           2          16           3
    -5.09417    -0.60525     2.84780
     0.10941     0.99400    -0.00000
     0.99400    -0.10941    -0.00000
    -0.00000     0.00000    -1.00000
           0           2          16           4
    -5.09417    -0.60525     8.53980
     0.10941     0.99400    -0.00000
     0.99400    -0.10941    -0.00000
    -0.00000     0.00000    -1.00000
           0           2          17           1
    -4.80777    -1.78948    -8.53667
    -0.12808     0.99176    -0.00000
     0.99176     0.12808    -0.00000
    -0.00000    -0.00000    -1.00000
           0           2          17           2
    -4.80777    -1.78948    -2.84467
    -0.12808     0.99176    -0.00000
     0.99176     0.12808    -0.00000
    -0.00000    -0.00000    -1.00000
           0           2          17           3
    -4.80777    -1.78948     2.84733
    -0.12808     0.99176    -0.00000
     0.99176     0.12808    -0.00000
    -0.00000    -0.00000    -1.00000
           0           2          17           4
    -4.80777    -1.78948     8.53933
    -0.12808     0.99176    -0.00000
     0.99176     0.12808    -0.00000
    -0.00000    -0.00000    -1.00000
           0           2          18           1
    -4.25745    -2.86201    -8.53811
    -0.35598     0.93449    -0.00000
     0.93449     0.35598    -0.00000
    -0.00000    -0.00000    -1.00000
           0           2          18           2
    -4.25745    -2.86201    -2.84611
    -0.35598     0.93449    -0.00000
     0.93449     0.35598    -0.00000
    -0.00000    -0.00000    -1.00000
           0           2          18           3
    -4.25745    -2.86201     2.84589
    -0.35598     0.93449    -0.00000
     0.93449     0.35598    -0.00000
    -0.00000    -0.00000    -1.00000
           0           2          18           4
    -4.25745    -2.86201     8.53789
    -0.35598     0.93449    -0.00000
     0.93449     0.35598    -0.00000
    -0.00000    -0.00000    -1.00000
           0           2          19           1
    -3.46499    -3.78296    -8.53944
    -0.56576     0.82457    -0.00000
     0.82457     0.56576    -0.00000
    -0.00000    -0.00000    -1.00000
           0           2          19           2
    -3.46499    -3.78296    -2.84744
    -0.56576     0.82457    -0.00000
     0.82457     0.56576    -0.00000
    -0.00000    -0.00000    -1.00000
           0           2          19           3
    -3.46499    -3.78296     2.84456
    -0.56576     0.82457    -0.00000
     0.82457     0.56576    -0.00000
    -0.00000    -0.00000    -1.00000
           0           2          19           4
    -3.46499    -3.78296     8.53656
    -0.56576     0.82457    -0.00000
     0.82457     0.56576    -0.00000
    -0.00000    -0.00000    -1.00000
           0           2          20           1
    -2.47645    -4.49267    -8.53920
    -0.74406     0.66811    -0.00000
     0.66811     0.74406    -0.00000
    -0.00000    -0.00000    -1.00000
           0           2          20           2
    -2.47645    -4.49267    -2.84720
    -0.74406     0.66811    -0.00000
     0.66811     0.74406    -0.00000
    -0.00000    -0.00000    -1.00000
           0           2          20           3
    -2.47645    -4.49267     2.84480
    -0.74406     0.66811    -0.00000
     0.66811     0.74406    -0.00000
    -0.00000    -0.00000    -1.00000
           0           2          20           4
    -2.47645    -4.49267     8.53680
    -0.74406     0.66811    -0.00000
     0.66811     0.74406    -0.00000
    -0.00000    -0.00000    -1.00000
           0           3           1           1
     5.60290   -10.34518    12.74792
    -0.87932    -0.47623    -0.00000
    -0.47623     0.87932    -0.00000
     0.00000    -0.00000    -1.00000
           0           3           1           2
     5.60290   -10.34518     6.37252
    -0.87932    -0.47623    -0.00000
    -0.47623     0.87932    -0.00000
     0.00000    -0.00000    -1.00000
           0           3           1           3
     5.60290   -10.34518    -0.00288
    -0.87932    -0.47623    -0.00000
    -0.47623     0.87932    -0.00000
     0.00000    -0.00000    -1.00000
           0           3           1           4
     5.60290   -10.34518    -6.37828
    -0.87932    -0.47623    -0.00000
    -0.47623     0.87932    -0.00000
     0.00000    -0.00000    -1.00000
           0           3           1           5
     5.60290   -10.34518   -12.75368
    -0.87932    -0.47623    -0.00000
    -0.47623     0.87932    -0.00000
     0.00000    -0.00000    -1.00000
           0           3           2           1
     7.47691    -7.17115    12.74029
    -0.69220    -0.72171     0.00000
    -0.72171     0.69220     0.00000
    -0.00000     0.00000    -1.00000
           0           3           2           2
     7.47691    -7.17115     6.36489
    -0.69220    -0.72171     0.00000
    -0.72171     0.69220     0.00000
    -0.00000     0.00000    -1.00000
           0           3           2           3
     7.47691    -7.17115    -0.01051
    -0.69220    -0.72171     0.00000
    -0.72171     0.69220     0.00000
    -0.00000     0.00000    -1.00000
           0           3           2           4
     7.47691    -7.17115    -6.38591
    -0.69220    -0.72171     0.00000
    -0.72171     0.69220     0.00000
    -0.00000     0.00000    -1.00000
           0           3           2           5
     7.47691    -7.17115   -12.76131
    -0.69220    -0.72171     0.00000
    -0.72171     0.69220     0.00000
    -0.00000     0.00000    -1.00000
           0           3           3           1
    11.54640    -5.63489    12.76026
    -0.43858    -0.89869     0.00000
    -0.89869     0.43858     0.00000
    -0.00000     0.00000    -1.00000
           0           3           3           2
    11.54640    -5.63489     6.38486
    -0.43858    -0.89869     0.00000
    -0.89869     0.43858     0.00000
    -0.00000     0.00000    -1.00000
           0           3           3           3
    11.54640    -5.63489     0.00946
    -0.43858    -0.89869     0.00000
    -0.89869     0.43858     0.00000
    -0.00000     0.00000    -1.00000
           0           3           3           4
    11.54640    -5.63489    -6.36594
    -0.43858    -0.89869     0.00000
    -0.89869     0.43858     0.00000
    -0.00000     0.00000    -1.00000
           0           3           3           5
    11.54640    -5.63489   -12.74134
    -0.43858    -0.89869     0.00000
    -0.89869     0.43858     0.00000
    -0.00000     0.00000    -1.00000
           0           3           4           1
    11.58270    -2.06312    12.75119
    -0.17536    -0.98450     0.00000
    -0.98450     0.17536     0.00000
    -0.00000     0.00000    -1.00000
           0           3           4           2
    11.58270    -2.06312     6.37579
    -0.17536    -0.98450     0.00000
    -0.98450     0.17536     0.00000
    -0.00000     0.00000    -1.00000
           0           3           4           3
    11.58270    -2.06312     0.00039
    -0.17536    -0.98450     0.00000
    -0.98450     0.17536     0.00000
    -0.00000     0.00000    -1.00000
           0           3           4           4
    11.58270    -2.06312    -6.37501
    -0.17536    -0.98450     0.00000
    -0.98450     0.17536     0.00000
    -0.00000     0.00000    -1.00000
           0           3           4           5
    11.58270    -2.06312   -12.75041
    -0.17536    -0.98450     0.00000
    -0.98450     0.17536     0.00000
    -0.00000     0.00000    -1.00000
           0           3           5           1
    10.26319     1.41300    12.74476
     0.13639    -0.99066     0.00000
    -0.99066    -0.13639     0.00000
    -0.00000    -0.00000    -1.00000
           0           3           5           2
    10.26319     1.41300     6.36936
     0.13639    -0.99066     0.00000
    -0.99066    -0.13639     0.00000
    -0.00000    -0.00000    -1.00000
           0           3           5           3
    10.26319     1.41300    -0.00604
     0.13639    -0.99066     0.00000
    -0.99066    -0.13639     0.00000
    -0.00000    -0.00000    -1.00000
           0           3           5           4
    10.26319     1.41300    -6.38144
     0.13639    -0.99066     0.00000
    -0.99066    -0.13639     0.00000
    -0.00000    -0.00000    -1.00000
           0           3           5           5
    10.26319     1.41300   -12.75684
     0.13639    -0.99066     0.00000
    -0.99066    -0.13639     0.00000
    -0.00000    -0.00000    -1.00000
           0           3           6           1
    11.64129     5.43612    12.74878
     0.42311    -0.90608     0.00000
    -0.90608    -0.42311     0.00000
    -0.00000    -0.00000    -1.00000
           0           3           6           2
    11.64129     5.43612     6.37338
     0.42311    -0.90608     0.00000
    -0.90608    -0.42311     0.00000
    -0.00000    -0.00000    -1.00000
           0           3           6           3
    11.64129     5.43612    -0.00202
     0.42311    -0.90608     0.00000
    -0.90608    -0.42311     0.00000
    -0.00000    -0.00000    -1.00000
           0           3           6           4
    11.64129     5.43612    -6.37742
     0.42311    -0.90608     0.00000
    -0.90608    -0.42311     0.00000
    -0.00000    -0.00000    -1.00000
           0           3           6           5
    11.64129     5.43612   -12.75282
     0.42311    -0.90608     0.00000
    -0.90608    -0.42311     0.00000
    -0.00000    -0.00000    -1.00000
           0           3           7           1
     8.87115     7.72773    12.74696
     0.65684    -0.75403     0.00000
    -0.75403    -0.65684     0.00000
    -0.00000    -0.00000    -1.00000
           0           3           7           2
     8.87115     7.72773     6.37156
     0.65684    -0.75403     0.00000
    -0.75403    -0.65684     0.00000
    -0.00000    -0.00000    -1.00000
           0           3           7           3
     8.87115     7.72773    -0.00384
     0.65684    -0.75403     0.00000
    -0.75403    -0.65684     0.00000
    -0.00000    -0.00000    -1.00000
           0           3           7           4
     8.87115     7.72773    -6.37924
     0.65684    -0.75403     0.00000
    -0.75403    -0.65684     0.00000
    -0.00000    -0.00000    -1.00000
           0           3           7           5
     8.87115     7.72773   -12.75464
     0.65684    -0.75403     0.00000
    -0.75403    -0.65684     0.00000
    -0.00000    -0.00000    -1.00000
           0           3           8           1
     5.26953     8.91973    12.74080
     0.86098    -0.50864     0.00000
    -0.50864    -0.86098     0.00000
    -0.00000    -0.00000    -1.00000
           0           3           8           2
     5.26953     8.91973     6.36540
     0.86098    -0.50864     0.00000
    -0.50864    -0.86098     0.00000
    -0.00000    -0.00000    -1.00000
           0           3           8           3
     5.26953     8.91973    -0.01000
     0.86098    -0.50864     0.00000
    -0.50864    -0.86098     0.00000
    -0.00000    -0.00000    -1.00000
           0           3           8           4
     5.26953     8.91973    -6.38540
     0.86098    -0.50864     0.00000
    -0.50864    -0.86098     0.00000
    -0.00000    -0.00000    -1.00000
           0           3           8           5
     5.26953     8.91973   -12.76080
     0.86098    -0.50864     0.00000
    -0.50864    -0.86098     0.00000
    -0.00000    -0.00000    -1.00000
           0           3           9           1
    -5.32585     8.88622   -12.75074
    -0.85774    -0.51408    -0.00000
     0.51408    -0.85774    -0.00000
     0.00000     0.00000     1.00000
           0           3           9           2
    -5.32585     8.88622    -6.37534
    -0.85774    -0.51408    -0.00000
     0.51408    -0.85774    -0.00000
     0.00000     0.00000     1.00000
           0           3           9           3
    -5.32585     8.88622     0.00006
    -0.85774    -0.51408    -0.00000
     0.51408    -0.85774    -0.00000
     0.00000     0.00000     1.00000
           0           3           9           4
    -5.32585     8.88622     6.37546
    -0.85774    -0.51408    -0.00000
     0.51408    -0.85774    -0.00000
     0.00000     0.00000     1.00000
           0           3           9           5
    -5.32585     8.88622    12.75086
    -0.85774    -0.51408    -0.00000
     0.51408    -0.85774    -0.00000
     0.00000     0.00000     1.00000
           0           3          10           1
    -8.87075     7.72820   -12.75712
    -0.65688    -0.75399    -0.00000
     0.75399    -0.65688    -0.00000
     0.00000     0.00000     1.00000
           0           3          10           2
    -8.87075     7.72820    -6.38172
    -0.65688    -0.75399    -0.00000
     0.75399    -0.65688    -0.00000
     0.00000     0.00000     1.00000
           0           3          10           3
    -8.87075     7.72820    -0.00632
    -0.65688    -0.75399    -0.00000
     0.75399    -0.65688    -0.00000
     0.00000     0.00000     1.00000
           0           3          10           4
    -8.87075     7.72820     6.36908
    -0.65688    -0.75399    -0.00000
     0.75399    -0.65688    -0.00000
     0.00000     0.00000     1.00000
           0           3          10           5
    -8.87075     7.72820    12.74448
    -0.65688    -0.75399    -0.00000
     0.75399    -0.65688    -0.00000
     0.00000     0.00000     1.00000
           0           3          11           1
   -11.63387     5.45198   -12.74328
    -0.42434    -0.90550    -0.00000
     0.90550    -0.42434    -0.00000
     0.00000    -0.00000     1.00000
           0           3          11           2
   -11.63387     5.45198    -6.36788
    -0.42434    -0.90550    -0.00000
     0.90550    -0.42434    -0.00000
     0.00000    -0.00000     1.00000
           0           3          11           3
   -11.63387     5.45198     0.00752
    -0.42434    -0.90550    -0.00000
     0.90550    -0.42434    -0.00000
     0.00000    -0.00000     1.00000
           0           3          11           4
   -11.63387     5.45198     6.38292
    -0.42434    -0.90550    -0.00000
     0.90550    -0.42434    -0.00000
     0.00000    -0.00000     1.00000
           0           3          11           5
   -11.63387     5.45198    12.75832
    -0.42434    -0.90550    -0.00000
     0.90550    -0.42434    -0.00000
     0.00000    -0.00000     1.00000
           0           3          12           1
   -10.26416     1.40594   -12.73973
    -0.13571    -0.99075    -0.00000
     0.99075    -0.13571    -0.00000
     0.00000     0.00000     1.00000
           0           3          12           2
   -10.26416     1.40594    -6.36433
    -0.13571    -0.99075    -0.00000
     0.99075    -0.13571    -0.00000
     0.00000     0.00000     1.00000
           0           3          12           3
   -10.26416     1.40594     0.01107
    -0.13571    -0.99075    -0.00000
     0.99075    -0.13571    -0.00000
     0.00000     0.00000     1.00000
           0           3          12           4
   -10.26416     1.40594     6.38647
    -0.13571    -0.99075    -0.00000
     0.99075    -0.13571    -0.00000
     0.00000     0.00000     1.00000
           0           3          12           5
   -10.26416     1.40594    12.76187
    -0.13571    -0.99075    -0.00000
     0.99075    -0.13571    -0.00000
     0.00000     0.00000     1.00000
           0           3          13           1
   -11.58206    -2.06669   -12.74345
     0.17567    -0.98445    -0.00000
     0.98445     0.17567    -0.00000
     0.00000     0.00000     1.00000
           0           3          13           2
   -11.58206    -2.06669    -6.36805
     0.17567    -0.98445    -0.00000
     0.98445     0.17567    -0.00000
     0.00000     0.00000     1.00000
           0           3          13           3
   -11.58206    -2.06669     0.00735
     0.17567    -0.98445    -0.00000
     0.98445     0.17567    -0.00000
     0.00000     0.00000     1.00000
           0           3          13           4
   -11.58206    -2.06669     6.38275
     0.17567    -0.98445    -0.00000
     0.98445     0.17567    -0.00000
     0.00000     0.00000     1.00000
           0           3          13           5
   -11.58206    -2.06669    12.75815
     0.17567    -0.98445    -0.00000
     0.98445     0.17567    -0.00000
     0.00000     0.00000     1.00000
           0           3          14           1
   -11.53103    -5.66625   -12.75176
     0.44102    -0.89750    -0.00000
     0.89750     0.44102    -0.00000
     0.00000     0.00000     1.00000
           0           3          14           2
   -11.53103    -5.66625    -6.37636
     0.44102    -0.89750    -0.00000
     0.89750     0.44102    -0.00000
     0.00000     0.00000     1.00000
           0           3          14           3
   -11.53103    -5.66625    -0.00096
     0.44102    -0.89750    -0.00000
     0.89750     0.44102    -0.00000
     0.00000     0.00000     1.00000
           0           3          14           4
   -11.53103    -5.66625     6.37444
     0.44102    -0.89750    -0.00000
     0.89750     0.44102    -0.00000
     0.00000     0.00000     1.00000
           0           3          14           5
   -11.53103    -5.66625    12.74984
     0.44102    -0.89750    -0.00000
     0.89750     0.44102    -0.00000
     0.00000     0.00000     1.00000
           0           3          15           1
    -7.53132    -7.11400   -12.74862
     0.68668    -0.72696    -0.00000
     0.72696     0.68668    -0.00000
     0.00000     0.00000     1.00000
           0           3          15           2
    -7.53132    -7.11400    -6.37322
     0.68668    -0.72696    -0.00000
     0.72696     0.68668    -0.00000
     0.00000     0.00000     1.00000
           0           3          15           3
    -7.53132    -7.11400     0.00218
     0.68668    -0.72696    -0.00000
     0.72696     0.68668    -0.00000
     0.00000     0.00000     1.00000
           0           3          15           4
    -7.53132    -7.11400     6.37758
     0.68668    -0.72696    -0.00000
     0.72696     0.68668    -0.00000
     0.00000     0.00000     1.00000
           0           3          15           5
    -7.53132    -7.11400    12.75298
     0.68668    -0.72696    -0.00000
     0.72696     0.68668    -0.00000
     0.00000     0.00000     1.00000
           0           3          16           1
    -5.63285   -10.32890   -12.74983
     0.87793    -0.47878    -0.00000
     0.47878     0.87793    -0.00000
     0.00000     0.00000     1.00000
           0           3          16           2
    -5.63285   -10.32890    -6.37443
     0.87793    -0.47878    -0.00000
     0.47878     0.87793    -0.00000
     0.00000     0.00000     1.00000
           0           3          16           3
