 SVX cage parameters:
     2.20000
     0.50000     0.20000
     0.00000
           6
   -40.00000   -26.50000   -26.50000    26.50000    26.50000    40.00000
    53.00000    53.00000    22.00000    22.00000    53.00000    53.00000
     0.00000     0.00000     0.00000
 SVX barrel parameters:
           4
     2.63000     5.13000    11.76500    16.68700     0.00000
     0.00000     0.00000     0.00000     0.00000
           4           4           5           6
     0.69600     0.69600     1.74500     1.74500
     0.01000     0.01000     0.03125     0.03125
     2.83600     2.83600     3.18770     3.18770
     0.01900     0.01900     0.00000     0.00000
     0.00000     0.00000     0.00000     0.00000
    26.70000    13.60000    17.00000    12.00000
   -13.00000   -13.02000     0.00000     0.00000
           2
           5           5
     0.00000   180.00000
           2
          10          10
     0.00000   180.00000
           2
           8           8
     0.00000   180.00000
           2
          12          12
     0.00000   180.00000
 SVX barrel sensor rotation matrices and translation vectors:
           0           1           1           1
     1.57411    -2.10249     8.58331
     0.64875     0.76100     0.00000
    -0.76100     0.64875     0.00000
     0.00000    -0.00000     1.00000
           0           1           1           2
     1.57411    -2.10249     2.89131
     0.64875     0.76100     0.00000
    -0.76100     0.64875     0.00000
     0.00000    -0.00000     1.00000
           0           1           1           3
     1.57411    -2.10249    -2.80069
     0.64875     0.76100     0.00000
    -0.76100     0.64875     0.00000
     0.00000    -0.00000     1.00000
           0           1           1           4
     1.57411    -2.10249    -8.49269
     0.64875     0.76100     0.00000
    -0.76100     0.64875     0.00000
     0.00000    -0.00000     1.00000
           0           1           2           1
     2.34425    -1.17963     8.58122
     0.24375     0.96984     0.00000
    -0.96984     0.24375     0.00000
     0.00000    -0.00000     1.00000
           0           1           2           2
     2.34425    -1.17963     2.88922
     0.24375     0.96984     0.00000
    -0.96984     0.24375     0.00000
     0.00000    -0.00000     1.00000
           0           1           2           3
     2.34425    -1.17963    -2.80278
     0.24375     0.96984     0.00000
    -0.96984     0.24375     0.00000
     0.00000    -0.00000     1.00000
           0           1           2           4
     2.34425    -1.17963    -8.49478
     0.24375     0.96984     0.00000
    -0.96984     0.24375     0.00000
     0.00000    -0.00000     1.00000
           0           1           3           1
     2.61577     0.02133     8.58414
    -0.22490     0.97438     0.00000
    -0.97438    -0.22490     0.00000
     0.00000     0.00000     1.00000
           0           1           3           2
     2.61577     0.02133     2.89214
    -0.22490     0.97438     0.00000
    -0.97438    -0.22490     0.00000
     0.00000     0.00000     1.00000
           0           1           3           3
     2.61577     0.02133    -2.79986
    -0.22490     0.97438     0.00000
    -0.97438    -0.22490     0.00000
     0.00000     0.00000     1.00000
           0           1           3           4
     2.61577     0.02133    -8.49186
    -0.22490     0.97438     0.00000
    -0.97438    -0.22490     0.00000
     0.00000     0.00000     1.00000
           0           1           4           1
     2.29000     1.20221     8.58463
    -0.64131     0.76728     0.00000
    -0.76728    -0.64131     0.00000
     0.00000     0.00000     1.00000
           0           1           4           2
     2.29000     1.20221     2.89263
    -0.64131     0.76728     0.00000
    -0.76728    -0.64131     0.00000
     0.00000     0.00000     1.00000
           0           1           4           3
     2.29000     1.20221    -2.79937
    -0.64131     0.76728     0.00000
    -0.76728    -0.64131     0.00000
     0.00000     0.00000     1.00000
           0           1           4           4
     2.29000     1.20221    -8.49137
    -0.64131     0.76728     0.00000
    -0.76728    -0.64131     0.00000
     0.00000     0.00000     1.00000
           0           1           5           1
     1.48801     2.11780     8.58192
    -0.91731     0.39817     0.00000
    -0.39817    -0.91731     0.00000
     0.00000     0.00000     1.00000
           0           1           5           2
     1.48801     2.11780     2.88992
    -0.91731     0.39817     0.00000
    -0.39817    -0.91731     0.00000
     0.00000     0.00000     1.00000
           0           1           5           3
     1.48801     2.11780    -2.80208
    -0.91731     0.39817     0.00000
    -0.39817    -0.91731     0.00000
     0.00000     0.00000     1.00000
           0           1           5           4
     1.48801     2.11780    -8.49408
    -0.91731     0.39817     0.00000
    -0.39817    -0.91731     0.00000
     0.00000     0.00000     1.00000
           0           1           6           1
    -1.54664     2.12089    -8.58342
     0.91507     0.40329     0.00000
     0.40329    -0.91507     0.00000
     0.00000    -0.00000    -1.00000
           0           1           6           2
    -1.54664     2.12089    -2.89142
     0.91507     0.40329     0.00000
     0.40329    -0.91507     0.00000
     0.00000    -0.00000    -1.00000
           0           1           6           3
    -1.54664     2.12089     2.80058
     0.91507     0.40329     0.00000
     0.40329    -0.91507     0.00000
     0.00000    -0.00000    -1.00000
           0           1           6           4
    -1.54664     2.12089     8.49258
     0.91507     0.40329     0.00000
     0.40329    -0.91507     0.00000
     0.00000    -0.00000    -1.00000
           0           1           7           1
    -2.35072     1.20530    -8.57702
     0.63584     0.77182     0.00000
     0.77182    -0.63584     0.00000
     0.00000    -0.00000    -1.00000
           0           1           7           2
    -2.35072     1.20530    -2.88502
     0.63584     0.77182     0.00000
     0.77182    -0.63584     0.00000
     0.00000    -0.00000    -1.00000
           0           1           7           3
    -2.35072     1.20530     2.80698
     0.63584     0.77182     0.00000
     0.77182    -0.63584     0.00000
     0.00000    -0.00000    -1.00000
           0           1           7           4
    -2.35071     1.20530     8.49898
     0.63584     0.77182     0.00000
     0.77182    -0.63584     0.00000
     0.00000    -0.00000    -1.00000
           0           1           8           1
    -2.65611     0.03781    -8.57720
     0.22397     0.97460     0.00000
     0.97460    -0.22397     0.00000
     0.00000    -0.00000    -1.00000
           0           1           8           2
    -2.65611     0.03781    -2.88520
     0.22397     0.97460     0.00000
     0.97460    -0.22397     0.00000
     0.00000    -0.00000    -1.00000
           0           1           8           3
    -2.65611     0.03781     2.80680
     0.22397     0.97460     0.00000
     0.97460    -0.22397     0.00000
     0.00000    -0.00000    -1.00000
           0           1           8           4
    -2.65611     0.03781     8.49880
     0.22397     0.97460     0.00000
     0.97460    -0.22397     0.00000
     0.00000    -0.00000    -1.00000
           0           1           9           1
    -2.39539    -1.14103    -8.56599
    -0.23682     0.97155     0.00000
     0.97155     0.23682     0.00000
     0.00000     0.00000    -1.00000
           0           1           9           2
    -2.39539    -1.14103    -2.87399
    -0.23682     0.97155     0.00000
     0.97155     0.23682     0.00000
     0.00000     0.00000    -1.00000
           0           1           9           3
    -2.39538    -1.14103     2.81801
    -0.23682     0.97155     0.00000
     0.97155     0.23682     0.00000
     0.00000     0.00000    -1.00000
           0           1           9           4
    -2.39538    -1.14103     8.51001
    -0.23682     0.97155     0.00000
     0.97155     0.23682     0.00000
     0.00000     0.00000    -1.00000
           0           1          10           1
    -1.63561    -2.07776    -8.56072
    -0.64672     0.76273     0.00000
     0.76273     0.64672     0.00000
     0.00000     0.00000    -1.00000
           0           1          10           2
    -1.63561    -2.07776    -2.86872
    -0.64672     0.76273     0.00000
     0.76273     0.64672     0.00000
     0.00000     0.00000    -1.00000
           0           1          10           3
    -1.63561    -2.07776     2.82328
    -0.64672     0.76273     0.00000
     0.76273     0.64672     0.00000
     0.00000     0.00000    -1.00000
           0           1          10           4
    -1.63561    -2.07776     8.51528
    -0.64672     0.76273     0.00000
     0.76273     0.64672     0.00000
     0.00000     0.00000    -1.00000
           0           2           1           1
     2.50643    -4.53860     8.56240
     0.74539     0.66662     0.00000
    -0.66662     0.74539     0.00000
     0.00000    -0.00000     1.00000
           0           2           1           2
     2.50643    -4.53860     2.87040
     0.74539     0.66662     0.00000
    -0.66662     0.74539     0.00000
     0.00000    -0.00000     1.00000
           0           2           1           3
     2.50643    -4.53860    -2.82160
     0.74539     0.66662     0.00000
    -0.66662     0.74539     0.00000
     0.00000    -0.00000     1.00000
           0           2           1           4
     2.50643    -4.53860    -8.51360
     0.74539     0.66662     0.00000
    -0.66662     0.74539     0.00000
     0.00000    -0.00000     1.00000
           0           2           2           1
     3.52535    -3.82045     8.56954
     0.56744     0.82342     0.00000
    -0.82342     0.56744     0.00000
     0.00000     0.00000     1.00000
           0           2           2           2
     3.52535    -3.82045     2.87754
     0.56744     0.82342     0.00000
    -0.82342     0.56744     0.00000
     0.00000     0.00000     1.00000
           0           2           2           3
     3.52535    -3.82045    -2.81446
     0.56744     0.82342     0.00000
    -0.82342     0.56744     0.00000
     0.00000     0.00000     1.00000
           0           2           2           4
     3.52535    -3.82045    -8.50646
     0.56744     0.82342     0.00000
    -0.82342     0.56744     0.00000
     0.00000     0.00000     1.00000
           0           2           3           1
     4.32563    -2.86786     8.56062
     0.35607     0.93446     0.00000
    -0.93446     0.35607     0.00000
     0.00000     0.00000     1.00000
           0           2           3           2
     4.32563    -2.86786     2.86862
     0.35607     0.93446     0.00000
    -0.93446     0.35607     0.00000
     0.00000     0.00000     1.00000
           0           2           3           3
     4.32563    -2.86786    -2.82338
     0.35607     0.93446     0.00000
    -0.93446     0.35607     0.00000
     0.00000     0.00000     1.00000
           0           2           3           4
     4.32563    -2.86786    -8.51538
     0.35607     0.93446     0.00000
    -0.93446     0.35607     0.00000
     0.00000     0.00000     1.00000
           0           2           4           1
     4.87954    -1.78055     8.55865
     0.12815     0.99175     0.00000
    -0.99175     0.12815     0.00000
     0.00000     0.00000     1.00000
           0           2           4           2
     4.87954    -1.78055     2.86665
     0.12815     0.99175     0.00000
    -0.99175     0.12815     0.00000
     0.00000     0.00000     1.00000
           0           2           4           3
     4.87954    -1.78055    -2.82535
     0.12815     0.99175     0.00000
    -0.99175     0.12815     0.00000
     0.00000     0.00000     1.00000
           0           2           4           4
     4.87954    -1.78055    -8.51735
     0.12815     0.99175     0.00000
    -0.99175     0.12815     0.00000
     0.00000     0.00000     1.00000
           0           2           5           1
     5.17403    -0.58130     8.55616
    -0.10960     0.99398     0.00000
    -0.99398    -0.10960     0.00000
     0.00000     0.00000     1.00000
           0           2           5           2
     5.17403    -0.58130     2.86416
    -0.10960     0.99398     0.00000
    -0.99398    -0.10960     0.00000
     0.00000     0.00000     1.00000
           0           2           5           3
     5.17403    -0.58130    -2.82784
    -0.10960     0.99398     0.00000
    -0.99398    -0.10960     0.00000
     0.00000     0.00000     1.00000
           0           2           5           4
     5.17403    -0.58130    -8.51984
    -0.10960     0.99398     0.00000
    -0.99398    -0.10960     0.00000
     0.00000     0.00000     1.00000
           0           2           6           1
     5.14600     0.64605     8.55702
    -0.33944     0.94063     0.00000
    -0.94063    -0.33944     0.00000
     0.00000     0.00000     1.00000
           0           2           6           2
     5.14600     0.64605     2.86502
    -0.33944     0.94063     0.00000
    -0.94063    -0.33944     0.00000
     0.00000     0.00000     1.00000
           0           2           6           3
     5.14600     0.64605    -2.82698
    -0.33944     0.94063     0.00000
    -0.94063    -0.33944     0.00000
     0.00000     0.00000     1.00000
           0           2           6           4
     5.14600     0.64605    -8.51898
    -0.33944     0.94063     0.00000
    -0.94063    -0.33944     0.00000
     0.00000     0.00000     1.00000
           0           2           7           1
     4.81805     1.84047     8.56275
    -0.55197     0.83386     0.00000
    -0.83386    -0.55197     0.00000
     0.00000     0.00000     1.00000
           0           2           7           2
     4.81805     1.84047     2.87075
    -0.55197     0.83386     0.00000
    -0.83386    -0.55197     0.00000
     0.00000     0.00000     1.00000
           0           2           7           3
     4.81805     1.84047    -2.82125
    -0.55197     0.83386     0.00000
    -0.83386    -0.55197     0.00000
     0.00000     0.00000     1.00000
           0           2           7           4
     4.81805     1.84047    -8.51325
    -0.55197     0.83386     0.00000
    -0.83386    -0.55197     0.00000
     0.00000     0.00000     1.00000
           0           2           8           1
     4.27382     2.93275     8.55992
    -0.73025     0.68318     0.00000
    -0.68318    -0.73025     0.00000
     0.00000     0.00000     1.00000
           0           2           8           2
     4.27382     2.93275     2.86792
    -0.73025     0.68318     0.00000
    -0.68318    -0.73025     0.00000
     0.00000     0.00000     1.00000
           0           2           8           3
     4.27382     2.93275    -2.82408
    -0.73025     0.68318     0.00000
    -0.68318    -0.73025     0.00000
     0.00000     0.00000     1.00000
           0           2           8           4
     4.27382     2.93275    -8.51608
    -0.73025     0.68318     0.00000
    -0.68318    -0.73025     0.00000
     0.00000     0.00000     1.00000
           0           2           9           1
     3.43814     3.82769     8.56356
    -0.86917     0.49451     0.00000
    -0.49451    -0.86917     0.00000
     0.00000     0.00000     1.00000
           0           2           9           2
     3.43814     3.82769     2.87156
    -0.86917     0.49451     0.00000
    -0.49451    -0.86917     0.00000
     0.00000     0.00000     1.00000
           0           2           9           3
     3.43814     3.82769    -2.82044
    -0.86917     0.49451     0.00000
    -0.49451    -0.86917     0.00000
     0.00000     0.00000     1.00000
           0           2           9           4
     3.43814     3.82769    -8.51244
    -0.86917     0.49451     0.00000
    -0.49451    -0.86917     0.00000
     0.00000     0.00000     1.00000
           0           2          10           1
     2.40699     4.54618     8.58114
    -0.96244     0.27150     0.00000
    -0.27150    -0.96244     0.00000
     0.00000     0.00000     1.00000
           0           2          10           2
     2.40699     4.54618     2.88914
    -0.96244     0.27150     0.00000
    -0.27150    -0.96244     0.00000
     0.00000     0.00000     1.00000
           0           2          10           3
     2.40699     4.54618    -2.80286
    -0.96244     0.27150     0.00000
    -0.27150    -0.96244     0.00000
     0.00000     0.00000     1.00000
           0           2          10           4
     2.40699     4.54618    -8.49486
    -0.96244     0.27150     0.00000
    -0.27150    -0.96244     0.00000
     0.00000     0.00000     1.00000
           0           2          11           1
    -2.44251     4.55933    -8.58074
     0.96263     0.27081     0.00000
     0.27081    -0.96263     0.00000
     0.00000    -0.00000    -1.00000
           0           2          11           2
    -2.44251     4.55933    -2.88874
     0.96263     0.27081     0.00000
     0.27081    -0.96263     0.00000
     0.00000    -0.00000    -1.00000
           0           2          11           3
    -2.44251     4.55933     2.80326
     0.96263     0.27081     0.00000
     0.27081    -0.96263     0.00000
     0.00000    -0.00000    -1.00000
           0           2          11           4
    -2.44251     4.55933     8.49526
     0.96263     0.27081     0.00000
     0.27081    -0.96263     0.00000
     0.00000    -0.00000    -1.00000
           0           2          12           1
    -3.49839     3.88412    -8.58452
     0.87138     0.49061     0.00000
     0.49061    -0.87138     0.00000
     0.00000    -0.00000    -1.00000
           0           2          12           2
    -3.49839     3.88412    -2.89252
     0.87138     0.49061     0.00000
     0.49061    -0.87138     0.00000
     0.00000    -0.00000    -1.00000
           0           2          12           3
    -3.49839     3.88412     2.79948
     0.87138     0.49061     0.00000
     0.49061    -0.87138     0.00000
     0.00000    -0.00000    -1.00000
           0           2          12           4
    -3.49839     3.88412     8.49148
     0.87138     0.49061     0.00000
     0.49061    -0.87138     0.00000
     0.00000    -0.00000    -1.00000
           0           2          13           1
    -4.28356     2.96095    -8.57488
     0.73335     0.67985     0.00000
     0.67985    -0.73335     0.00000
     0.00000    -0.00000    -1.00000
           0           2          13           2
    -4.28356     2.96095    -2.88288
     0.73335     0.67985     0.00000
     0.67985    -0.73335     0.00000
     0.00000    -0.00000    -1.00000
           0           2          13           3
    -4.28356     2.96095     2.80912
     0.73335     0.67985     0.00000
     0.67985    -0.73335     0.00000
     0.00000    -0.00000    -1.00000
           0           2          13           4
    -4.28356     2.96095     8.50112
     0.73335     0.67985     0.00000
     0.67985    -0.73335     0.00000
     0.00000    -0.00000    -1.00000
           0           2          14           1
    -4.87234     1.86255    -8.56303
     0.55030     0.83497     0.00000
     0.83497    -0.55030     0.00000
     0.00000    -0.00000    -1.00000
           0           2          14           2
    -4.87234     1.86255    -2.87103
     0.55030     0.83497     0.00000
     0.83497    -0.55030     0.00000
     0.00000    -0.00000    -1.00000
           0           2          14           3
    -4.87234     1.86255     2.82097
     0.55030     0.83497     0.00000
     0.83497    -0.55030     0.00000
     0.00000    -0.00000    -1.00000
           0           2          14           4
    -4.87233     1.86255     8.51297
     0.55030     0.83497     0.00000
     0.83497    -0.55030     0.00000
     0.00000    -0.00000    -1.00000
           0           2          15           1
    -5.18561     0.67315    -8.55972
     0.33841     0.94100     0.00000
     0.94100    -0.33841     0.00000
     0.00000    -0.00000    -1.00000
           0           2          15           2
    -5.18561     0.67315    -2.86772
     0.33841     0.94100     0.00000
     0.94100    -0.33841     0.00000
     0.00000    -0.00000    -1.00000
           0           2          15           3
    -5.18561     0.67315     2.82428
     0.33841     0.94100     0.00000
     0.94100    -0.33841     0.00000
     0.00000    -0.00000    -1.00000
           0           2          15           4
    -5.18561     0.67315     8.51628
     0.33841     0.94100     0.00000
     0.94100    -0.33841     0.00000
     0.00000    -0.00000    -1.00000
           0           2          16           1
    -5.17904    -0.55915    -8.56039
     0.10782     0.99417     0.00000
     0.99417    -0.10782     0.00000
     0.00000    -0.00000    -1.00000
           0           2          16           2
    -5.17904    -0.55915    -2.86839
     0.10782     0.99417     0.00000
     0.99417    -0.10782     0.00000
     0.00000    -0.00000    -1.00000
           0           2          16           3
    -5.17904    -0.55915     2.82361
     0.10782     0.99417     0.00000
     0.99417    -0.10782     0.00000
     0.00000    -0.00000    -1.00000
           0           2          16           4
    -5.17904    -0.55915     8.51561
     0.10782     0.99417     0.00000
     0.99417    -0.10782     0.00000
     0.00000    -0.00000    -1.00000
           0           2          17           1
    -4.88208    -1.74410    -8.57148
    -0.12849     0.99171     0.00000
     0.99171     0.12849     0.00000
     0.00000     0.00000    -1.00000
           0           2          17           2
    -4.88208    -1.74410    -2.87948
    -0.12849     0.99171     0.00000
     0.99171     0.12849     0.00000
     0.00000     0.00000    -1.00000
           0           2          17           3
    -4.88208    -1.74410     2.81252
    -0.12849     0.99171     0.00000
     0.99171     0.12849     0.00000
     0.00000     0.00000    -1.00000
           0           2          17           4
    -4.88208    -1.74410     8.50452
    -0.12849     0.99171     0.00000
     0.99171     0.12849     0.00000
     0.00000     0.00000    -1.00000
           0           2          18           1
    -4.33957    -2.84668    -8.56736
    -0.35839     0.93357     0.00000
     0.93357     0.35839     0.00000
     0.00000     0.00000    -1.00000
           0           2          18           2
    -4.33957    -2.84668    -2.87536
    -0.35839     0.93357     0.00000
     0.93357     0.35839     0.00000
     0.00000     0.00000    -1.00000
           0           2          18           3
    -4.33957    -2.84668     2.81664
    -0.35839     0.93357     0.00000
     0.93357     0.35839     0.00000
     0.00000     0.00000    -1.00000
           0           2          18           4
    -4.33957    -2.84668     8.50865
    -0.35839     0.93357     0.00000
     0.93357     0.35839     0.00000
     0.00000     0.00000    -1.00000
           0           2          19           1
    -3.55490    -3.79930    -8.55830
    -0.56769     0.82324     0.00000
     0.82324     0.56769     0.00000
     0.00000     0.00000    -1.00000
           0           2          19           2
    -3.55490    -3.79930    -2.86630
    -0.56769     0.82324     0.00000
     0.82324     0.56769     0.00000
     0.00000     0.00000    -1.00000
           0           2          19           3
    -3.55490    -3.79930     2.82570
    -0.56769     0.82324     0.00000
     0.82324     0.56769     0.00000
     0.00000     0.00000    -1.00000
           0           2          19           4
    -3.55490    -3.79930     8.51770
    -0.56769     0.82324     0.00000
     0.82324     0.56769     0.00000
     0.00000     0.00000    -1.00000
           0           2          20           1
    -2.55179    -4.51719    -8.62199
    -0.74549     0.66652     0.00000
     0.66652     0.74549     0.00000
     0.00000     0.00000    -1.00000
           0           2          20           2
    -2.55178    -4.51719    -2.92999
    -0.74549     0.66652     0.00000
     0.66652     0.74549     0.00000
     0.00000     0.00000    -1.00000
           0           2          20           3
    -2.55178    -4.51719     2.76200
    -0.74549     0.66652     0.00000
     0.66652     0.74549     0.00000
     0.00000     0.00000    -1.00000
           0           2          20           4
    -2.55178    -4.51719     8.45401
    -0.74549     0.66652     0.00000
     0.66652     0.74549     0.00000
     0.00000     0.00000    -1.00000
           0           3           1           1
     5.65887   -10.31463    12.68273
    -0.87798    -0.47869    -0.00000
    -0.47869     0.87798    -0.00000
     0.00000    -0.00000    -1.00000
           0           3           1           2
     5.65887   -10.31463     6.30733
    -0.87798    -0.47869    -0.00000
    -0.47869     0.87798    -0.00000
     0.00000    -0.00000    -1.00000
           0           3           1           3
     5.65887   -10.31463    -0.06807
    -0.87798    -0.47869    -0.00000
    -0.47869     0.87798    -0.00000
     0.00000    -0.00000    -1.00000
           0           3           1           4
     5.65887   -10.31463    -6.44347
    -0.87798    -0.47869    -0.00000
    -0.47869     0.87798    -0.00000
     0.00000    -0.00000    -1.00000
           0           3           1           5
     5.65887   -10.31463   -12.81887
    -0.87798    -0.47869    -0.00000
    -0.47869     0.87798    -0.00000
     0.00000    -0.00000    -1.00000
           0           3           2           1
     7.58303    -7.07572    12.72836
    -0.68606    -0.72754     0.00000
    -0.72754     0.68606     0.00000
    -0.00000     0.00000    -1.00000
           0           3           2           2
     7.58303    -7.07572     6.35295
    -0.68606    -0.72754     0.00000
    -0.72754     0.68606     0.00000
    -0.00000     0.00000    -1.00000
           0           3           2           3
     7.58303    -7.07572    -0.02245
    -0.68606    -0.72754     0.00000
    -0.72754     0.68606     0.00000
    -0.00000     0.00000    -1.00000
           0           3           2           4
     7.58303    -7.07572    -6.39785
    -0.68606    -0.72754     0.00000
    -0.72754     0.68606     0.00000
    -0.00000     0.00000    -1.00000
           0           3           2           5
     7.58303    -7.07572   -12.77324
    -0.68606    -0.72754     0.00000
    -0.72754     0.68606     0.00000
    -0.00000     0.00000    -1.00000
           0           3           3           1
    11.51145    -5.58436    12.72575
    -0.44222    -0.89691     0.00000
    -0.89691     0.44222     0.00000
    -0.00000     0.00000    -1.00000
           0           3           3           2
    11.51145    -5.58436     6.35040
    -0.44222    -0.89691     0.00000
    -0.89691     0.44222     0.00000
    -0.00000     0.00000    -1.00000
           0           3           3           3
    11.51145    -5.58436    -0.02500
    -0.44222    -0.89691     0.00000
    -0.89691     0.44222     0.00000
    -0.00000     0.00000    -1.00000
           0           3           3           4
    11.51145    -5.58436    -6.40040
    -0.44222    -0.89691     0.00000
    -0.89691     0.44222     0.00000
    -0.00000     0.00000    -1.00000
           0           3           3           5
    11.51145    -5.58436   -12.77585
    -0.44222    -0.89691     0.00000
    -0.89691     0.44222     0.00000
    -0.00000     0.00000    -1.00000
           0           3           4           1
    11.60154    -2.00007    12.72750
    -0.17606    -0.98438     0.00000
    -0.98438     0.17606     0.00000
    -0.00000     0.00000    -1.00000
           0           3           4           2
    11.60154    -2.00007     6.35206
    -0.17606    -0.98438     0.00000
    -0.98438     0.17606     0.00000
    -0.00000     0.00000    -1.00000
           0           3           4           3
    11.60154    -2.00007    -0.02334
    -0.17606    -0.98438     0.00000
    -0.98438     0.17606     0.00000
    -0.00000     0.00000    -1.00000
           0           3           4           4
    11.60154    -2.00007    -6.39874
    -0.17606    -0.98438     0.00000
    -0.98438     0.17606     0.00000
    -0.00000     0.00000    -1.00000
           0           3           4           5
    11.60154    -2.00007   -12.77410
    -0.17606    -0.98438     0.00000
    -0.98438     0.17606     0.00000
    -0.00000     0.00000    -1.00000
           0           3           5           1
    10.26603     1.47945    12.72751
     0.13772    -0.99047     0.00000
    -0.99047    -0.13772     0.00000
    -0.00000    -0.00000    -1.00000
           0           3           5           2
    10.26603     1.47945     6.35209
     0.13772    -0.99047     0.00000
    -0.99047    -0.13772     0.00000
    -0.00000    -0.00000    -1.00000
           0           3           5           3
    10.26603     1.47945    -0.02331
     0.13772    -0.99047     0.00000
    -0.99047    -0.13772     0.00000
    -0.00000    -0.00000    -1.00000
           0           3           5           4
    10.26603     1.47945    -6.39871
     0.13772    -0.99047     0.00000
    -0.99047    -0.13772     0.00000
    -0.00000    -0.00000    -1.00000
           0           3           5           5
    10.26603     1.47945   -12.77409
     0.13772    -0.99047     0.00000
    -0.99047    -0.13772     0.00000
    -0.00000    -0.00000    -1.00000
           0           3           6           1
    11.60863     5.50557    12.68259
     0.42340    -0.90594     0.00000
    -0.90594    -0.42340     0.00000
    -0.00000    -0.00000    -1.00000
           0           3           6           2
    11.60863     5.50557     6.30719
     0.42340    -0.90594     0.00000
    -0.90594    -0.42340     0.00000
    -0.00000    -0.00000    -1.00000
           0           3           6           3
    11.60863     5.50557    -0.06821
     0.42340    -0.90594     0.00000
    -0.90594    -0.42340     0.00000
    -0.00000    -0.00000    -1.00000
           0           3           6           4
    11.60863     5.50557    -6.44361
     0.42340    -0.90594     0.00000
    -0.90594    -0.42340     0.00000
    -0.00000    -0.00000    -1.00000
           0           3           6           5
    11.60863     5.50557   -12.81901
     0.42340    -0.90594     0.00000
    -0.90594    -0.42340     0.00000
    -0.00000    -0.00000    -1.00000
           0           3           7           1
     8.74606     7.75870    12.71873
     0.65786    -0.75314     0.00000
    -0.75314    -0.65786     0.00000
    -0.00000    -0.00000    -1.00000
           0           3           7           2
     8.74606     7.75870     6.34332
     0.65786    -0.75314     0.00000
    -0.75314    -0.65786     0.00000
    -0.00000    -0.00000    -1.00000
           0           3           7           3
     8.74606     7.75870    -0.03208
     0.65786    -0.75314     0.00000
    -0.75314    -0.65786     0.00000
    -0.00000    -0.00000    -1.00000
           0           3           7           4
     8.74606     7.75870    -6.40748
     0.65786    -0.75314     0.00000
    -0.75314    -0.65786     0.00000
    -0.00000    -0.00000    -1.00000
           0           3           7           5
     8.74606     7.75870   -12.78287
     0.65786    -0.75314     0.00000
    -0.75314    -0.65786     0.00000
    -0.00000    -0.00000    -1.00000
           0           3           8           1
     5.25166     8.93028    12.68451
     0.85840    -0.51299     0.00000
    -0.51299    -0.85840     0.00000
    -0.00000    -0.00000    -1.00000
           0           3           8           2
     5.25166     8.93028     6.30911
     0.85840    -0.51299     0.00000
    -0.51299    -0.85840     0.00000
    -0.00000    -0.00000    -1.00000
           0           3           8           3
     5.25166     8.93028    -0.06629
     0.85840    -0.51299     0.00000
    -0.51299    -0.85840     0.00000
    -0.00000    -0.00000    -1.00000
           0           3           8           4
     5.25166     8.93028    -6.44169
     0.85840    -0.51299     0.00000
    -0.51299    -0.85840     0.00000
    -0.00000    -0.00000    -1.00000
           0           3           8           5
     5.25166     8.93028   -12.81709
     0.85840    -0.51299     0.00000
    -0.51299    -0.85840     0.00000
    -0.00000    -0.00000    -1.00000
           0           3           9           1
    -5.17463     8.87530   -12.73850
    -0.85947    -0.51119    -0.00000
     0.51119    -0.85947    -0.00000
     0.00000    -0.00000     1.00000
           0           3           9           2
    -5.17463     8.87530    -6.36310
    -0.85947    -0.51119    -0.00000
     0.51119    -0.85947    -0.00000
     0.00000    -0.00000     1.00000
           0           3           9           3
    -5.17463     8.87530     0.01230
    -0.85947    -0.51119    -0.00000
     0.51119    -0.85947    -0.00000
     0.00000    -0.00000     1.00000
           0           3           9           4
    -5.17463     8.87530     6.38770
    -0.85947    -0.51119    -0.00000
     0.51119    -0.85947    -0.00000
     0.00000    -0.00000     1.00000
           0           3           9           5
    -5.17463     8.87530    12.76310
    -0.85947    -0.51119    -0.00000
     0.51119    -0.85947    -0.00000
     0.00000    -0.00000     1.00000
           0           3          10           1
    -8.81433     7.79248   -12.69250
    -0.65768    -0.75330    -0.00000
     0.75330    -0.65768    -0.00000
     0.00000    -0.00000     1.00000
           0           3          10           2
    -8.81433     7.79248    -6.31710
    -0.65768    -0.75330    -0.00000
     0.75330    -0.65768    -0.00000
     0.00000    -0.00000     1.00000
           0           3          10           3
    -8.81433     7.79248     0.05830
    -0.65768    -0.75330    -0.00000
     0.75330    -0.65768    -0.00000
     0.00000    -0.00000     1.00000
           0           3          10           4
    -8.81433     7.79248     6.43370
    -0.65768    -0.75330    -0.00000
     0.75330    -0.65768    -0.00000
     0.00000    -0.00000     1.00000
           0           3          10           5
    -8.81433     7.79248    12.80910
    -0.65768    -0.75330    -0.00000
     0.75330    -0.65768    -0.00000
     0.00000    -0.00000     1.00000
           0           3          11           1
   -11.57320     5.50377   -12.73991
    -0.42236    -0.90643    -0.00000
     0.90643    -0.42236    -0.00000
     0.00000     0.00000     1.00000
           0           3          11           2
   -11.57320     5.50377    -6.36446
    -0.42236    -0.90643    -0.00000
     0.90643    -0.42236    -0.00000
     0.00000     0.00000     1.00000
           0           3          11           3
   -11.57320     5.50377     0.01094
    -0.42236    -0.90643    -0.00000
     0.90643    -0.42236    -0.00000
     0.00000     0.00000     1.00000
           0           3          11           4
   -11.57320     5.50377     6.38634
    -0.42236    -0.90643    -0.00000
     0.90643    -0.42236    -0.00000
     0.00000     0.00000     1.00000
           0           3          11           5
   -11.57320     5.50377    12.76179
    -0.42236    -0.90643    -0.00000
     0.90643    -0.42236    -0.00000
     0.00000     0.00000     1.00000
           0           3          12           1
   -10.25723     1.50833   -12.73583
    -0.13804    -0.99043    -0.00000
     0.99043    -0.13804    -0.00000
     0.00000    -0.00000     1.00000
           0           3          12           2
   -10.25723     1.50833    -6.36042
    -0.13804    -0.99043    -0.00000
     0.99043    -0.13804    -0.00000
     0.00000    -0.00000     1.00000
           0           3          12           3
   -10.25723     1.50833     0.01498
    -0.13804    -0.99043    -0.00000
     0.99043    -0.13804    -0.00000
     0.00000    -0.00000     1.00000
           0           3          12           4
   -10.25723     1.50833     6.39038
    -0.13804    -0.99043    -0.00000
     0.99043    -0.13804    -0.00000
     0.00000    -0.00000     1.00000
           0           3          12           5
   -10.25723     1.50833    12.76577
    -0.13804    -0.99043    -0.00000
     0.99043    -0.13804    -0.00000
     0.00000    -0.00000     1.00000
           0           3          13           1
   -11.58878    -1.97277   -12.72750
     0.17634    -0.98433    -0.00000
     0.98433     0.17634    -0.00000
     0.00000     0.00000     1.00000
           0           3          13           2
   -11.58878    -1.97277    -6.35215
     0.17634    -0.98433    -0.00000
     0.98433     0.17634    -0.00000
     0.00000     0.00000     1.00000
           0           3          13           3
   -11.58878    -1.97277     0.02325
     0.17634    -0.98433    -0.00000
     0.98433     0.17634    -0.00000
     0.00000     0.00000     1.00000
           0           3          13           4
   -11.58878    -1.97277     6.39865
     0.17634    -0.98433    -0.00000
     0.98433     0.17634    -0.00000
     0.00000     0.00000     1.00000
           0           3          13           5
   -11.58878    -1.97277    12.77410
     0.17634    -0.98433    -0.00000
     0.98433     0.17634    -0.00000
     0.00000     0.00000     1.00000
           0           3          14           1
   -11.57852    -5.56865   -12.69471
     0.44167    -0.89718    -0.00000
     0.89718     0.44167    -0.00000
     0.00000     0.00000     1.00000
           0           3          14           2
   -11.57852    -5.56865    -6.31931
     0.44167    -0.89718    -0.00000
     0.89718     0.44167    -0.00000
     0.00000     0.00000     1.00000
           0           3          14           3
   -11.57852    -5.56865     0.05609
     0.44167    -0.89718    -0.00000
     0.89718     0.44167    -0.00000
     0.00000     0.00000     1.00000
           0           3          14           4
   -11.57852    -5.56865     6.43149
     0.44167    -0.89718    -0.00000
     0.89718     0.44167    -0.00000
     0.00000     0.00000     1.00000
           0           3          14           5
   -11.57852    -5.56865    12.80689
     0.44167    -0.89718    -0.00000
     0.89718     0.44167    -0.00000
     0.00000     0.00000     1.00000
           0           3          15           1
    -7.61398    -7.02547   -12.68641
     0.68651    -0.72712    -0.00000
     0.72712     0.68651    -0.00000
     0.00000     0.00000     1.00000
           0           3          15           2
    -7.61398    -7.02547    -6.31101
     0.68651    -0.72712    -0.00000
     0.72712     0.68651    -0.00000
     0.00000     0.00000     1.00000
           0           3          15           3
    -7.61398    -7.02547     0.06439
     0.68651    -0.72712    -0.00000
     0.72712     0.68651    -0.00000
     0.00000     0.00000     1.00000
           0           3          15           4
    -7.61398    -7.02547     6.43979
     0.68651    -0.72712    -0.00000
     0.72712     0.68651    -0.00000
     0.00000     0.00000     1.00000
           0           3          15           5
    -7.61398    -7.02547    12.81519
     0.68651    -0.72712    -0.00000
     0.72712     0.68651    -0.00000
     0.00000     0.00000     1.00000
           0           3          16           1
    -5.73325   -10.27354   -12.68623
     0.87808    -0.47852    -0.00000
     0.47852     0.87808    -0.00000
     0.00000     0.00000     1.00000
           0           3          16           2
    -5.73325   -10.27354    -6.31083
     0.87808    -0.47852    -0.00000
     0.47852     0.87808    -0.00000
     0.00000     0.00000     1.00000
           0           3          16           3
