 SVX cage parameters:
   2.2000000
  0.50000000      0.20000000
   0.0000000
           6
  -40.000000      -26.500000      -26.500000       26.500000       26.500000       40.000000
   53.000000       53.000000       22.000000       22.000000       53.000000       53.000000
   0.0000000       0.0000000       0.0000000
 SVX barrel parameters:
4
2.63 5.13 11.765 16.687 1.214 
0 0 0 0 
4 4 5 6 
0.696 0.696 1.745 1.745 
0.01 0.01 0.03125 0.03125 
2.836 2.836 3.1877 3.1877 
0.019 0.019 0 0 
0.02 0.02 0 0 
26.7 13.6 17 12 
-13 -13.02 0 0 
2
5 5
   0.0000000       180.00000
2
10 10
   0.0000000       180.00000
2
8 8
   0.0000000       180.00000
2
12 12
   0.0000000       180.00000
 SVX barrel sensor rotation matrices and translation vectors

 0 1 1 1
 1.5702106 -2.0797019 8.6096735
 0.64813977 0.76152152 0
 -0.76152152 0.64813977 0
 0 0 1
 0 1 1 2
 1.5702106 -2.0797019 2.9176722
 0.64813977 0.76152152 0
 -0.76152152 0.64813977 0
 0 0 1
 0 1 1 3
 1.5702106 -2.0797019 -2.7743278
 0.64813977 0.76152152 0
 -0.76152152 0.64813977 0
 0 0 1
 0 1 1 4
 1.5702106 -2.0797019 -8.4663267
 0.64813977 0.76152152 0
 -0.76152152 0.64813977 0
 0 0 1
 0 1 2 1
 2.328686 -1.1363584 8.6117964
 0.23686297 0.97154301 0
 -0.97154301 0.23686297 0
 0 0 1
 0 1 2 2
 2.328686 -1.1363584 2.9197965
 0.23686297 0.97154301 0
 -0.97154301 0.23686297 0
 0 0 1
 0 1 2 3
 2.328686 -1.1363584 -2.7722034
 0.23686297 0.97154301 0
 -0.97154301 0.23686297 0
 0 0 1
 0 1 2 4
 2.328686 -1.1363584 -8.4642038
 0.23686297 0.97154301 0
 -0.97154301 0.23686297 0
 0 0 1
 0 1 3 1
 2.5801535 0.041359629 8.6068325
 -0.22492619 0.97437578 0
 -0.97437578 -0.22492619 0
 0 0 1
 0 1 3 2
 2.5801535 0.041359629 2.9148319
 -0.22492619 0.97437578 0
 -0.97437578 -0.22492619 0
 0 0 1
 0 1 3 3
 2.5801535 0.041359629 -2.7771683
 -0.22492619 0.97437578 0
 -0.97437578 -0.22492619 0
 0 0 1
 0 1 3 4
 2.5801535 0.041359629 -8.4691677
 -0.22492619 0.97437578 0
 -0.97437578 -0.22492619 0
 0 0 1
 0 1 4 1
 2.2794671 1.2130582 8.6062698
 -0.63874781 0.76941603 0
 -0.76941603 -0.63874781 0
 0 0 1
 0 1 4 2
 2.2794671 1.2130582 2.9142716
 -0.63874781 0.76941603 0
 -0.76941603 -0.63874781 0
 0 0 1
 0 1 4 3
 2.2794671 1.2130582 -2.7777283
 -0.63874781 0.76941603 0
 -0.76941603 -0.63874781 0
 0 0 1
 0 1 4 4
 2.2794671 1.2130582 -8.4697304
 -0.63874781 0.76941603 0
 -0.76941603 -0.63874781 0
 0 0 1
 0 1 5 1
 1.4795526 2.1203332 8.6008806
 -0.91635257 0.40037239 0
 -0.40037239 -0.91635257 0
 0 0 1
 0 1 5 2
 1.4795526 2.1203332 2.9088807
 -0.91635257 0.40037239 0
 -0.40037239 -0.91635257 0
 0 0 1
 0 1 5 3
 1.4795526 2.1203332 -2.7831194
 -0.91635257 0.40037239 0
 -0.40037239 -0.91635257 0
 0 0 1
 0 1 5 4
 1.4795526 2.1203332 -8.4751196
 -0.91635257 0.40037239 0
 -0.40037239 -0.91635257 0
 0 0 1
 0 1 6 1
 -1.5909212 2.1194847 -8.5389147
 0.91635239 0.40037259 0
 0.40037259 -0.91635239 0
 0 0 -1
 0 1 6 2
 -1.5909207 2.1194847 -2.8469155
 0.91635239 0.40037259 0
 0.40037259 -0.91635239 0
 0 0 -1
 0 1 6 3
 -1.5909202 2.1194847 2.8450842
 0.91635239 0.40037259 0
 0.40037259 -0.91635239 0
 0 0 -1
 0 1 6 4
 -1.5909199 2.1194847 8.5370855
 0.91635239 0.40037259 0
 0.40037259 -0.91635239 0
 0 0 -1
 0 1 7 1
 -2.3967128 1.221684 -8.5393133
 0.63874805 0.76941597 0
 0.76941597 -0.63874805 0
 0 0 -1
 0 1 7 2
 -2.3967123 1.221684 -2.8473141
 0.63874805 0.76941597 0
 0.76941597 -0.63874805 0
 0 0 -1
 0 1 7 3
 -2.3967118 1.221684 2.8446858
 0.63874805 0.76941597 0
 0.76941597 -0.63874805 0
 0 0 -1
 0 1 7 4
 -2.3967113 1.221684 8.5366869
 0.63874805 0.76941597 0
 0.76941597 -0.63874805 0
 0 0 -1
 0 1 8 1
 -2.7071326 0.05167976 -8.5548744
 0.22492608 0.97437578 0
 0.97437578 -0.22492608 0
 0 0 -1
 0 1 8 2
 -2.7071321 0.05167976 -2.8628747
 0.22492608 0.97437578 0
 0.97437578 -0.22492608 0
 0 0 -1
 0 1 8 3
 -2.7071316 0.05167973 2.8291252
 0.22492608 0.97437578 0
 0.97437578 -0.22492608 0
 0 0 -1
 0 1 8 4
 -2.7071307 0.05167973 8.5211258
 0.22492608 0.97437578 0
 0.97437578 -0.22492608 0
 0 0 -1
 0 1 9 1
 -2.4557705 -1.1361712 -8.540164
 -0.23686306 0.97154307 0
 0.97154307 0.23686306 0
 0 0 -1
 0 1 9 2
 -2.45577 -1.1361712 -2.8481631
 -0.23686306 0.97154307 0
 0.97154307 0.23686306 0
 0 0 -1
 0 1 9 3
 -2.4557695 -1.1361712 2.843837
 -0.23686306 0.97154307 0
 0.97154307 0.23686306 0
 0 0 -1
 0 1 9 4
 -2.4557691 -1.1361712 8.5358362
 -0.23686306 0.97154307 0
 0.97154307 0.23686306 0
 0 0 -1
 0 1 10 1
 -1.6929229 -2.078084 -8.5434608
 -0.64813924 0.76152176 0
 0.76152176 0.64813924 0
 0 0 -1
 0 1 10 2
 -1.6929225 -2.078084 -2.8514607
 -0.64813924 0.76152176 0
 0.76152176 0.64813924 0
 0 0 -1
 0 1 10 3
 -1.692922 -2.078084 2.8405392
 -0.64813924 0.76152176 0
 0.76152176 0.64813924 0
 0 0 -1
 0 1 10 4
 -1.6929215 -2.078084 8.5325394
 -0.64813924 0.76152176 0
 0.76152176 0.64813924 0
 0 0 -1
 0 2 1 1
 2.523514 -4.5086098 8.604044
 0.74525201 0.66678286 0
 -0.66678286 0.74525201 0
 0 0 1
 0 2 1 2
 2.523514 -4.5086098 2.912044
 0.74525201 0.66678286 0
 -0.66678286 0.74525201 0
 0 0 1
 0 2 1 3
 2.523514 -4.5086098 -2.7799559
 0.74525201 0.66678286 0
 -0.66678286 0.74525201 0
 0 0 1
 0 2 1 4
 2.523514 -4.5086098 -8.4719563
 0.74525201 0.66678286 0
 -0.66678286 0.74525201 0
 0 0 1
 0 2 2 1
 3.5240488 -3.8000717 8.6155558
 0.56756717 0.82332718 0
 -0.82332718 0.56756717 0
 0 0 1
 0 2 2 2
 3.5240488 -3.8000717 2.9235559
 0.56756717 0.82332718 0
 -0.82332718 0.56756717 0
 0 0 1
 0 2 2 3
 3.5240488 -3.8000717 -2.7684441
 0.56756717 0.82332718 0
 -0.82332718 0.56756717 0
 0 0 1
 0 2 2 4
 3.5240488 -3.8000717 -8.4604445
 0.56756717 0.82332718 0
 -0.82332718 0.56756717 0
 0 0 1
 0 2 3 1
 4.3015022 -2.8522069 8.6032715
 0.35805473 0.93370068 0
 -0.93370068 0.35805473 0
 0 0 1
 0 2 3 2
 4.3015022 -2.8522069 2.9112704
 0.35805473 0.93370068 0
 -0.93370068 0.35805473 0
 0 0 1
 0 2 3 3
 4.3015022 -2.8522069 -2.7807295
 0.35805473 0.93370068 0
 -0.93370068 0.35805473 0
 0 0 1
 0 2 3 4
 4.3015022 -2.8522069 -8.4727287
 0.35805473 0.93370068 0
 -0.93370068 0.35805473 0
 0 0 1
 0 2 4 1
 4.8628712 -1.7580928 8.6064882
 0.12846246 0.99171436 0
 -0.99171436 0.12846246 0
 0 0 1
 0 2 4 2
 4.8628712 -1.7580928 2.9144869
 0.12846246 0.99171436 0
 -0.99171436 0.12846246 0
 0 0 1
 0 2 4 3
 4.8628712 -1.7580928 -2.7775133
 0.12846246 0.99171436 0
 -0.99171436 0.12846246 0
 0 0 1
 0 2 4 4
 4.8628712 -1.7580928 -8.469512
 0.12846246 0.99171436 0
 -0.99171436 0.12846246 0
 0 0 1
 0 2 5 1
 5.1380348 -0.56308752 8.6020279
 -0.1083333 0.99411464 0
 -0.99411464 -0.1083333 0
 0 0 1
 0 2 5 2
 5.1380348 -0.56308752 2.9100268
 -0.1083333 0.99411464 0
 -0.99411464 -0.1083333 0
 0 0 1
 0 2 5 3
 5.1380348 -0.56308752 -2.7819731
 -0.1083333 0.99411464 0
 -0.99411464 -0.1083333 0
 0 0 1
 0 2 5 4
 5.1380348 -0.56308752 -8.4739723
 -0.1083333 0.99411464 0
 -0.99411464 -0.1083333 0
 0 0 1
 0 2 6 1
 5.1236396 0.66318393 8.5985794
 -0.33905396 0.94076693 0
 -0.94076693 -0.33905396 0
 0 0 1
 0 2 6 2
 5.1236396 0.66318393 2.9065771
 -0.33905396 0.94076693 0
 -0.94076693 -0.33905396 0
 0 0 1
 0 2 6 3
 5.1236396 0.66318393 -2.7854228
 -0.33905396 0.94076693 0
 -0.94076693 -0.33905396 0
 0 0 1
 0 2 6 4
 5.1236396 0.66318393 -8.4774218
 -0.33905396 0.94076693 0
 -0.94076693 -0.33905396 0
 0 0 1
 0 2 7 1
 4.8236685 1.8622009 8.5952978
 -0.5507611 0.83466291 0
 -0.83466291 -0.5507611 0
 0 0 1
 0 2 7 2
 4.8236685 1.8622009 2.9032986
 -0.5507611 0.83466291 0
 -0.83466291 -0.5507611 0
 0 0 1
 0 2 7 3
 4.8236685 1.8622009 -2.7887013
 -0.5507611 0.83466291 0
 -0.83466291 -0.5507611 0
 0 0 1
 0 2 7 4
 4.8236685 1.8622009 -8.4807024
 -0.5507611 0.83466291 0
 -0.83466291 -0.5507611 0
 0 0 1
 0 2 8 1
 4.2438989 2.9476044 8.5969057
 -0.73158258 0.68175286 0
 -0.68175286 -0.73158258 0
 0 0 1
 0 2 8 2
 4.2438989 2.9476044 2.904906
 -0.73158258 0.68175286 0
 -0.68175286 -0.73158258 0
 0 0 1
 0 2 8 3
 4.2438989 2.9476044 -2.7870939
 -0.73158258 0.68175286 0
 -0.68175286 -0.73158258 0
 0 0 1
 0 2 8 4
 4.2438989 2.9476044 -8.4790945
 -0.73158258 0.68175286 0
 -0.68175286 -0.73158258 0
 0 0 1
 0 2 9 1
 3.4193289 3.858433 8.596736
 -0.87137854 0.49061114 0
 -0.49061114 -0.87137854 0
 0 0 1
 0 2 9 2
 3.4193289 3.858433 2.9047372
 -0.87137854 0.49061114 0
 -0.49061114 -0.87137854 0
 0 0 1
 0 2 9 3
 3.4193289 3.858433 -2.7872624
 -0.87137854 0.49061114 0
 -0.49061114 -0.87137854 0
 0 0 1
 0 2 9 4
 3.4193289 3.858433 -8.4792643
 -0.87137854 0.49061114 0
 -0.49061114 -0.87137854 0
 0 0 1
 0 2 10 1
 2.4092829 4.5587101 8.611927
 -0.96230936 0.27195698 0
 -0.27195698 -0.96230936 0
 0 0 1
 0 2 10 2
 2.4092829 4.5587101 2.9199269
 -0.96230936 0.27195698 0
 -0.27195698 -0.96230936 0
 0 0 1
 0 2 10 3
 2.4092829 4.5587101 -2.772073
 -0.96230936 0.27195698 0
 -0.27195698 -0.96230936 0
 0 0 1
 0 2 10 4
 2.4092829 4.5587101 -8.4640732
 -0.96230936 0.27195698 0
 -0.27195698 -0.96230936 0
 0 0 1
 0 2 11 1
 -2.4815965 4.5360804 -8.5171318
 0.96230942 0.27195695 0
 0.27195695 -0.96230942 0
 0 0 -1
 0 2 11 2
 -2.481596 4.5360804 -2.8251328
 0.96230942 0.27195695 0
 0.27195695 -0.96230942 0
 0 0 -1
 0 2 11 3
 -2.4815955 4.5360804 2.8668671
 0.96230942 0.27195695 0
 0.27195695 -0.96230942 0
 0 0 -1
 0 2 11 4
 -2.481595 4.5360804 8.5588675
 0.96230942 0.27195695 0
 0.27195695 -0.96230942 0
 0 0 -1
 0 2 12 1
 -3.5311666 3.8588097 -8.5408316
 0.8713786 0.49061114 0
 0.49061114 -0.8713786 0
 0 0 -1
 0 2 12 2
 -3.5311661 3.8588097 -2.8488309
 0.8713786 0.49061114 0
 0.49061114 -0.8713786 0
 0 0 -1
 0 2 12 3
 -3.5311656 3.8588097 2.843169
 0.8713786 0.49061114 0
 0.49061114 -0.8713786 0
 0 0 -1
 0 2 12 4
 -3.5311651 3.8588097 8.5351686
 0.8713786 0.49061114 0
 0.49061114 -0.8713786 0
 0 0 -1
 0 2 13 1
 -4.3347683 2.9531398 -8.5274982
 0.73158276 0.6817525 0
 0.6817525 -0.73158276 0
 0 0 -1
 0 2 13 2
 -4.3347683 2.9531398 -2.8354988
 0.73158276 0.6817525 0
 0.6817525 -0.73158276 0
 0 0 -1
 0 2 13 3
 -4.3347683 2.9531398 2.8565011
 0.73158276 0.6817525 0
 0.6817525 -0.73158276 0
 0 0 -1
 0 2 13 4
 -4.3347673 2.9531398 8.548502
 0.73158276 0.6817525 0
 0.6817525 -0.73158276 0
 0 0 -1
 0 2 14 1
 -4.9177632 1.8714696 -8.5207462
 0.5507611 0.83466291 0
 0.83466291 -0.5507611 0
 0 0 -1
 0 2 14 2
 -4.9177632 1.8714696 -2.8287442
 0.5507611 0.83466291 0
 0.83466291 -0.5507611 0
 0 0 -1
 0 2 14 3
 -4.9177623 1.8714696 2.863256
 0.5507611 0.83466291 0
 0.83466291 -0.5507611 0
 0 0 -1
 0 2 14 4
 -4.9177623 1.8714696 8.555254
 0.5507611 0.83466291 0
 0.83466291 -0.5507611 0
 0 0 -1
 0 2 15 1
 -5.2378006 0.6785661 -8.5221138
 0.33905399 0.94076687 0
 0.94076687 -0.33905399 0
 0 0 -1
 0 2 15 2
 -5.2378006 0.6785661 -2.8301146
 0.33905399 0.94076687 0
 0.94076687 -0.33905399 0
 0 0 -1
 0 2 15 3
 -5.2377996 0.6785661 2.8618853
 0.33905399 0.94076687 0
 0.94076687 -0.33905399 0
 0 0 -1
 0 2 15 4
 -5.2377996 0.6785661 8.5538864
 0.33905399 0.94076687 0
 0.94076687 -0.33905399 0
 0 0 -1
 0 2 16 1
 -5.2569432 -0.55824852 -8.5224895
 0.10833333 0.99411464 0
 0.99411464 -0.10833333 0
 0 0 -1
 0 2 16 2
 -5.2569432 -0.55824852 -2.8304913
 0.10833333 0.99411464 0
 0.99411464 -0.10833333 0
 0 0 -1
 0 2 16 3
 -5.2569423 -0.55824852 2.8615086
 0.10833333 0.99411464 0
 0.99411464 -0.10833333 0
 0 0 -1
 0 2 16 4
 -5.2569423 -0.55824852 8.5535107
 0.10833333 0.99411464 0
 0.99411464 -0.10833333 0
 0 0 -1
 0 2 17 1
 -4.9848166 -1.7602633 -8.5230522
 -0.12846243 0.99171436 0
 0.99171436 0.12846243 0
 0 0 -1
 0 2 17 2
 -4.9848156 -1.7602633 -2.8310525
 -0.12846243 0.99171436 0
 0.99171436 0.12846243 0
 0 0 -1
 0 2 17 3
 -4.9848146 -1.7602633 2.8609474
 -0.12846243 0.99171436 0
 0.99171436 0.12846243 0
 0 0 -1
 0 2 17 4
 -4.9848146 -1.7602633 8.552948
 -0.12846243 0.99171436 0
 0.99171436 0.12846243 0
 0 0 -1
 0 2 18 1
 -4.4357285 -2.8663552 -8.5283031
 -0.35805428 0.93370074 0
 0.93370074 0.35805428 0
 0 0 -1
 0 2 18 2
 -4.4357276 -2.8663552 -2.8363049
 -0.35805428 0.93370074 0
 0.93370074 0.35805428 0
 0 0 -1
 0 2 18 3
 -4.4357276 -2.8663552 2.855695
 -0.35805428 0.93370074 0
 0.93370074 0.35805428 0
 0 0 -1
 0 2 18 4
 -4.4357266 -2.8663552 8.5476971
 -0.35805428 0.93370074 0
 0.93370074 0.35805428 0
 0 0 -1
 0 2 19 1
 -3.5882623 -3.7662699 -8.5273027
 -0.56756705 0.82332712 0
 0.82332712 0.56756705 0
 0 0 -1
 0 2 19 2
 -3.5882618 -3.7662699 -2.8353033
 -0.56756705 0.82332712 0
 0.82332712 0.56756705 0
 0 0 -1
 0 2 19 3
 -3.5882609 -3.7662699 2.8566964
 -0.56756705 0.82332712 0
 0.82332712 0.56756705 0
 0 0 -1
 0 2 19 4
 -3.5882609 -3.7662699 8.5486975
 -0.56756705 0.82332712 0
 0.82332712 0.56756705 0
 0 0 -1
 0 2 20 1
 -2.6061318 -4.4836941 -8.530242
 -0.74525195 0.66678298 0
 0.66678298 0.74525195 0
 0 0 -1
 0 2 20 2
 -2.6061313 -4.4836941 -2.8382423
 -0.74525195 0.66678298 0
 0.66678298 0.74525195 0
 0 0 -1
 0 2 20 3
 -2.6061308 -4.4836941 2.8537576
 -0.74525195 0.66678298 0
 0.66678298 0.74525195 0
 0 0 -1
 0 2 20 4
 -2.6061304 -4.4836941 8.5457582
 -0.74525195 0.66678298 0
 0.66678298 0.74525195 0
 0 0 -1
 0 3 1 1
 5.7106743 -10.286888 12.6768
 -0.87806648 -0.47853845 1.1859817e-07
 -0.47853863 0.87806654 -3.4927844e-08
 -8.7422777e-08 0 -1
 0 3 1 2
 5.7106738 -10.286888 6.3014007
 -0.87806648 -0.47853845 1.1859817e-07
 -0.47853863 0.87806654 -3.4927844e-08
 -8.7422777e-08 0 -1
 0 3 1 3
 5.7106729 -10.286888 -0.073999606
 -0.87806648 -0.47853845 1.1859817e-07
 -0.47853863 0.87806654 -3.4927844e-08
 -8.7422777e-08 0 -1
 0 3 1 4
 5.7106724 -10.286888 -6.4493995
 -0.87806648 -0.47853845 1.1859817e-07
 -0.47853863 0.87806654 -3.4927844e-08
 -8.7422777e-08 0 -1
 0 3 1 5
 5.7106719 -10.286888 -12.8248
 -0.87806648 -0.47853845 1.1859817e-07
 -0.47853863 0.87806654 -3.4927844e-08
 -8.7422777e-08 0 -1
 0 3 2 1
 7.598248 -7.0607543 12.770932
 -0.68670678 -0.72693443 1.2358444e-07
 -0.72693437 0.68670702 3.5167886e-09
 -8.7422777e-08 0 -1
 0 3 2 2
 7.5982471 -7.0607543 6.3955331
 -0.68670678 -0.72693443 1.2358444e-07
 -0.72693437 0.68670702 3.5167886e-09
 -8.7422777e-08 0 -1
 0 3 2 3
 7.5982466 -7.0607543 0.020132698
 -0.68670678 -0.72693443 1.2358444e-07
 -0.72693437 0.68670702 3.5167886e-09
 -8.7422777e-08 0 -1
 0 3 2 4
 7.5982461 -7.0607543 -6.355267
 -0.68670678 -0.72693443 1.2358444e-07
 -0.72693437 0.68670702 3.5167886e-09
 -8.7422777e-08 0 -1
 0 3 2 5
 7.5982456 -7.0607543 -12.730668
 -0.68670678 -0.72693443 1.2358444e-07
 -0.72693437 0.68670702 3.5167886e-09
 -8.7422777e-08 0 -1
 0 3 3 1
 11.530281 -5.5464377 12.786693
 -0.44166213 -0.89718139 1.1704542e-07
 -0.89718139 0.4416624 3.982273e-08
 -8.7422777e-08 0 -1
 0 3 3 2
 11.530281 -5.5464377 6.4112935
 -0.44166213 -0.89718139 1.1704542e-07
 -0.89718139 0.4416624 3.982273e-08
 -8.7422777e-08 0 -1
 0 3 3 3
 11.530278 -5.5464377 0.035893522
 -0.44166213 -0.89718139 1.1704542e-07
 -0.89718139 0.4416624 3.982273e-08
 -8.7422777e-08 0 -1
 0 3 3 4
 11.530278 -5.5464377 -6.3395066
 -0.44166213 -0.89718139 1.1704542e-07
 -0.89718139 0.4416624 3.982273e-08
 -8.7422777e-08 0 -1
 0 3 3 5
 11.530278 -5.5464377 -12.714908
 -0.44166213 -0.89718139 1.1704542e-07
 -0.89718139 0.4416624 3.982273e-08
 -8.7422777e-08 0 -1
 0 3 4 1
 11.62019 -1.9788598 12.783452
 -0.17622556 -0.98434979 1.0146073e-07
 -0.98434979 0.17622574 7.0648454e-08
 -8.7422777e-08 0 -1
 0 3 4 2
 11.620187 -1.9788598 6.408051
 -0.17622556 -0.98434979 1.0146073e-07
 -0.98434979 0.17622574 7.0648454e-08
 -8.7422777e-08 0 -1
 0 3 4 3
 11.620187 -1.9788598 0.032651018
 -0.17622556 -0.98434979 1.0146073e-07
 -0.98434979 0.17622574 7.0648454e-08
 -8.7422777e-08 0 -1
 0 3 4 4
 11.620187 -1.9788598 -6.3427491
 -0.17622556 -0.98434979 1.0146073e-07
 -0.98434979 0.17622574 7.0648454e-08
 -8.7422777e-08 0 -1
 0 3 4 5
 11.620187 -1.9788598 -12.718149
 -0.17622556 -0.98434979 1.0146073e-07
 -0.98434979 0.17622574 7.0648454e-08
 -8.7422777e-08 0 -1
 0 3 5 1
 10.261054 1.517344 12.781041
 0.13727199 -0.99053341 7.4594489e-08
 -0.99053341 -0.13727181 9.8595862e-08
 -8.7422777e-08 0 -1
 0 3 5 2
 10.261054 1.517344 6.4056425
 0.13727199 -0.99053341 7.4594489e-08
 -0.99053341 -0.13727181 9.8595862e-08
 -8.7422777e-08 0 -1
 0 3 5 3
 10.261051 1.517344 0.030241687
 0.13727199 -0.99053341 7.4594489e-08
 -0.99053341 -0.13727181 9.8595862e-08
 -8.7422777e-08 0 -1
 0 3 5 4
 10.261051 1.517344 -6.3451576
 0.13727199 -0.99053341 7.4594489e-08
 -0.99053341 -0.13727181 9.8595862e-08
 -8.7422777e-08 0 -1
 0 3 5 5
 10.261051 1.517344 -12.720559
 0.13727199 -0.99053341 7.4594489e-08
 -0.99053341 -0.13727181 9.8595862e-08
 -8.7422777e-08 0 -1
 0 3 6 1
 11.530172 5.5328217 12.788146
 0.42340913 -0.90593863 4.2184073e-08
 -0.90593857 -0.42340899 1.1621526e-07
 -8.7422777e-08 0 -1
 0 3 6 2
 11.530171 5.5328217 6.4127483
 0.42340913 -0.90593863 4.2184073e-08
 -0.90593857 -0.42340899 1.1621526e-07
 -8.7422777e-08 0 -1
 0 3 6 3
 11.530171 5.5328217 0.037348531
 0.42340913 -0.90593863 4.2184073e-08
 -0.90593857 -0.42340899 1.1621526e-07
 -8.7422777e-08 0 -1
 0 3 6 4
 11.53017 5.5328217 -6.3380518
 0.42340913 -0.90593863 4.2184073e-08
 -0.90593857 -0.42340899 1.1621526e-07
 -8.7422777e-08 0 -1
 0 3 6 5
 11.53017 5.5328217 -12.713453
 0.42340913 -0.90593863 4.2184073e-08
 -0.90593857 -0.42340899 1.1621526e-07
 -8.7422777e-08 0 -1
 0 3 7 1
 8.7355995 7.7963514 12.793158
 0.65750682 -0.75344861 8.3875022e-09
 -0.75344855 -0.6575067 1.2334964e-07
 -8.7422777e-08 0 -1
 0 3 7 2
 8.7355986 7.7963514 6.417757
 0.65750682 -0.75344861 8.3875022e-09
 -0.75344855 -0.6575067 1.2334964e-07
 -8.7422777e-08 0 -1
 0 3 7 3
 8.7355986 7.7963514 0.042357501
 0.65750682 -0.75344861 8.3875022e-09
 -0.75344855 -0.6575067 1.2334964e-07
 -8.7422777e-08 0 -1
 0 3 7 4
 8.7355976 7.7963514 -6.3330431
 0.65750682 -0.75344861 8.3875022e-09
 -0.75344855 -0.6575067 1.2334964e-07
 -8.7422777e-08 0 -1
 0 3 7 5
 8.7355976 7.7963514 -12.708443
 0.65750682 -0.75344861 8.3875022e-09
 -0.75344855 -0.6575067 1.2334964e-07
 -8.7422777e-08 0 -1
 0 3 8 1
 5.2045989 8.9590235 12.790088
 0.8585127 -0.51279235 -3.0223823e-08
 -0.51279235 -0.85851264 1.1988328e-07
 -8.7422777e-08 0 -1
 0 3 8 2
 5.2045984 8.9590235 6.4146881
 0.8585127 -0.51279235 -3.0223823e-08
 -0.51279235 -0.85851264 1.1988328e-07
 -8.7422777e-08 0 -1
 0 3 8 3
 5.2045979 8.9590235 0.039288215
 0.8585127 -0.51279235 -3.0223823e-08
 -0.51279235 -0.85851264 1.1988328e-07
 -8.7422777e-08 0 -1
 0 3 8 4
 5.204597 8.9590235 -6.336112
 0.8585127 -0.51279235 -3.0223823e-08
 -0.51279235 -0.85851264 1.1988328e-07
 -8.7422777e-08 0 -1
 0 3 8 5
 5.2045965 8.9590235 -12.711512
 0.8585127 -0.51279235 -3.0223823e-08
 -0.51279235 -0.85851264 1.1988328e-07
 -8.7422777e-08 0 -1
 0 3 9 1
 -5.2371216 8.8918676 -12.677271
 -0.85851264 -0.51279235 3.246052e-08
 0.51279253 -0.85851264 -5.7198957e-08
 0 0 1
 0 3 9 2
 -5.2371216 8.8918676 -6.3018689
 -0.85851264 -0.51279235 3.246052e-08
 0.51279253 -0.85851264 -5.7198957e-08
 0 0 1
 0 3 9 3
 -5.2371216 8.8918676 0.073530711
 -0.85851264 -0.51279235 3.246052e-08
 0.51279253 -0.85851264 -5.7198957e-08
 0 0 1
 0 3 9 4
 -5.2371216 8.8918676 6.4489312
 -0.85851264 -0.51279235 3.246052e-08
 0.51279253 -0.85851264 -5.7198957e-08
 0 0 1
 0 3 9 5
 -5.2371216 8.8918676 12.824329
 -0.85851264 -0.51279235 3.246052e-08
 0.51279253 -0.85851264 -5.7198957e-08
 0 0 1
 0 3 10 1
 -8.7926674 7.783946 -12.67459
 -0.6575067 -0.75344861 3.592686e-08
 0.75344872 -0.6575067 -9.5810293e-08
 0 0 1
 0 3 10 2
 -8.7926674 7.783946 -6.2991905
 -0.6575067 -0.75344861 3.592686e-08
 0.75344872 -0.6575067 -9.5810293e-08
 0 0 1
 0 3 10 3
 -8.7926674 7.783946 0.07620988
 -0.6575067 -0.75344861 3.592686e-08
 0.75344872 -0.6575067 -9.5810293e-08
 0 0 1
 0 3 10 4
 -8.7926674 7.783946 6.4516096
 -0.6575067 -0.75344861 3.592686e-08
 0.75344872 -0.6575067 -9.5810293e-08
 0 0 1
 0 3 10 5
 -8.7926674 7.783946 12.82701
 -0.6575067 -0.75344861 3.592686e-08
 0.75344872 -0.6575067 -9.5810293e-08
 0 0 1
 0 3 11 1
 -11.604483 5.532402 -12.671405
 -0.42340893 -0.90593863 2.8792485e-08
 0.90593868 -0.42340901 -1.2960686e-07
 0 0 1
 0 3 11 2
 -11.604483 5.532402 -6.2960024
 -0.42340893 -0.90593863 2.8792485e-08
 0.90593868 -0.42340901 -1.2960686e-07
 0 0 1
 0 3 11 3
 -11.604483 5.532402 0.079397388
 -0.42340893 -0.90593863 2.8792485e-08
 0.90593868 -0.42340901 -1.2960686e-07
 0 0 1
 0 3 11 4
 -11.604483 5.532402 6.4547977
 -0.42340893 -0.90593863 2.8792485e-08
 0.90593868 -0.42340901 -1.2960686e-07
 0 0 1
 0 3 11 5
 -11.604483 5.532402 12.830197
 -0.42340893 -0.90593863 2.8792485e-08
 0.90593868 -0.42340901 -1.2960686e-07
 0 0 1
 0 3 12 1
 -10.281409 1.5034125 -12.672722
 -0.13727154 -0.99053347 1.1173078e-08
 0.99053341 -0.13727161 -1.6201729e-07
 0 0 1
 0 3 12 2
 -10.281409 1.5034125 -6.2973228
 -0.13727154 -0.99053347 1.1173078e-08
 0.99053341 -0.13727161 -1.6201729e-07
 0 0 1
 0 3 12 3
 -10.281409 1.5034125 0.07807643
 -0.13727154 -0.99053347 1.1173078e-08
 0.99053341 -0.13727161 -1.6201729e-07
 0 0 1
 0 3 12 4
 -10.281409 1.5034125 6.4534774
 -0.13727154 -0.99053347 1.1173078e-08
 0.99053341 -0.13727161 -1.6201729e-07
 0 0 1
 0 3 12 5
 -10.281409 1.5034125 12.828876
 -0.13727154 -0.99053347 1.1173078e-08
 0.99053341 -0.13727161 -1.6201729e-07
 0 0 1
 0 3 13 1
 -11.626486 -1.9806036 -12.682669
 0.17622589 -0.98434979 -1.6774337e-08
 0.98434979 0.17622587 -1.8888352e-07
 0 0 1
 0 3 13 2
 -11.626486 -1.9806036 -6.3072653
 0.17622589 -0.98434979 -1.6774337e-08
 0.98434979 0.17622587 -1.8888352e-07
 0 0 1
 0 3 13 3
 -11.626486 -1.9806036 0.06813404
 0.17622589 -0.98434979 -1.6774337e-08
 0.98434979 0.17622587 -1.8888352e-07
 0 0 1
 0 3 13 4
 -11.626486 -1.9806036 6.4435349
 0.17622589 -0.98434979 -1.6774337e-08
 0.98434979 0.17622587 -1.8888352e-07
 0 0 1
 0 3 13 5
 -11.626486 -1.9806036 12.818934
 0.17622589 -0.98434979 -1.6774337e-08
 0.98434979 0.17622587 -1.8888352e-07
 0 0 1
 0 3 14 1
 -11.577519 -5.5698981 -12.688789
 0.44166255 -0.89718127 -4.7600057e-08
 0.89718127 0.44166246 -2.0446822e-07
 0 0 1
 0 3 14 2
 -11.577519 -5.5698981 -6.3133883
 0.44166255 -0.89718127 -4.7600057e-08
 0.89718127 0.44166246 -2.0446822e-07
 0 0 1
 0 3 14 3
 -11.577519 -5.5698981 0.062011346
 0.44166255 -0.89718127 -4.7600057e-08
 0.89718127 0.44166246 -2.0446822e-07
 0 0 1
 0 3 14 4
 -11.577519 -5.5698981 6.4374118
 0.44166255 -0.89718127 -4.7600057e-08
 0.89718127 0.44166246 -2.0446822e-07
 0 0 1
 0 3 14 5
 -11.577519 -5.5698981 12.812811
 0.44166255 -0.89718127 -4.7600057e-08
 0.89718127 0.44166246 -2.0446822e-07
 0 0 1
 0 3 15 1
 -7.6026297 -7.0371842 -12.700913
 0.68670696 -0.72693437 -8.3905981e-08
 0.72693431 0.68670696 -2.1100723e-07
 0 0 1
 0 3 15 2
 -7.6026297 -7.0371842 -6.3255162
 0.68670696 -0.72693437 -8.3905981e-08
 0.72693431 0.68670696 -2.1100723e-07
 0 0 1
 0 3 15 3
 -7.6026297 -7.0371842 0.049884245
 0.68670696 -0.72693437 -8.3905981e-08
 0.72693431 0.68670696 -2.1100723e-07
 0 0 1
 0 3 15 4
 -7.6026297 -7.0371842 6.4252839
 0.68670696 -0.72693437 -8.3905981e-08
 0.72693431 0.68670696 -2.1100723e-07
 0 0 1
 0 3 15 5
 -7.6026297 -7.0371842 12.800688
 0.68670696 -0.72693437 -8.3905981e-08
 0.72693431 0.68670696 -2.1100723e-07
 0 0 1
 0 3 16 1
 -5.8304915 -10.216398 -12.703736
 0.8780666 -0.47853857 -1.2235063e-07
 0.47853842 0.87806654 -2.0602096e-07
 0 0 1
 0 3 16 2
 -5.8304915 -10.216398 -6.3283339
 0.8780666 -0.47853857 -1.2235063e-07
 0.47853842 0.87806654 -2.0602096e-07
 0 0 1
 0 3 16 3
 -5.8304915 -10.216398 0.047066379
 0.8780666 -0.47853857 -1.2235063e-07
 0.47853842 0.87806654 -2.0602096e-07
 0 0 1
 0 3 16 4
 -5.8304915 -10.216398 6.4224663
 0.8780666 -0.47853857 -1.2235063e-07
 0.47853842 0.87806654 -2.0602096e-07
 0 0 1
 0 3 16 5
 -5.8304915 -10.216398 12.797865
 0.8780666 -0.47853857 -1.2235063e-07
 0.47853842 0.87806654 -2.0602096e-07
 0 0 1
 0 4 1 1
 6.6571116 -13.968414 -16.012497
 0.90726435 0.42056072 -2.0350495e-07
 -0.42056099 0.90726435 -1.2997174e-07
 0 0 1
 0 4 1 2
 6.6571116 -13.968414 -9.6370983
 0.90726435 0.42056072 -2.0350495e-07
 -0.42056099 0.90726435 -1.2997174e-07
 0 0 1
 0 4 1 3
 6.6571116 -13.968414 -3.2616982
 0.90726435 0.42056072 -2.0350495e-07
 -0.42056099 0.90726435 -1.2997174e-07
 0 0 1
 0 4 1 4
 6.6571116 -13.968414 3.1137018
 0.90726435 0.42056072 -2.0350495e-07
 -0.42056099 0.90726435 -1.2997174e-07
 0 0 1
 0 4 1 5
 6.6571116 -13.968414 9.4891014
 0.90726435 0.42056072 -2.0350495e-07
 -0.42056099 0.90726435 -1.2997174e-07
 0 0 1
 0 4 1 6
 6.6571116 -13.968414 15.864502
 0.90726435 0.42056072 -2.0350495e-07
 -0.42056099 0.90726435 -1.2997174e-07
 0 0 1
 0 4 2 1
 10.239688 -13.176629 -15.938569
 0.79536754 0.60612732 -2.0994537e-07
 -0.6061272 0.79536784 -1.0396672e-07
 0 0 1
 0 4 2 2
 10.239688 -13.176629 -9.5631676
 0.79536754 0.60612732 -2.0994537e-07
 -0.6061272 0.79536784 -1.0396672e-07
 0 0 1
 0 4 2 3
 10.239688 -13.176629 -3.1877673
 0.79536754 0.60612732 -2.0994537e-07
 -0.6061272 0.79536784 -1.0396672e-07
 0 0 1
 0 4 2 4
 10.239688 -13.176629 3.1876328
 0.79536754 0.60612732 -2.0994537e-07
 -0.6061272 0.79536784 -1.0396672e-07
 0 0 1
 0 4 2 5
 10.239688 -13.176629 9.5630322
 0.79536754 0.60612732 -2.0994537e-07
 -0.6061272 0.79536784 -1.0396672e-07
 0 0 1
 0 4 2 6
 10.239688 -13.176629 15.938433
 0.79536754 0.60612732 -2.0994537e-07
 -0.6061272 0.79536784 -1.0396672e-07
 0 0 1
 0 4 3 1
 13.595681 -11.646388 -15.933745
 0.65763831 0.75333381 -2.1077389e-07
 -0.75333399 0.65763813 -7.9056782e-08
 0 0 1
 0 4 3 2
 13.595681 -11.646388 -9.5583467
 0.65763831 0.75333381 -2.1077389e-07
 -0.75333399 0.65763813 -7.9056782e-08
 0 0 1
 0 4 3 3
 13.595681 -11.646388 -3.1829455
 0.65763831 0.75333381 -2.1077389e-07
 -0.75333399 0.65763813 -7.9056782e-08
 0 0 1
 0 4 3 4
 13.595681 -11.646388 3.1924546
 0.65763831 0.75333381 -2.1077389e-07
 -0.75333399 0.65763813 -7.9056782e-08
 0 0 1
 0 4 3 5
 13.595681 -11.646388 9.567853
 0.65763831 0.75333381 -2.1077389e-07
 -0.75333399 0.65763813 -7.9056782e-08
 0 0 1
 0 4 3 6
 13.595681 -11.646388 15.943254
 0.65763831 0.75333381 -2.1077389e-07
 -0.75333399 0.65763813 -7.9056782e-08
 0 0 1
 0 4 4 1
 13.54335 -7.3712611 -15.923263
 0.48603019 0.87394196 -2.0631532e-07
 -0.87394214 0.4860301 -5.351043e-08
 0 0 1
 0 4 4 2
 13.54335 -7.3712611 -9.5478621
 0.48603019 0.87394196 -2.0631532e-07
 -0.87394214 0.4860301 -5.351043e-08
 0 0 1
 0 4 4 3
 13.54335 -7.3712611 -3.1724594
 0.48603019 0.87394196 -2.0631532e-07
 -0.87394214 0.4860301 -5.351043e-08
 0 0 1
 0 4 4 4
 13.54335 -7.3712611 3.2029407
 0.48603019 0.87394196 -2.0631532e-07
 -0.87394214 0.4860301 -5.351043e-08
 0 0 1
 0 4 4 5
 13.54335 -7.3712611 9.5783377
 0.48603019 0.87394196 -2.0631532e-07
 -0.87394214 0.4860301 -5.351043e-08
 0 0 1
 0 4 4 6
 13.54335 -7.3712611 15.953738
 0.48603019 0.87394196 -2.0631532e-07
 -0.87394214 0.4860301 -5.351043e-08
 0 0 1
 0 4 5 1
 16.092007 -4.6521468 -15.926492
 0.28635693 0.95812297 -1.9621868e-07
 -0.95812297 0.28635705 -2.869513e-08
 0 0 1
 0 4 5 2
 16.092007 -4.6521468 -9.5510902
 0.28635693 0.95812297 -1.9621868e-07
 -0.95812297 0.28635705 -2.869513e-08
 0 0 1
 0 4 5 3
 16.092007 -4.6521468 -3.1756899
 0.28635693 0.95812297 -1.9621868e-07
 -0.95812297 0.28635705 -2.869513e-08
 0 0 1
 0 4 5 4
 16.092007 -4.6521468 3.1997101
 0.28635693 0.95812297 -1.9621868e-07
 -0.95812297 0.28635705 -2.869513e-08
 0 0 1
 0 4 5 5
 16.092007 -4.6521468 9.5751095
 0.28635693 0.95812297 -1.9621868e-07
 -0.95812297 0.28635705 -2.869513e-08
 0 0 1
 0 4 5 6
 16.092007 -4.6521468 15.95051
 0.28635693 0.95812297 -1.9621868e-07
 -0.95812297 0.28635705 -2.869513e-08
 0 0 1
 0 4 6 1
 17.862299 -1.4356242 -15.922361
 0.088372588 0.99608749 -1.8222929e-07
 -0.99608743 0.088372946 -8.0678504e-09
 0 0 1
 0 4 6 2
 17.862299 -1.4356242 -9.5469637
 0.088372588 0.99608749 -1.8222929e-07
 -0.99608743 0.088372946 -8.0678504e-09
 0 0 1
 0 4 6 3
 17.862299 -1.4356242 -3.1715627
 0.088372588 0.99608749 -1.8222929e-07
 -0.99608743 0.088372946 -8.0678504e-09
 0 0 1
 0 4 6 4
 17.862299 -1.4356242 3.2038374
 0.088372588 0.99608749 -1.8222929e-07
 -0.99608743 0.088372946 -8.0678504e-09
 0 0 1
 0 4 6 5
 17.862299 -1.4356242 9.579236
 0.088372588 0.99608749 -1.8222929e-07
 -0.99608743 0.088372946 -8.0678504e-09
 0 0 1
 0 4 6 6
 17.862299 -1.4356242 15.954637
 0.088372588 0.99608749 -1.8222929e-07
 -0.99608743 0.088372946 -8.0678504e-09
 0 0 1
 0 4 7 1
 15.234836 1.9987608 -15.915667
 -0.12134953 0.99260986 -1.6359078e-07
 -0.99260986 -0.12134964 9.9626511e-09
 0 0 1
 0 4 7 2
 15.234836 1.9987608 -9.5402699
 -0.12134953 0.99260986 -1.6359078e-07
 -0.99260986 -0.12134964 9.9626511e-09
 0 0 1
 0 4 7 3
 15.234836 1.9987608 -3.1648679
 -0.12134953 0.99260986 -1.6359078e-07
 -0.99260986 -0.12134964 9.9626511e-09
 0 0 1
 0 4 7 4
 15.234836 1.9987608 3.2105322
 -0.12134953 0.99260986 -1.6359078e-07
 -0.99260986 -0.12134964 9.9626511e-09
 0 0 1
 0 4 7 5
 15.234836 1.9987608 9.5859299
 -0.12134953 0.99260986 -1.6359078e-07
 -0.99260986 -0.12134964 9.9626511e-09
 0 0 1
 0 4 7 6
 15.234836 1.9987608 15.961329
 -0.12134953 0.99260986 -1.6359078e-07
 -0.99260986 -0.12134964 9.9626511e-09
 0 0 1
 0 4 8 1
 15.594681 5.6698909 -15.916383
 -0.33232591 0.94316465 -1.40824e-07
 -0.94316465 -0.33232576 2.4084137e-08
 0 0 1
 0 4 8 2
 15.594681 5.6698909 -9.5409861
 -0.33232591 0.94316465 -1.40824e-07
 -0.94316465 -0.33232576 2.4084137e-08
 0 0 1
 0 4 8 3
 15.594681 5.6698909 -3.1655836
 -0.33232591 0.94316465 -1.40824e-07
 -0.94316465 -0.33232576 2.4084137e-08
 0 0 1
 0 4 8 4
 15.594681 5.6698909 3.2098165
 -0.33232591 0.94316465 -1.40824e-07
 -0.94316465 -0.33232576 2.4084137e-08
 0 0 1
 0 4 8 5
 15.594681 5.6698909 9.5852137
 -0.33232591 0.94316465 -1.40824e-07
 -0.94316465 -0.33232576 2.4084137e-08
 0 0 1
 0 4 8 6
 15.594681 5.6698909 15.960614
 -0.33232591 0.94316465 -1.40824e-07
 -0.94316465 -0.33232576 2.4084137e-08
 0 0 1
 0 4 9 1
 15.167093 9.3295517 -15.914184
 -0.51473916 0.85734689 -1.173745e-07
 -0.85734683 -0.51473904 3.2528781e-08
 0 0 1
 0 4 9 2
 15.167093 9.3295517 -9.5387878
 -0.51473916 0.85734689 -1.173745e-07
 -0.85734683 -0.51473904 3.2528781e-08
 0 0 1
 0 4 9 3
 15.167093 9.3295517 -3.1633871
 -0.51473916 0.85734689 -1.173745e-07
 -0.85734683 -0.51473904 3.2528781e-08
 0 0 1
 0 4 9 4
 15.167093 9.3295517 3.212013
 -0.51473916 0.85734689 -1.173745e-07
 -0.85734683 -0.51473904 3.2528781e-08
 0 0 1
 0 4 9 5
 15.167093 9.3295517 9.5874119
 -0.51473916 0.85734689 -1.173745e-07
 -0.85734683 -0.51473904 3.2528781e-08
 0 0 1
 0 4 9 6
 15.167093 9.3295517 15.962812
 -0.51473916 0.85734689 -1.173745e-07
 -0.85734683 -0.51473904 3.2528781e-08
 0 0 1
 0 4 10 1
 11.179608 10.650943 -15.917965
 -0.68225384 0.7311154 -9.1694396e-08
 -0.73111522 -0.68225396 3.6137891e-08
 0 0 1
 0 4 10 2
 11.179608 10.650943 -9.5425663
 -0.68225384 0.7311154 -9.1694396e-08
 -0.73111522 -0.68225396 3.6137891e-08
 0 0 1
 0 4 10 3
 11.179608 10.650943 -3.1671665
 -0.68225384 0.7311154 -9.1694396e-08
 -0.73111522 -0.68225396 3.6137891e-08
 0 0 1
 0 4 10 4
 11.179608 10.650943 3.2082336
 -0.68225384 0.7311154 -9.1694396e-08
 -0.73111522 -0.68225396 3.6137891e-08
 0 0 1
 0 4 10 5
 11.179608 10.650943 9.5836334
 -0.68225384 0.7311154 -9.1694396e-08
 -0.73111522 -0.68225396 3.6137891e-08
 0 0 1
 0 4 10 6
 11.179608 10.650943 15.959035
 -0.68225384 0.7311154 -9.1694396e-08
 -0.73111522 -0.68225396 3.6137891e-08
 0 0 1
 0 4 11 1
 9.306777 13.851009 -15.984099
 -0.82373065 0.56698143 -6.4977051e-08
 -0.5669812 -0.82373065 3.4157125e-08
 0 0 1
 0 4 11 2
 9.306777 13.851009 -9.6086988
 -0.82373065 0.56698143 -6.4977051e-08
 -0.5669812 -0.82373065 3.4157125e-08
 0 0 1
 0 4 11 3
 9.306777 13.851009 -3.2332973
 -0.82373065 0.56698143 -6.4977051e-08
 -0.5669812 -0.82373065 3.4157125e-08
 0 0 1
 0 4 11 4
 9.306777 13.851009 3.1421027
 -0.82373065 0.56698143 -6.4977051e-08
 -0.5669812 -0.82373065 3.4157125e-08
 0 0 1
 0 4 11 5
 9.306777 13.851009 9.5175009
 -0.82373065 0.56698143 -6.4977051e-08
 -0.5669812 -0.82373065 3.4157125e-08
 0 0 1
 0 4 11 6
 9.306777 13.851009 15.892901
 -0.82373065 0.56698143 -6.4977051e-08
 -0.5669812 -0.82373065 3.4157125e-08
 0 0 1
 0 4 12 1
 6.6291981 16.229071 -15.902524
 -0.92070949 0.39024886 -4.1048438e-08
 -0.39024872 -0.92070943 2.7184839e-08
 0 0 1
 0 4 12 2
 6.6291981 16.229071 -9.5271225
 -0.92070949 0.39024886 -4.1048438e-08
 -0.39024872 -0.92070943 2.7184839e-08
 0 0 1
 0 4 12 3
 6.6291981 16.229071 -3.1517205
 -0.92070949 0.39024886 -4.1048438e-08
 -0.39024872 -0.92070943 2.7184839e-08
 0 0 1
 0 4 12 4
 6.6291981 16.229071 3.2236795
 -0.92070949 0.39024886 -4.1048438e-08
 -0.39024872 -0.92070943 2.7184839e-08
 0 0 1
 0 4 12 5
 6.6291981 16.229071 9.5990772
 -0.92070949 0.39024886 -4.1048438e-08
 -0.39024872 -0.92070943 2.7184839e-08
 0 0 1
 0 4 12 6
 6.6291981 16.229071 15.974477
 -0.92070949 0.39024886 -4.1048438e-08
 -0.39024872 -0.92070943 2.7184839e-08
 0 0 1
 0 4 13 1
 -6.7373748 16.281939 16.03537
 0.92070925 0.39024913 -1.1460762e-07
 0.39024913 -0.92070931 4.6374314e-08
 -8.7422777e-08 0 -1
 0 4 13 2
 -6.7373748 16.281939 9.6599703
 0.92070925 0.39024913 -1.1460762e-07
 0.39024913 -0.92070931 4.6374314e-08
 -8.7422777e-08 0 -1
 0 4 13 3
 -6.7373757 16.281939 3.2845695
 0.92070925 0.39024913 -1.1460762e-07
 0.39024913 -0.92070931 4.6374314e-08
 -8.7422777e-08 0 -1
 0 4 13 4
 -6.7373767 16.281939 -3.0908306
 0.92070925 0.39024913 -1.1460762e-07
 0.39024913 -0.92070931 4.6374314e-08
 -8.7422777e-08 0 -1
 0 4 13 5
 -6.7373767 16.281939 -9.4662294
 0.92070925 0.39024913 -1.1460762e-07
 0.39024913 -0.92070931 4.6374314e-08
 -8.7422777e-08 0 -1
 0 4 13 6
 -6.7373776 16.281939 -15.841631
 0.92070925 0.39024913 -1.1460762e-07
 0.39024913 -0.92070931 4.6374314e-08
 -8.7422777e-08 0 -1
 0 4 14 1
 -9.3255119 13.745095 16.034882
 0.82373041 0.56698155 -1.2157989e-07
 0.56698155 -0.82373047 2.2445709e-08
 -8.7422777e-08 0 -1
 0 4 14 2
 -9.3255129 13.745095 9.659482
 0.82373041 0.56698155 -1.2157989e-07
 0.56698155 -0.82373047 2.2445709e-08
 -8.7422777e-08 0 -1
 0 4 14 3
 -9.3255129 13.745095 3.2840819
 0.82373041 0.56698155 -1.2157989e-07
 0.56698155 -0.82373047 2.2445709e-08
 -8.7422777e-08 0 -1
 0 4 14 4
 -9.3255138 13.745095 -3.0913181
 0.82373041 0.56698155 -1.2157989e-07
 0.56698155 -0.82373047 2.2445709e-08
 -8.7422777e-08 0 -1
 0 4 14 5
 -9.3255148 13.745095 -9.4667177
 0.82373041 0.56698155 -1.2157989e-07
 0.56698155 -0.82373047 2.2445709e-08
 -8.7422777e-08 0 -1
 0 4 14 6
 -9.3255148 13.745095 -15.842117
 0.82373041 0.56698155 -1.2157989e-07
 0.56698155 -0.82373047 2.2445709e-08
 -8.7422777e-08 0 -1
 0 4 15 1
 -11.190529 10.573976 16.036865
 0.6822536 0.73111552 -1.2356065e-07
 0.73111552 -0.68225372 -4.2716302e-09
 -8.7422777e-08 0 -1
 0 4 15 2
 -11.190529 10.573976 9.6614647
 0.6822536 0.73111552 -1.2356065e-07
 0.73111552 -0.68225372 -4.2716302e-09
 -8.7422777e-08 0 -1
 0 4 15 3
 -11.19053 10.573976 3.2860651
 0.6822536 0.73111552 -1.2356065e-07
 0.73111552 -0.68225372 -4.2716302e-09
 -8.7422777e-08 0 -1
 0 4 15 4
 -11.19053 10.573976 -3.089335
 0.6822536 0.73111552 -1.2356065e-07
 0.73111552 -0.68225372 -4.2716302e-09
 -8.7422777e-08 0 -1
 0 4 15 5
 -11.19053 10.573976 -9.464735
 0.6822536 0.73111552 -1.2356065e-07
 0.73111552 -0.68225372 -4.2716302e-09
 -8.7422777e-08 0 -1
 0 4 15 6
 -11.19053 10.573976 -15.840136
 0.6822536 0.73111552 -1.2356065e-07
 0.73111552 -0.68225372 -4.2716302e-09
 -8.7422777e-08 0 -1
 0 4 16 1
 -15.22868 9.2825089 16.041283
 0.51473868 0.85734707 -1.1995155e-07
 0.85734713 -0.51473886 -2.9951764e-08
 -8.7422777e-08 0 -1
 0 4 16 2
 -15.22868 9.2825089 9.6658821
 0.51473868 0.85734707 -1.1995155e-07
 0.85734713 -0.51473886 -2.9951764e-08
 -8.7422777e-08 0 -1
 0 4 16 3
 -15.228681 9.2825089 3.2904806
 0.51473868 0.85734707 -1.1995155e-07
 0.85734713 -0.51473886 -2.9951764e-08
 -8.7422777e-08 0 -1
 0 4 16 4
 -15.228681 9.2825089 -3.0849195
 0.51473868 0.85734707 -1.1995155e-07
 0.85734713 -0.51473886 -2.9951764e-08
 -8.7422777e-08 0 -1
 0 4 16 5
 -15.228682 9.2825089 -9.4603176
 0.51473868 0.85734707 -1.1995155e-07
 0.85734713 -0.51473886 -2.9951764e-08
 -8.7422777e-08 0 -1
 0 4 16 6
 -15.228682 9.2825089 -15.835718
 0.51473868 0.85734707 -1.1995155e-07
 0.85734713 -0.51473886 -2.9951764e-08
 -8.7422777e-08 0 -1
 0 4 17 1
 -15.692873 5.673594 16.004601
 0.3323257 0.94316465 -1.1150691e-07
 0.94316465 -0.33232585 -5.3401223e-08
 -8.7422777e-08 0 -1
 0 4 17 2
 -15.692874 5.673594 9.6292
 0.3323257 0.94316465 -1.1150691e-07
 0.94316465 -0.33232585 -5.3401223e-08
 -8.7422777e-08 0 -1
 0 4 17 3
 -15.692874 5.673594 3.2537999
 0.3323257 0.94316465 -1.1150691e-07
 0.94316465 -0.33232585 -5.3401223e-08
 -8.7422777e-08 0 -1
 0 4 17 4
 -15.692876 5.673594 -3.1216002
 0.3323257 0.94316465 -1.1150691e-07
 0.94316465 -0.33232585 -5.3401223e-08
 -8.7422777e-08 0 -1
 0 4 17 5
 -15.692878 5.6735945 -9.4969997
 0.3323257 0.94316465 -1.1150691e-07
 0.94316465 -0.33232585 -5.3401223e-08
 -8.7422777e-08 0 -1
 0 4 17 6
 -15.692878 5.6735945 -15.8724
 0.3323257 0.94316465 -1.1150691e-07
 0.94316465 -0.33232585 -5.3401223e-08
 -8.7422777e-08 0 -1
 0 4 18 1
 -15.421502 1.976462 16.027365
 0.12134955 0.9926098 -9.7385431e-08
 0.9926098 -0.12134969 -7.6167971e-08
 -8.7422777e-08 0 -1
 0 4 18 2
 -15.421502 1.976462 9.6519632
 0.12134955 0.9926098 -9.7385431e-08
 0.9926098 -0.12134969 -7.6167971e-08
 -8.7422777e-08 0 -1
 0 4 18 3
 -15.421502 1.976462 3.2765639
 0.12134955 0.9926098 -9.7385431e-08
 0.9926098 -0.12134969 -7.6167971e-08
 -8.7422777e-08 0 -1
 0 4 18 4
 -15.421502 1.976462 -3.0988362
 0.12134955 0.9926098 -9.7385431e-08
 0.9926098 -0.12134969 -7.6167971e-08
 -8.7422777e-08 0 -1
 0 4 18 5
 -15.421502 1.976462 -9.4742365
 0.12134955 0.9926098 -9.7385431e-08
 0.9926098 -0.12134969 -7.6167971e-08
 -8.7422777e-08 0 -1
 0 4 18 6
 -15.421504 1.976462 -15.849637
 0.12134955 0.9926098 -9.7385431e-08
 0.9926098 -0.12134969 -7.6167971e-08
 -8.7422777e-08 0 -1
 0 4 19 1
 -17.839355 -1.4798595 16.023108
 -0.088372804 0.99608749 -7.9354955e-08
 0.99608749 0.088372715 -9.4806531e-08
 -8.7422777e-08 0 -1
 0 4 19 2
 -17.839355 -1.4798595 9.647707
 -0.088372804 0.99608749 -7.9354955e-08
 0.99608749 0.088372715 -9.4806531e-08
 -8.7422777e-08 0 -1
 0 4 19 3
 -17.839355 -1.4798595 3.2723079
 -0.088372804 0.99608749 -7.9354955e-08
 0.99608749 0.088372715 -9.4806531e-08
 -8.7422777e-08 0 -1
 0 4 19 4
 -17.839357 -1.4798595 -3.1030922
 -0.088372804 0.99608749 -7.9354955e-08
 0.99608749 0.088372715 -9.4806531e-08
 -8.7422777e-08 0 -1
 0 4 19 5
 -17.839357 -1.4798595 -9.4784927
 -0.088372804 0.99608749 -7.9354955e-08
 0.99608749 0.088372715 -9.4806531e-08
 -8.7422777e-08 0 -1
 0 4 19 6
 -17.839357 -1.4798595 -15.853893
 -0.088372804 0.99608749 -7.9354955e-08
 0.99608749 0.088372715 -9.4806531e-08
 -8.7422777e-08 0 -1
 0 4 20 1
 -16.04398 -4.6873126 16.019938
 -0.28635737 0.95812291 -5.8727615e-08
 0.95812291 0.28635728 -1.0879592e-07
 -8.7422777e-08 0 -1
 0 4 20 2
 -16.04398 -4.6873126 9.644537
 -0.28635737 0.95812291 -5.8727615e-08
 0.95812291 0.28635728 -1.0879592e-07
 -8.7422777e-08 0 -1
 0 4 20 3
 -16.04398 -4.6873126 3.2691369
 -0.28635737 0.95812291 -5.8727615e-08
 0.95812291 0.28635728 -1.0879592e-07
 -8.7422777e-08 0 -1
 0 4 20 4
 -16.04398 -4.6873126 -3.1062632
 -0.28635737 0.95812291 -5.8727615e-08
 0.95812291 0.28635728 -1.0879592e-07
 -8.7422777e-08 0 -1
 0 4 20 5
 -16.043982 -4.6873126 -9.4816628
 -0.28635737 0.95812291 -5.8727615e-08
 0.95812291 0.28635728 -1.0879592e-07
 -8.7422777e-08 0 -1
 0 4 20 6
 -16.043982 -4.6873126 -15.857063
 -0.28635737 0.95812291 -5.8727615e-08
 0.95812291 0.28635728 -1.0879592e-07
 -8.7422777e-08 0 -1
 0 4 21 1
 -13.586853 -7.4353476 16.006746
 -0.48603049 0.8739419 -3.3912293e-08
 0.87394184 0.48603034 -1.1889255e-07
 -8.7422777e-08 0 -1
 0 4 21 2
 -13.586853 -7.4353476 9.6313467
 -0.48603049 0.8739419 -3.3912293e-08
 0.87394184 0.48603034 -1.1889255e-07
 -8.7422777e-08 0 -1
 0 4 21 3
 -13.586853 -7.4353476 3.2559466
 -0.48603049 0.8739419 -3.3912293e-08
 0.87394184 0.48603034 -1.1889255e-07
 -8.7422777e-08 0 -1
 0 4 21 4
 -13.586854 -7.4353476 -3.1194534
 -0.48603049 0.8739419 -3.3912293e-08
 0.87394184 0.48603034 -1.1889255e-07
 -8.7422777e-08 0 -1
 0 4 21 5
 -13.586854 -7.4353476 -9.494853
 -0.48603049 0.8739419 -3.3912293e-08
 0.87394184 0.48603034 -1.1889255e-07
 -8.7422777e-08 0 -1
 0 4 21 6
 -13.586855 -7.4353476 -15.870254
 -0.48603049 0.8739419 -3.3912293e-08
 0.87394184 0.48603034 -1.1889255e-07
 -8.7422777e-08 0 -1
 0 4 22 1
 -13.573905 -11.685905 16.009115
