 SVX cage parameters:
     2.20000
     0.50000     0.20000
     0.00000
           6
   -40.00000   -26.50000   -26.50000    26.50000    26.50000    40.00000
    53.00000    53.00000    22.00000    22.00000    53.00000    53.00000
     0.00000     0.00000     0.00000
 SVX barrel parameters:
           4
     2.63000     5.13000    11.76500    16.68700     1.21400
     0.00000     0.00000     0.00000     0.00000
           4           4           5           6
     0.69600     0.69600     1.74500     1.74500
     0.01000     0.01000     0.03125     0.03125
     2.83600     2.83600     3.18770     3.18770
     0.01900     0.01900     0.00000     0.00000
     0.00000     0.00000     0.00000     0.00000
    26.70000    13.60000    17.00000    12.00000
   -13.00000   -13.02000     0.00000     0.00000
           2
           5           5
     0.00000   180.00000
           2
          10          10
     0.00000   180.00000
           2
           8           8
     0.00000   180.00000
           2
          12          12
     0.00000   180.00000
 SVX barrel sensor rotation matrices and translation vectors:
           0           1           1           1
     1.63448    -2.05591     8.58331
     0.62639     0.77951     0.00000
    -0.77951     0.62639     0.00000
     0.00000     0.00000     1.00000
           0           1           1           2
     1.63448    -2.05591     2.89131
     0.62639     0.77951     0.00000
    -0.77951     0.62639     0.00000
     0.00000     0.00000     1.00000
           0           1           1           3
     1.63448    -2.05591    -2.80069
     0.62639     0.77951     0.00000
    -0.77951     0.62639     0.00000
     0.00000     0.00000     1.00000
           0           1           1           4
     1.63448    -2.05591    -8.49269
     0.62639     0.77951     0.00000
    -0.77951     0.62639     0.00000
     0.00000     0.00000     1.00000
           0           1           2           1
     2.35514    -1.15773     8.58611
     0.23470     0.97207     0.00000
    -0.97207     0.23470     0.00000
     0.00000     0.00000     1.00000
           0           1           2           2
     2.35514    -1.15773     2.89411
     0.23470     0.97207     0.00000
    -0.97207     0.23470     0.00000
     0.00000     0.00000     1.00000
           0           1           2           3
     2.35514    -1.15773    -2.79789
     0.23470     0.97207     0.00000
    -0.97207     0.23470     0.00000
     0.00000     0.00000     1.00000
           0           1           2           4
     2.35514    -1.15773    -8.48989
     0.23470     0.97207     0.00000
    -0.97207     0.23470     0.00000
     0.00000     0.00000     1.00000
           0           1           3           1
     2.61584     0.01024     8.58395
    -0.22076     0.97533     0.00000
    -0.97533    -0.22076     0.00000
     0.00000     0.00000     1.00000
           0           1           3           2
     2.61584     0.01024     2.89195
    -0.22076     0.97533     0.00000
    -0.97533    -0.22076     0.00000
     0.00000     0.00000     1.00000
           0           1           3           3
     2.61584     0.01024    -2.80005
    -0.22076     0.97533     0.00000
    -0.97533    -0.22076     0.00000
     0.00000     0.00000     1.00000
           0           1           3           4
     2.61584     0.01024    -8.49205
    -0.22076     0.97533     0.00000
    -0.97533    -0.22076     0.00000
     0.00000     0.00000     1.00000
           0           1           4           1
     2.30273     1.17764     8.58515
    -0.63307     0.77410     0.00000
    -0.77410    -0.63307     0.00000
     0.00000     0.00000     1.00000
           0           1           4           2
     2.30273     1.17764     2.89315
    -0.63307     0.77410     0.00000
    -0.77410    -0.63307     0.00000
     0.00000     0.00000     1.00000
           0           1           4           3
     2.30273     1.17764    -2.79885
    -0.63307     0.77410     0.00000
    -0.77410    -0.63307     0.00000
     0.00000     0.00000     1.00000
           0           1           4           4
     2.30273     1.17764    -8.49085
    -0.63307     0.77410     0.00000
    -0.77410    -0.63307     0.00000
     0.00000     0.00000     1.00000
           0           1           5           1
     1.50387     2.10656     8.57993
    -0.91430     0.40505     0.00000
    -0.40505    -0.91430     0.00000
     0.00000     0.00000     1.00000
           0           1           5           2
     1.50387     2.10656     2.88793
    -0.91430     0.40505     0.00000
    -0.40505    -0.91430     0.00000
     0.00000     0.00000     1.00000
           0           1           5           3
     1.50387     2.10656    -2.80407
    -0.91430     0.40505     0.00000
    -0.40505    -0.91430     0.00000
     0.00000     0.00000     1.00000
           0           1           5           4
     1.50387     2.10656    -8.49607
    -0.91430     0.40505     0.00000
    -0.40505    -0.91430     0.00000
     0.00000     0.00000     1.00000
           0           1           6           1
    -1.51887     2.14087    -8.57951
     0.92025     0.39134     0.00000
     0.39134    -0.92025     0.00000
     0.00000    -0.00000    -1.00000
           0           1           6           2
    -1.51887     2.14087    -2.88751
     0.92025     0.39134     0.00000
     0.39134    -0.92025     0.00000
     0.00000    -0.00000    -1.00000
           0           1           6           3
    -1.51887     2.14087     2.80449
     0.92025     0.39134     0.00000
     0.39134    -0.92025     0.00000
     0.00000    -0.00000    -1.00000
           0           1           6           4
    -1.51887     2.14087     8.49649
     0.92025     0.39134     0.00000
     0.39134    -0.92025     0.00000
     0.00000    -0.00000    -1.00000
           0           1           7           1
    -2.33812     1.22958    -8.57438
     0.64380     0.76520     0.00000
     0.76520    -0.64380     0.00000
     0.00000    -0.00000    -1.00000
           0           1           7           2
    -2.33812     1.22958    -2.88238
     0.64380     0.76520     0.00000
     0.76520    -0.64380     0.00000
     0.00000    -0.00000    -1.00000
           0           1           7           3
    -2.33812     1.22958     2.80962
     0.64380     0.76520     0.00000
     0.76520    -0.64380     0.00000
     0.00000    -0.00000    -1.00000
           0           1           7           4
    -2.33811     1.22958     8.50162
     0.64380     0.76520     0.00000
     0.76520    -0.64380     0.00000
     0.00000    -0.00000    -1.00000
           0           1           8           1
    -2.65587     0.05198    -8.58352
     0.22917     0.97339     0.00000
     0.97339    -0.22917     0.00000
     0.00000    -0.00000    -1.00000
           0           1           8           2
    -2.65587     0.05198    -2.89152
     0.22917     0.97339     0.00000
     0.97339    -0.22917     0.00000
     0.00000    -0.00000    -1.00000
           0           1           8           3
    -2.65587     0.05198     2.80048
     0.22917     0.97339     0.00000
     0.97339    -0.22917     0.00000
     0.00000    -0.00000    -1.00000
           0           1           8           4
    -2.65587     0.05198     8.49248
     0.22917     0.97339     0.00000
     0.97339    -0.22917     0.00000
     0.00000    -0.00000    -1.00000
           0           1           9           1
    -2.39439    -1.14313    -8.57158
    -0.23767     0.97135     0.00000
     0.97135     0.23767     0.00000
     0.00000     0.00000    -1.00000
           0           1           9           2
    -2.39439    -1.14313    -2.87958
    -0.23767     0.97135     0.00000
     0.97135     0.23767     0.00000
     0.00000     0.00000    -1.00000
           0           1           9           3
    -2.39438    -1.14313     2.81242
    -0.23767     0.97135     0.00000
     0.97135     0.23767     0.00000
     0.00000     0.00000    -1.00000
           0           1           9           4
    -2.39438    -1.14313     8.50442
    -0.23767     0.97135     0.00000
     0.97135     0.23767     0.00000
     0.00000     0.00000    -1.00000
           0           1          10           1
    -1.62786    -2.08384    -8.56653
    -0.64955     0.76032     0.00000
     0.76032     0.64955     0.00000
     0.00000     0.00000    -1.00000
           0           1          10           2
    -1.62786    -2.08384    -2.87453
    -0.64955     0.76032     0.00000
     0.76032     0.64955     0.00000
     0.00000     0.00000    -1.00000
           0           1          10           3
    -1.62786    -2.08384     2.81747
    -0.64955     0.76032     0.00000
     0.76032     0.64955     0.00000
     0.00000     0.00000    -1.00000
           0           1          10           4
    -1.62786    -2.08384     8.50947
    -0.64955     0.76032     0.00000
     0.76032     0.64955     0.00000
     0.00000     0.00000    -1.00000
           0           2           1           1
     2.49966    -4.54233     8.55912
     0.74639     0.66551     0.00000
    -0.66551     0.74639     0.00000
     0.00000    -0.00000     1.00000
           0           2           1           2
     2.49966    -4.54233     2.86712
     0.74639     0.66551     0.00000
    -0.66551     0.74639     0.00000
     0.00000    -0.00000     1.00000
           0           2           1           3
     2.49966    -4.54233    -2.82488
     0.74639     0.66551     0.00000
    -0.66551     0.74639     0.00000
     0.00000    -0.00000     1.00000
           0           2           1           4
     2.49966    -4.54233    -8.51688
     0.74639     0.66551     0.00000
    -0.66551     0.74639     0.00000
     0.00000    -0.00000     1.00000
           0           2           2           1
     3.51001    -3.83454     8.56268
     0.57073     0.82114     0.00000
    -0.82114     0.57073     0.00000
     0.00000    -0.00000     1.00000
           0           2           2           2
     3.51001    -3.83454     2.87068
     0.57073     0.82114     0.00000
    -0.82114     0.57073     0.00000
     0.00000    -0.00000     1.00000
           0           2           2           3
     3.51001    -3.83454    -2.82132
     0.57073     0.82114     0.00000
    -0.82114     0.57073     0.00000
     0.00000    -0.00000     1.00000
           0           2           2           4
     3.51001    -3.83454    -8.51332
     0.57073     0.82114     0.00000
    -0.82114     0.57073     0.00000
     0.00000    -0.00000     1.00000
           0           2           3           1
     4.30086    -2.90488     8.56093
     0.36407     0.93137     0.00000
    -0.93137     0.36407     0.00000
     0.00000    -0.00000     1.00000
           0           2           3           2
     4.30086    -2.90488     2.86893
     0.36407     0.93137     0.00000
    -0.93137     0.36407     0.00000
     0.00000    -0.00000     1.00000
           0           2           3           3
     4.30086    -2.90488    -2.82307
     0.36407     0.93137     0.00000
    -0.93137     0.36407     0.00000
     0.00000    -0.00000     1.00000
           0           2           3           4
     4.30086    -2.90488    -8.51507
     0.36407     0.93137     0.00000
    -0.93137     0.36407     0.00000
     0.00000    -0.00000     1.00000
           0           2           4           1
     4.87499    -1.79295     8.56420
     0.13067     0.99143     0.00000
    -0.99143     0.13067     0.00000
     0.00000    -0.00000     1.00000
           0           2           4           2
     4.87499    -1.79295     2.87220
     0.13067     0.99143     0.00000
    -0.99143     0.13067     0.00000
     0.00000    -0.00000     1.00000
           0           2           4           3
     4.87499    -1.79295    -2.81980
     0.13067     0.99143     0.00000
    -0.99143     0.13067     0.00000
     0.00000    -0.00000     1.00000
           0           2           4           4
     4.87499    -1.79295    -8.51180
     0.13067     0.99143     0.00000
    -0.99143     0.13067     0.00000
     0.00000    -0.00000     1.00000
           0           2           5           1
     5.17214    -0.59786     8.56237
    -0.10642     0.99432     0.00000
    -0.99432    -0.10642     0.00000
     0.00000     0.00000     1.00000
           0           2           5           2
     5.17214    -0.59786     2.87037
    -0.10642     0.99432     0.00000
    -0.99432    -0.10642     0.00000
     0.00000     0.00000     1.00000
           0           2           5           3
     5.17214    -0.59786    -2.82163
    -0.10642     0.99432     0.00000
    -0.99432    -0.10642     0.00000
     0.00000     0.00000     1.00000
           0           2           5           4
     5.17214    -0.59786    -8.51363
    -0.10642     0.99432     0.00000
    -0.99432    -0.10642     0.00000
     0.00000     0.00000     1.00000
           0           2           6           1
     5.14835     0.62706     8.55962
    -0.33596     0.94187     0.00000
    -0.94187    -0.33596     0.00000
     0.00000     0.00000     1.00000
           0           2           6           2
     5.14835     0.62706     2.86762
    -0.33596     0.94187     0.00000
    -0.94187    -0.33596     0.00000
     0.00000     0.00000     1.00000
           0           2           6           3
     5.14835     0.62706    -2.82438
    -0.33596     0.94187     0.00000
    -0.94187    -0.33596     0.00000
     0.00000     0.00000     1.00000
           0           2           6           4
     5.14835     0.62706    -8.51638
    -0.33596     0.94187     0.00000
    -0.94187    -0.33596     0.00000
     0.00000     0.00000     1.00000
           0           2           7           1
     4.82761     1.81525     8.56046
    -0.54760     0.83674     0.00000
    -0.83674    -0.54760     0.00000
     0.00000     0.00000     1.00000
           0           2           7           2
     4.82761     1.81525     2.86846
    -0.54760     0.83674     0.00000
    -0.83674    -0.54760     0.00000
     0.00000     0.00000     1.00000
           0           2           7           3
     4.82761     1.81525    -2.82354
    -0.54760     0.83674     0.00000
    -0.83674    -0.54760     0.00000
     0.00000     0.00000     1.00000
           0           2           7           4
     4.82761     1.81525    -8.51554
    -0.54760     0.83674     0.00000
    -0.83674    -0.54760     0.00000
     0.00000     0.00000     1.00000
           0           2           8           1
     4.27329     2.93352     8.55860
    -0.73038     0.68304     0.00000
    -0.68304    -0.73038     0.00000
     0.00000     0.00000     1.00000
           0           2           8           2
     4.27329     2.93352     2.86660
    -0.73038     0.68304     0.00000
    -0.68304    -0.73038     0.00000
     0.00000     0.00000     1.00000
           0           2           8           3
     4.27329     2.93352    -2.82540
    -0.73038     0.68304     0.00000
    -0.68304    -0.73038     0.00000
     0.00000     0.00000     1.00000
           0           2           8           4
     4.27329     2.93352    -8.51740
    -0.73038     0.68304     0.00000
    -0.68304    -0.73038     0.00000
     0.00000     0.00000     1.00000
           0           2           9           1
     3.41150     3.85145     8.56228
    -0.87258     0.48847     0.00000
    -0.48847    -0.87258     0.00000
     0.00000     0.00000     1.00000
           0           2           9           2
     3.41150     3.85145     2.87028
    -0.87258     0.48847     0.00000
    -0.48847    -0.87258     0.00000
     0.00000     0.00000     1.00000
           0           2           9           3
     3.41150     3.85145    -2.82172
    -0.87258     0.48847     0.00000
    -0.48847    -0.87258     0.00000
     0.00000     0.00000     1.00000
           0           2           9           4
     3.41150     3.85145    -8.51372
    -0.87258     0.48847     0.00000
    -0.48847    -0.87258     0.00000
     0.00000     0.00000     1.00000
           0           2          10           1
     2.35417     4.57375     8.57439
    -0.96552     0.26034     0.00000
    -0.26034    -0.96552     0.00000
     0.00000     0.00000     1.00000
           0           2          10           2
     2.35417     4.57375     2.88239
    -0.96552     0.26034     0.00000
    -0.26034    -0.96552     0.00000
     0.00000     0.00000     1.00000
           0           2          10           3
     2.35417     4.57375    -2.80961
    -0.96552     0.26034     0.00000
    -0.26034    -0.96552     0.00000
     0.00000     0.00000     1.00000
           0           2          10           4
     2.35417     4.57375    -8.50161
    -0.96552     0.26034     0.00000
    -0.26034    -0.96552     0.00000
     0.00000     0.00000     1.00000
           0           2          11           1
    -2.48411     4.53680    -8.58260
     0.96012     0.27960     0.00000
     0.27960    -0.96012     0.00000
     0.00000    -0.00000    -1.00000
           0           2          11           2
    -2.48411     4.53680    -2.89060
     0.96012     0.27960     0.00000
     0.27960    -0.96012     0.00000
     0.00000    -0.00000    -1.00000
           0           2          11           3
    -2.48411     4.53680     2.80140
     0.96012     0.27960     0.00000
     0.27960    -0.96012     0.00000
     0.00000    -0.00000    -1.00000
           0           2          11           4
    -2.48411     4.53680     8.49340
     0.96012     0.27960     0.00000
     0.27960    -0.96012     0.00000
     0.00000    -0.00000    -1.00000
           0           2          12           1
    -3.49839     3.88412    -8.58452
     0.87138     0.49061     0.00000
     0.49061    -0.87138     0.00000
     0.00000    -0.00000    -1.00000
           0           2          12           2
    -3.49839     3.88412    -2.89252
     0.87138     0.49061     0.00000
     0.49061    -0.87138     0.00000
     0.00000    -0.00000    -1.00000
           0           2          12           3
    -3.49839     3.88412     2.79948
     0.87138     0.49061     0.00000
     0.49061    -0.87138     0.00000
     0.00000    -0.00000    -1.00000
           0           2          12           4
    -3.49839     3.88412     8.49148
     0.87138     0.49061     0.00000
     0.49061    -0.87138     0.00000
     0.00000    -0.00000    -1.00000
           0           2          13           1
    -4.30142     2.93495    -8.57590
     0.72922     0.68428     0.00000
     0.68428    -0.72922     0.00000
     0.00000    -0.00000    -1.00000
           0           2          13           2
    -4.30142     2.93495    -2.88390
     0.72922     0.68428     0.00000
     0.68428    -0.72922     0.00000
     0.00000    -0.00000    -1.00000
           0           2          13           3
    -4.30142     2.93495     2.80810
     0.72922     0.68428     0.00000
     0.68428    -0.72922     0.00000
     0.00000    -0.00000    -1.00000
           0           2          13           4
    -4.30142     2.93495     8.50010
     0.72922     0.68428     0.00000
     0.68428    -0.72922     0.00000
     0.00000    -0.00000    -1.00000
           0           2          14           1
    -4.87026     1.86799    -8.56004
     0.55123     0.83436     0.00000
     0.83436    -0.55123     0.00000
     0.00000    -0.00000    -1.00000
           0           2          14           2
    -4.87026     1.86799    -2.86804
     0.55123     0.83436     0.00000
     0.83436    -0.55123     0.00000
     0.00000    -0.00000    -1.00000
           0           2          14           3
    -4.87026     1.86799     2.82396
     0.55123     0.83436     0.00000
     0.83436    -0.55123     0.00000
     0.00000    -0.00000    -1.00000
           0           2          14           4
    -4.87025     1.86799     8.51596
     0.55123     0.83436     0.00000
     0.83436    -0.55123     0.00000
     0.00000    -0.00000    -1.00000
           0           2          15           1
    -5.18535     0.67513    -8.55999
     0.33877     0.94087     0.00000
     0.94087    -0.33877     0.00000
     0.00000    -0.00000    -1.00000
           0           2          15           2
    -5.18535     0.67513    -2.86799
     0.33877     0.94087     0.00000
     0.94087    -0.33877     0.00000
     0.00000    -0.00000    -1.00000
           0           2          15           3
    -5.18535     0.67513     2.82401
     0.33877     0.94087     0.00000
     0.94087    -0.33877     0.00000
     0.00000    -0.00000    -1.00000
           0           2          15           4
    -5.18535     0.67513     8.51601
     0.33877     0.94087     0.00000
     0.94087    -0.33877     0.00000
     0.00000    -0.00000    -1.00000
           0           2          16           1
    -5.17976    -0.55246    -8.55829
     0.10910     0.99403     0.00000
     0.99403    -0.10910     0.00000
     0.00000    -0.00000    -1.00000
           0           2          16           2
    -5.17976    -0.55246    -2.86629
     0.10910     0.99403     0.00000
     0.99403    -0.10910     0.00000
     0.00000    -0.00000    -1.00000
           0           2          16           3
    -5.17976    -0.55246     2.82571
     0.10910     0.99403     0.00000
     0.99403    -0.10910     0.00000
     0.00000    -0.00000    -1.00000
           0           2          16           4
    -5.17976    -0.55246     8.51771
     0.10910     0.99403     0.00000
     0.99403    -0.10910     0.00000
     0.00000    -0.00000    -1.00000
           0           2          17           1
    -4.88189    -1.74462    -8.56959
    -0.12860     0.99170     0.00000
     0.99170     0.12860     0.00000
     0.00000     0.00000    -1.00000
           0           2          17           2
    -4.88189    -1.74462    -2.87759
    -0.12860     0.99170     0.00000
     0.99170     0.12860     0.00000
     0.00000     0.00000    -1.00000
           0           2          17           3
    -4.88189    -1.74462     2.81441
    -0.12860     0.99170     0.00000
     0.99170     0.12860     0.00000
     0.00000     0.00000    -1.00000
           0           2          17           4
    -4.88189    -1.74462     8.50641
    -0.12860     0.99170     0.00000
     0.99170     0.12860     0.00000
     0.00000     0.00000    -1.00000
           0           2          18           1
    -4.34207    -2.84286    -8.56611
    -0.35757     0.93389     0.00000
     0.93389     0.35757     0.00000
     0.00000     0.00000    -1.00000
           0           2          18           2
    -4.34207    -2.84286    -2.87411
    -0.35757     0.93389     0.00000
     0.93389     0.35757     0.00000
     0.00000     0.00000    -1.00000
           0           2          18           3
    -4.34207    -2.84286     2.81789
    -0.35757     0.93389     0.00000
     0.93389     0.35757     0.00000
     0.00000     0.00000    -1.00000
           0           2          18           4
    -4.34207    -2.84286     8.50990
    -0.35757     0.93389     0.00000
     0.93389     0.35757     0.00000
     0.00000     0.00000    -1.00000
           0           2          19           1
    -3.56314    -3.79157    -8.55641
    -0.56590     0.82447     0.00000
     0.82447     0.56590     0.00000
     0.00000     0.00000    -1.00000
           0           2          19           2
    -3.56314    -3.79157    -2.86441
    -0.56590     0.82447     0.00000
     0.82447     0.56590     0.00000
     0.00000     0.00000    -1.00000
           0           2          19           3
    -3.56314    -3.79157     2.82759
    -0.56590     0.82447     0.00000
     0.82447     0.56590     0.00000
     0.00000     0.00000    -1.00000
           0           2          19           4
    -3.56314    -3.79157     8.51959
    -0.56590     0.82447     0.00000
     0.82447     0.56590     0.00000
     0.00000     0.00000    -1.00000
           0           2          20           1
    -2.57091    -4.50634    -8.61902
    -0.74266     0.66967     0.00000
     0.66967     0.74266     0.00000
     0.00000     0.00000    -1.00000
           0           2          20           2
    -2.57090    -4.50634    -2.92702
    -0.74266     0.66967     0.00000
     0.66967     0.74266     0.00000
     0.00000     0.00000    -1.00000
           0           2          20           3
    -2.57090    -4.50634     2.76497
    -0.74266     0.66967     0.00000
     0.66967     0.74266     0.00000
     0.00000     0.00000    -1.00000
           0           2          20           4
    -2.57090    -4.50634     8.45698
    -0.74266     0.66967     0.00000
     0.66967     0.74266     0.00000
     0.00000     0.00000    -1.00000
           0           3           1           1
     5.67238   -10.30721    12.68013
    -0.87736    -0.47984    -0.00000
    -0.47984     0.87736    -0.00000
     0.00000    -0.00000    -1.00000
           0           3           1           2
     5.67238   -10.30721     6.30473
    -0.87736    -0.47984    -0.00000
    -0.47984     0.87736    -0.00000
     0.00000    -0.00000    -1.00000
           0           3           1           3
     5.67238   -10.30721    -0.07067
    -0.87736    -0.47984    -0.00000
    -0.47984     0.87736    -0.00000
     0.00000    -0.00000    -1.00000
           0           3           1           4
     5.67238   -10.30721    -6.44607
    -0.87736    -0.47984    -0.00000
    -0.47984     0.87736    -0.00000
     0.00000    -0.00000    -1.00000
           0           3           1           5
     5.67238   -10.30721   -12.82147
    -0.87736    -0.47984    -0.00000
    -0.47984     0.87736    -0.00000
     0.00000    -0.00000    -1.00000
           0           3           2           1
     7.56263    -7.09752    12.72668
    -0.68815    -0.72556     0.00000
    -0.72556     0.68815     0.00000
    -0.00000     0.00000    -1.00000
           0           3           2           2
     7.56263    -7.09752     6.35127
    -0.68815    -0.72556     0.00000
    -0.72556     0.68815     0.00000
    -0.00000     0.00000    -1.00000
           0           3           2           3
     7.56263    -7.09752    -0.02413
    -0.68815    -0.72556     0.00000
    -0.72556     0.68815     0.00000
    -0.00000     0.00000    -1.00000
           0           3           2           4
     7.56263    -7.09752    -6.39953
    -0.68815    -0.72556     0.00000
    -0.72556     0.68815     0.00000
    -0.00000     0.00000    -1.00000
           0           3           2           5
     7.56263    -7.09752   -12.77492
    -0.68815    -0.72556     0.00000
    -0.72556     0.68815     0.00000
    -0.00000     0.00000    -1.00000
           0           3           3           1
    11.52617    -5.55392    12.72411
    -0.43984    -0.89807     0.00000
    -0.89807     0.43984     0.00000
    -0.00000     0.00000    -1.00000
           0           3           3           2
    11.52617    -5.55392     6.34876
    -0.43984    -0.89807     0.00000
    -0.89807     0.43984     0.00000
    -0.00000     0.00000    -1.00000
           0           3           3           3
    11.52617    -5.55392    -0.02664
    -0.43984    -0.89807     0.00000
    -0.89807     0.43984     0.00000
    -0.00000     0.00000    -1.00000
           0           3           3           4
    11.52617    -5.55392    -6.40204
    -0.43984    -0.89807     0.00000
    -0.89807     0.43984     0.00000
    -0.00000     0.00000    -1.00000
           0           3           3           5
    11.52617    -5.55392   -12.77749
    -0.43984    -0.89807     0.00000
    -0.89807     0.43984     0.00000
    -0.00000     0.00000    -1.00000
           0           3           4           1
    11.60270    -1.99331    12.72512
    -0.17549    -0.98448     0.00000
    -0.98448     0.17549     0.00000
    -0.00000     0.00000    -1.00000
           0           3           4           2
    11.60270    -1.99331     6.34968
    -0.17549    -0.98448     0.00000
    -0.98448     0.17549     0.00000
    -0.00000     0.00000    -1.00000
           0           3           4           3
    11.60270    -1.99331    -0.02572
    -0.17549    -0.98448     0.00000
    -0.98448     0.17549     0.00000
    -0.00000     0.00000    -1.00000
           0           3           4           4
    11.60270    -1.99331    -6.40112
    -0.17549    -0.98448     0.00000
    -0.98448     0.17549     0.00000
    -0.00000     0.00000    -1.00000
           0           3           4           5
    11.60270    -1.99331   -12.77648
    -0.17549    -0.98448     0.00000
    -0.98448     0.17549     0.00000
    -0.00000     0.00000    -1.00000
           0           3           5           1
    10.26714     1.47173    12.72596
     0.13698    -0.99057     0.00000
    -0.99057    -0.13698     0.00000
    -0.00000    -0.00000    -1.00000
           0           3           5           2
    10.26714     1.47173     6.35054
     0.13698    -0.99057     0.00000
    -0.99057    -0.13698     0.00000
    -0.00000    -0.00000    -1.00000
           0           3           5           3
    10.26714     1.47173    -0.02486
     0.13698    -0.99057     0.00000
    -0.99057    -0.13698     0.00000
    -0.00000    -0.00000    -1.00000
           0           3           5           4
    10.26714     1.47173    -6.40026
     0.13698    -0.99057     0.00000
    -0.99057    -0.13698     0.00000
    -0.00000    -0.00000    -1.00000
           0           3           5           5
    10.26714     1.47173   -12.77564
     0.13698    -0.99057     0.00000
    -0.99057    -0.13698     0.00000
    -0.00000    -0.00000    -1.00000
           0           3           6           1
    11.60680     5.50943    12.68912
     0.42370    -0.90580     0.00000
    -0.90580    -0.42370     0.00000
    -0.00000    -0.00000    -1.00000
           0           3           6           2
    11.60680     5.50943     6.31372
     0.42370    -0.90580     0.00000
    -0.90580    -0.42370     0.00000
    -0.00000    -0.00000    -1.00000
           0           3           6           3
    11.60680     5.50943    -0.06168
     0.42370    -0.90580     0.00000
    -0.90580    -0.42370     0.00000
    -0.00000    -0.00000    -1.00000
           0           3           6           4
    11.60680     5.50943    -6.43708
     0.42370    -0.90580     0.00000
    -0.90580    -0.42370     0.00000
    -0.00000    -0.00000    -1.00000
           0           3           6           5
    11.60680     5.50943   -12.81248
     0.42370    -0.90580     0.00000
    -0.90580    -0.42370     0.00000
    -0.00000    -0.00000    -1.00000
           0           3           7           1
     8.76752     7.73444    12.72102
     0.65577    -0.75496     0.00000
    -0.75496    -0.65577     0.00000
    -0.00000    -0.00000    -1.00000
           0           3           7           2
     8.76752     7.73444     6.34561
     0.65577    -0.75496     0.00000
    -0.75496    -0.65577     0.00000
    -0.00000    -0.00000    -1.00000
           0           3           7           3
     8.76752     7.73444    -0.02979
     0.65577    -0.75496     0.00000
    -0.75496    -0.65577     0.00000
    -0.00000    -0.00000    -1.00000
           0           3           7           4
     8.76752     7.73444    -6.40519
     0.65577    -0.75496     0.00000
    -0.75496    -0.65577     0.00000
    -0.00000    -0.00000    -1.00000
           0           3           7           5
     8.76752     7.73444   -12.78058
     0.65577    -0.75496     0.00000
    -0.75496    -0.65577     0.00000
    -0.00000    -0.00000    -1.00000
           0           3           8           1
     5.22841     8.94392    12.68590
     0.85973    -0.51075     0.00000
    -0.51075    -0.85973     0.00000
    -0.00000    -0.00000    -1.00000
           0           3           8           2
     5.22841     8.94392     6.31050
     0.85973    -0.51075     0.00000
    -0.51075    -0.85973     0.00000
    -0.00000    -0.00000    -1.00000
           0           3           8           3
     5.22841     8.94392    -0.06490
     0.85973    -0.51075     0.00000
    -0.51075    -0.85973     0.00000
    -0.00000    -0.00000    -1.00000
           0           3           8           4
     5.22841     8.94392    -6.44030
     0.85973    -0.51075     0.00000
    -0.51075    -0.85973     0.00000
    -0.00000    -0.00000    -1.00000
           0           3           8           5
     5.22841     8.94392   -12.81570
     0.85973    -0.51075     0.00000
    -0.51075    -0.85973     0.00000
    -0.00000    -0.00000    -1.00000
           0           3           9           1
    -5.21830     8.84970   -12.74464
    -0.85694    -0.51542    -0.00000
     0.51542    -0.85694    -0.00000
     0.00000     0.00000     1.00000
           0           3           9           2
    -5.21830     8.84970    -6.36924
    -0.85694    -0.51542    -0.00000
     0.51542    -0.85694    -0.00000
     0.00000     0.00000     1.00000
           0           3           9           3
    -5.21830     8.84970     0.00616
    -0.85694    -0.51542    -0.00000
     0.51542    -0.85694    -0.00000
     0.00000     0.00000     1.00000
           0           3           9           4
    -5.21830     8.84970     6.38156
    -0.85694    -0.51542    -0.00000
     0.51542    -0.85694    -0.00000
     0.00000     0.00000     1.00000
           0           3           9           5
    -5.21830     8.84970    12.75696
    -0.85694    -0.51542    -0.00000
     0.51542    -0.85694    -0.00000
     0.00000     0.00000     1.00000
           0           3          10           1
    -8.81420     7.79263   -12.70727
    -0.65769    -0.75329    -0.00000
     0.75329    -0.65769    -0.00000
     0.00000    -0.00000     1.00000
           0           3          10           2
    -8.81420     7.79263    -6.33187
    -0.65769    -0.75329    -0.00000
     0.75329    -0.65769    -0.00000
     0.00000    -0.00000     1.00000
           0           3          10           3
    -8.81420     7.79263     0.04353
    -0.65769    -0.75329    -0.00000
     0.75329    -0.65769    -0.00000
     0.00000    -0.00000     1.00000
           0           3          10           4
    -8.81420     7.79263     6.41893
    -0.65769    -0.75329    -0.00000
     0.75329    -0.65769    -0.00000
     0.00000    -0.00000     1.00000
           0           3          10           5
    -8.81420     7.79263    12.79433
    -0.65769    -0.75329    -0.00000
     0.75329    -0.65769    -0.00000
     0.00000    -0.00000     1.00000
           0           3          11           1
   -11.56338     5.52437   -12.71525
    -0.42397    -0.90568    -0.00000
     0.90568    -0.42397    -0.00000
     0.00000    -0.00000     1.00000
           0           3          11           2
   -11.56338     5.52437    -6.33980
    -0.42397    -0.90568    -0.00000
     0.90568    -0.42397    -0.00000
     0.00000    -0.00000     1.00000
           0           3          11           3
   -11.56338     5.52437     0.03560
    -0.42397    -0.90568    -0.00000
     0.90568    -0.42397    -0.00000
     0.00000    -0.00000     1.00000
           0           3          11           4
   -11.56338     5.52437     6.41100
    -0.42397    -0.90568    -0.00000
     0.90568    -0.42397    -0.00000
     0.00000    -0.00000     1.00000
           0           3          11           5
   -11.56338     5.52437    12.78645
    -0.42397    -0.90568    -0.00000
     0.90568    -0.42397    -0.00000
     0.00000    -0.00000     1.00000
           0           3          12           1
   -10.25953     1.49259   -12.72067
    -0.13652    -0.99064    -0.00000
     0.99064    -0.13652    -0.00000
     0.00000     0.00000     1.00000
           0           3          12           2
   -10.25953     1.49259    -6.34526
    -0.13652    -0.99064    -0.00000
     0.99064    -0.13652    -0.00000
     0.00000     0.00000     1.00000
           0           3          12           3
   -10.25953     1.49259     0.03014
    -0.13652    -0.99064    -0.00000
     0.99064    -0.13652    -0.00000
     0.00000     0.00000     1.00000
           0           3          12           4
   -10.25953     1.49259     6.40554
    -0.13652    -0.99064    -0.00000
     0.99064    -0.13652    -0.00000
     0.00000     0.00000     1.00000
           0           3          12           5
   -10.25953     1.49259    12.78093
    -0.13652    -0.99064    -0.00000
     0.99064    -0.13652    -0.00000
     0.00000     0.00000     1.00000
           0           3          13           1
   -11.58991    -1.96608   -12.71448
     0.17577    -0.98443    -0.00000
     0.98443     0.17577    -0.00000
     0.00000     0.00000     1.00000
           0           3          13           2
   -11.58991    -1.96608    -6.33913
     0.17577    -0.98443    -0.00000
     0.98443     0.17577    -0.00000
     0.00000     0.00000     1.00000
           0           3          13           3
   -11.58991    -1.96608     0.03627
     0.17577    -0.98443    -0.00000
     0.98443     0.17577    -0.00000
     0.00000     0.00000     1.00000
           0           3          13           4
   -11.58991    -1.96608     6.41167
     0.17577    -0.98443    -0.00000
     0.98443     0.17577    -0.00000
     0.00000     0.00000     1.00000
           0           3          13           5
   -11.58991    -1.96608    12.78712
     0.17577    -0.98443    -0.00000
     0.98443     0.17577    -0.00000
     0.00000     0.00000     1.00000
           0           3          14           1
   -11.57772    -5.57031   -12.69749
     0.44180    -0.89711    -0.00000
     0.89711     0.44180    -0.00000
     0.00000     0.00000     1.00000
           0           3          14           2
   -11.57772    -5.57031    -6.32209
     0.44180    -0.89711    -0.00000
     0.89711     0.44180    -0.00000
     0.00000     0.00000     1.00000
           0           3          14           3
   -11.57772    -5.57031     0.05331
     0.44180    -0.89711    -0.00000
     0.89711     0.44180    -0.00000
     0.00000     0.00000     1.00000
           0           3          14           4
   -11.57772    -5.57031     6.42871
     0.44180    -0.89711    -0.00000
     0.89711     0.44180    -0.00000
     0.00000     0.00000     1.00000
           0           3          14           5
   -11.57772    -5.57031    12.80411
     0.44180    -0.89711    -0.00000
     0.89711     0.44180    -0.00000
     0.00000     0.00000     1.00000
           0           3          15           1
    -7.58331    -7.05857   -12.68843
     0.68967    -0.72412    -0.00000
     0.72412     0.68967    -0.00000
     0.00000     0.00000     1.00000
           0           3          15           2
    -7.58331    -7.05857    -6.31303
     0.68967    -0.72412    -0.00000
     0.72412     0.68967    -0.00000
     0.00000     0.00000     1.00000
           0           3          15           3
    -7.58331    -7.05857     0.06237
     0.68967    -0.72412    -0.00000
     0.72412     0.68967    -0.00000
     0.00000     0.00000     1.00000
           0           3          15           4
    -7.58331    -7.05857     6.43777
     0.68967    -0.72412    -0.00000
     0.72412     0.68967    -0.00000
     0.00000     0.00000     1.00000
           0           3          15           5
    -7.58331    -7.05857    12.81317
     0.68967    -0.72412    -0.00000
     0.72412     0.68967    -0.00000
     0.00000     0.00000     1.00000
           0           3          16           1
    -5.72671   -10.27718   -12.68624
     0.87838    -0.47796    -0.00000
     0.47796     0.87838    -0.00000
     0.00000     0.00000     1.00000
           0           3          16           2
    -5.72671   -10.27718    -6.31084
     0.87838    -0.47796    -0.00000
     0.47796     0.87838    -0.00000
     0.00000     0.00000     1.00000
           0           3          16           3
