 SVX cage parameters:
     2.20000
     0.50000     0.20000
     0.00000
           6
   -40.00000   -26.50000   -26.50000    26.50000    26.50000    40.00000
    53.00000    53.00000    22.00000    22.00000    53.00000    53.00000
     0.00000     0.00000     0.00000
 SVX barrel parameters:
           4
     2.63000     5.13000    11.76500    16.68700     1.21400
     0.00000     0.00000     0.00000     0.00000
           4           4           5           6
     0.69600     0.69600     1.74500     1.74500
     0.01000     0.01000     0.03125     0.03125
     2.83600     2.83600     3.18770     3.18770
     0.01900     0.01900     0.00000     0.00000
     0.02000     0.02000     0.00000     0.00000
    26.70000    13.60000    17.00000    12.00000
   -13.00000   -13.02000     0.00000     0.00000
           2
           5           5
     0.00000   180.00000
           2
          10          10
     0.00000   180.00000
           2
           8           8
     0.00000   180.00000
           2
          12          12
     0.00000   180.00000
 SVX barrel sensor rotation matrices and translation vectors:
           0           1           1           1
     1.56892    -2.11078     8.53800
     0.64686     0.76261    -0.00000
    -0.76261     0.64686    -0.00000
     0.00000     0.00000     1.00000
           0           1           1           2
     1.56892    -2.11078     2.84600
     0.64686     0.76261    -0.00000
    -0.76261     0.64686    -0.00000
     0.00000     0.00000     1.00000
           0           1           1           3
     1.56892    -2.11078    -2.84600
     0.64686     0.76261    -0.00000
    -0.76261     0.64686    -0.00000
     0.00000     0.00000     1.00000
           0           1           1           4
     1.56892    -2.11078    -8.53800
     0.64686     0.76261    -0.00000
    -0.76261     0.64686    -0.00000
     0.00000     0.00000     1.00000
           0           1           2           1
     2.35323    -1.17438     8.54078
     0.23259     0.97258    -0.00000
    -0.97258     0.23259    -0.00000
    -0.00000     0.00000     1.00000
           0           1           2           2
     2.35323    -1.17438     2.84878
     0.23259     0.97258    -0.00000
    -0.97258     0.23259    -0.00000
    -0.00000     0.00000     1.00000
           0           1           2           3
     2.35323    -1.17438    -2.84322
     0.23259     0.97258    -0.00000
    -0.97258     0.23259    -0.00000
    -0.00000     0.00000     1.00000
           0           1           2           4
     2.35323    -1.17438    -8.53522
     0.23259     0.97258    -0.00000
    -0.97258     0.23259    -0.00000
    -0.00000     0.00000     1.00000
           0           1           3           1
     2.63000     0.00465     8.53940
    -0.22789     0.97369     0.00000
    -0.97369    -0.22789     0.00000
     0.00000     0.00000     1.00000
           0           1           3           2
     2.63000     0.00465     2.84741
    -0.22789     0.97369     0.00000
    -0.97369    -0.22789     0.00000
     0.00000     0.00000     1.00000
           0           1           3           3
     2.63000     0.00465    -2.84459
    -0.22789     0.97369     0.00000
    -0.97369    -0.22789     0.00000
     0.00000     0.00000     1.00000
           0           1           3           4
     2.63000     0.00465    -8.53659
    -0.22789     0.97369     0.00000
    -0.97369    -0.22789     0.00000
     0.00000     0.00000     1.00000
           0           1           4           1
     2.34544     1.18988     8.53875
    -0.64241     0.76636     0.00000
    -0.76636    -0.64241     0.00000
     0.00000     0.00000     1.00000
           0           1           4           2
     2.34544     1.18988     2.84675
    -0.64241     0.76636     0.00000
    -0.76636    -0.64241     0.00000
     0.00000     0.00000     1.00000
           0           1           4           3
     2.34544     1.18988    -2.84525
    -0.64241     0.76636     0.00000
    -0.76636    -0.64241     0.00000
     0.00000     0.00000     1.00000
           0           1           4           4
     2.34544     1.18988    -8.53725
    -0.64241     0.76636     0.00000
    -0.76636    -0.64241     0.00000
     0.00000     0.00000     1.00000
           0           1           5           1
     1.55496     2.12108     8.54034
    -0.91932     0.39351     0.00000
    -0.39351    -0.91932     0.00000
     0.00000     0.00000     1.00000
           0           1           5           2
     1.55496     2.12108     2.84834
    -0.91932     0.39351     0.00000
    -0.39351    -0.91932     0.00000
     0.00000     0.00000     1.00000
           0           1           5           3
     1.55496     2.12108    -2.84366
    -0.91932     0.39351     0.00000
    -0.39351    -0.91932     0.00000
     0.00000     0.00000     1.00000
           0           1           5           4
     1.55496     2.12108    -8.53566
    -0.91932     0.39351     0.00000
    -0.39351    -0.91932     0.00000
     0.00000     0.00000     1.00000
           0           1           6           1
    -1.56827     2.11127    -8.54887
     0.91683     0.39928     0.00000
     0.39928    -0.91683     0.00000
     0.00000    -0.00000    -1.00000
           0           1           6           2
    -1.56827     2.11127    -2.85687
     0.91683     0.39928     0.00000
     0.39928    -0.91683     0.00000
     0.00000    -0.00000    -1.00000
           0           1           6           3
    -1.56827     2.11127     2.83513
     0.91683     0.39928     0.00000
     0.39928    -0.91683     0.00000
     0.00000    -0.00000    -1.00000
           0           1           6           4
    -1.56827     2.11127     8.52713
     0.91683     0.39928     0.00000
     0.39928    -0.91683     0.00000
     0.00000    -0.00000    -1.00000
           0           1           7           1
    -2.35052     1.17982    -8.54543
     0.63912     0.76911    -0.00000
     0.76911    -0.63912    -0.00000
    -0.00000     0.00000    -1.00000
           0           1           7           2
    -2.35052     1.17982    -2.85343
     0.63912     0.76911    -0.00000
     0.76911    -0.63912    -0.00000
    -0.00000     0.00000    -1.00000
           0           1           7           3
    -2.35052     1.17982     2.83857
     0.63912     0.76911    -0.00000
     0.76911    -0.63912    -0.00000
    -0.00000     0.00000    -1.00000
           0           1           7           4
    -2.35052     1.17982     8.53057
     0.63912     0.76911    -0.00000
     0.76911    -0.63912    -0.00000
    -0.00000     0.00000    -1.00000
           0           1           8           1
    -2.63000     0.00513    -8.54084
     0.22808     0.97364    -0.00000
     0.97364    -0.22808    -0.00000
    -0.00000     0.00000    -1.00000
           0           1           8           2
    -2.62999     0.00513    -2.84884
     0.22808     0.97364    -0.00000
     0.97364    -0.22808    -0.00000
    -0.00000     0.00000    -1.00000
           0           1           8           3
    -2.62999     0.00513     2.84316
     0.22808     0.97364    -0.00000
     0.97364    -0.22808    -0.00000
    -0.00000     0.00000    -1.00000
           0           1           8           4
    -2.62999     0.00513     8.53516
     0.22808     0.97364    -0.00000
     0.97364    -0.22808    -0.00000
    -0.00000     0.00000    -1.00000
           0           1           9           1
    -2.34992    -1.18100    -8.53885
    -0.23533     0.97192    -0.00000
     0.97192     0.23533    -0.00000
    -0.00000    -0.00000    -1.00000
           0           1           9           2
    -2.34992    -1.18100    -2.84685
    -0.23533     0.97192    -0.00000
     0.97192     0.23533    -0.00000
    -0.00000    -0.00000    -1.00000
           0           1           9           3
    -2.34992    -1.18100     2.84514
    -0.23533     0.97192    -0.00000
     0.97192     0.23533    -0.00000
    -0.00000    -0.00000    -1.00000
           0           1           9           4
    -2.34992    -1.18100     8.53715
    -0.23533     0.97192    -0.00000
     0.97192     0.23533    -0.00000
    -0.00000    -0.00000    -1.00000
           0           1          10           1
    -1.56592    -2.11301    -8.54178
    -0.64794     0.76169    -0.00000
     0.76169     0.64794    -0.00000
    -0.00000    -0.00000    -1.00000
           0           1          10           2
    -1.56592    -2.11301    -2.84978
    -0.64794     0.76169    -0.00000
     0.76169     0.64794    -0.00000
    -0.00000    -0.00000    -1.00000
           0           1          10           3
    -1.56592    -2.11301     2.84222
    -0.64794     0.76169    -0.00000
     0.76169     0.64794    -0.00000
    -0.00000    -0.00000    -1.00000
           0           1          10           4
    -1.56592    -2.11301     8.53422
    -0.64794     0.76169    -0.00000
     0.76169     0.64794    -0.00000
    -0.00000    -0.00000    -1.00000
           0           2           1           1
     2.47098    -4.49569     8.53427
     0.74487     0.66720    -0.00000
    -0.66720     0.74487    -0.00000
     0.00000     0.00000     1.00000
           0           2           1           2
     2.47098    -4.49569     2.84226
     0.74487     0.66720    -0.00000
    -0.66720     0.74487    -0.00000
     0.00000     0.00000     1.00000
           0           2           1           3
     2.47098    -4.49569    -2.84974
     0.74487     0.66720    -0.00000
    -0.66720     0.74487    -0.00000
     0.00000     0.00000     1.00000
           0           2           1           4
     2.47098    -4.49569    -8.54173
     0.74487     0.66720    -0.00000
    -0.66720     0.74487    -0.00000
     0.00000     0.00000     1.00000
           0           2           2           1
     3.45565    -3.79149     8.53768
     0.56780     0.82317    -0.00000
    -0.82317     0.56780    -0.00000
     0.00000     0.00000     1.00000
           0           2           2           2
     3.45565    -3.79149     2.84568
     0.56780     0.82317    -0.00000
    -0.82317     0.56780    -0.00000
     0.00000     0.00000     1.00000
           0           2           2           3
     3.45565    -3.79149    -2.84632
     0.56780     0.82317    -0.00000
    -0.82317     0.56780    -0.00000
     0.00000     0.00000     1.00000
           0           2           2           4
     3.45565    -3.79149    -8.53832
     0.56780     0.82317    -0.00000
    -0.82317     0.56780    -0.00000
     0.00000     0.00000     1.00000
           0           2           3           1
     4.25436    -2.86660     8.53960
     0.35698     0.93411    -0.00000
    -0.93411     0.35698    -0.00000
    -0.00000     0.00000     1.00000
           0           2           3           2
     4.25436    -2.86660     2.84760
     0.35698     0.93411    -0.00000
    -0.93411     0.35698    -0.00000
    -0.00000     0.00000     1.00000
           0           2           3           3
     4.25436    -2.86660    -2.84440
     0.35698     0.93411    -0.00000
    -0.93411     0.35698    -0.00000
    -0.00000     0.00000     1.00000
           0           2           3           4
     4.25436    -2.86660    -8.53640
     0.35698     0.93411    -0.00000
    -0.93411     0.35698    -0.00000
    -0.00000     0.00000     1.00000
           0           2           4           1
     4.80921    -1.78561     8.54172
     0.12727     0.99187    -0.00000
    -0.99187     0.12727    -0.00000
     0.00000     0.00000     1.00000
           0           2           4           2
     4.80921    -1.78561     2.84972
     0.12727     0.99187    -0.00000
    -0.99187     0.12727    -0.00000
     0.00000     0.00000     1.00000
           0           2           4           3
     4.80921    -1.78561    -2.84228
     0.12727     0.99187    -0.00000
    -0.99187     0.12727    -0.00000
     0.00000     0.00000     1.00000
           0           2           4           4
     4.80921    -1.78561    -8.53428
     0.12727     0.99187    -0.00000
    -0.99187     0.12727    -0.00000
     0.00000     0.00000     1.00000
           0           2           5           1
     5.09386    -0.60782     8.54021
    -0.10891     0.99405     0.00000
    -0.99405    -0.10891     0.00000
     0.00000     0.00000     1.00000
           0           2           5           2
     5.09386    -0.60782     2.84821
    -0.10891     0.99405     0.00000
    -0.99405    -0.10891     0.00000
     0.00000     0.00000     1.00000
           0           2           5           3
     5.09386    -0.60782    -2.84379
    -0.10891     0.99405     0.00000
    -0.99405    -0.10891     0.00000
     0.00000     0.00000     1.00000
           0           2           5           4
     5.09386    -0.60782    -8.53579
    -0.10891     0.99405     0.00000
    -0.99405    -0.10891     0.00000
     0.00000     0.00000     1.00000
           0           2           6           1
     5.09504     0.59789     8.53986
    -0.33791     0.94118     0.00000
    -0.94118    -0.33791     0.00000
     0.00000     0.00000     1.00000
           0           2           6           2
     5.09504     0.59789     2.84786
    -0.33791     0.94118     0.00000
    -0.94118    -0.33791     0.00000
     0.00000     0.00000     1.00000
           0           2           6           3
     5.09504     0.59789    -2.84414
    -0.33791     0.94118     0.00000
    -0.94118    -0.33791     0.00000
     0.00000     0.00000     1.00000
           0           2           6           4
     5.09504     0.59789    -8.53614
    -0.33791     0.94118     0.00000
    -0.94118    -0.33791     0.00000
     0.00000     0.00000     1.00000
           0           2           7           1
     4.80940     1.78509     8.54067
    -0.55077     0.83465     0.00000
    -0.83465    -0.55077     0.00000
     0.00000     0.00000     1.00000
           0           2           7           2
     4.80940     1.78509     2.84867
    -0.55077     0.83465     0.00000
    -0.83465    -0.55077     0.00000
     0.00000     0.00000     1.00000
           0           2           7           3
     4.80940     1.78509    -2.84333
    -0.55077     0.83465     0.00000
    -0.83465    -0.55077     0.00000
     0.00000     0.00000     1.00000
           0           2           7           4
     4.80940     1.78509    -8.53533
    -0.55077     0.83465     0.00000
    -0.83465    -0.55077     0.00000
     0.00000     0.00000     1.00000
           0           2           8           1
     4.25823     2.86082     8.53995
    -0.73077     0.68262     0.00000
    -0.68262    -0.73077     0.00000
     0.00000     0.00000     1.00000
           0           2           8           2
     4.25823     2.86082     2.84795
    -0.73077     0.68262     0.00000
    -0.68262    -0.73077     0.00000
     0.00000     0.00000     1.00000
           0           2           8           3
     4.25823     2.86082    -2.84405
    -0.73077     0.68262     0.00000
    -0.68262    -0.73077     0.00000
     0.00000     0.00000     1.00000
           0           2           8           4
     4.25823     2.86082    -8.53605
    -0.73077     0.68262     0.00000
    -0.68262    -0.73077     0.00000
     0.00000     0.00000     1.00000
           0           2           9           1
     3.46153     3.78613     8.53740
    -0.87140     0.49058     0.00000
    -0.49058    -0.87140     0.00000
     0.00000     0.00000     1.00000
           0           2           9           2
     3.46153     3.78613     2.84540
    -0.87140     0.49058     0.00000
    -0.49058    -0.87140     0.00000
     0.00000     0.00000     1.00000
           0           2           9           3
     3.46153     3.78613    -2.84660
    -0.87140     0.49058     0.00000
    -0.49058    -0.87140     0.00000
     0.00000     0.00000     1.00000
           0           2           9           4
     3.46153     3.78613    -8.53860
    -0.87140     0.49058     0.00000
    -0.49058    -0.87140     0.00000
     0.00000     0.00000     1.00000
           0           2          10           1
     2.47795     4.49184     8.53467
    -0.96209     0.27273     0.00000
    -0.27273    -0.96209     0.00000
     0.00000     0.00000     1.00000
           0           2          10           2
     2.47795     4.49184     2.84267
    -0.96209     0.27273     0.00000
    -0.27273    -0.96209     0.00000
     0.00000     0.00000     1.00000
           0           2          10           3
     2.47795     4.49184    -2.84933
    -0.96209     0.27273     0.00000
    -0.27273    -0.96209     0.00000
     0.00000     0.00000     1.00000
           0           2          10           4
     2.47795     4.49184    -8.54133
    -0.96209     0.27273     0.00000
    -0.27273    -0.96209     0.00000
     0.00000     0.00000     1.00000
           0           2          11           1
    -2.46635     4.49823    -8.53334
     0.96279     0.27024     0.00000
     0.27024    -0.96279     0.00000
     0.00000    -0.00000    -1.00000
           0           2          11           2
    -2.46635     4.49823    -2.84134
     0.96279     0.27024     0.00000
     0.27024    -0.96279     0.00000
     0.00000    -0.00000    -1.00000
           0           2          11           3
    -2.46635     4.49823     2.85066
     0.96279     0.27024     0.00000
     0.27024    -0.96279     0.00000
     0.00000    -0.00000    -1.00000
           0           2          11           4
    -2.46635     4.49823     8.54266
     0.96279     0.27024     0.00000
     0.27024    -0.96279     0.00000
     0.00000    -0.00000    -1.00000
           0           2          12           1
    -3.45918     3.78827    -8.53800
     0.87170     0.49004     0.00000
     0.49004    -0.87170     0.00000
     0.00000    -0.00000    -1.00000
           0           2          12           2
    -3.45918     3.78827    -2.84600
     0.87170     0.49004     0.00000
     0.49004    -0.87170     0.00000
     0.00000    -0.00000    -1.00000
           0           2          12           3
    -3.45918     3.78827     2.84600
     0.87170     0.49004     0.00000
     0.49004    -0.87170     0.00000
     0.00000    -0.00000    -1.00000
           0           2          12           4
    -3.45918     3.78827     8.53800
     0.87170     0.49004     0.00000
     0.49004    -0.87170     0.00000
     0.00000    -0.00000    -1.00000
           0           2          13           1
    -4.25130     2.87113    -8.54072
     0.73243     0.68084     0.00000
     0.68084    -0.73243     0.00000
     0.00000    -0.00000    -1.00000
           0           2          13           2
    -4.25130     2.87113    -2.84872
     0.73243     0.68084     0.00000
     0.68084    -0.73243     0.00000
     0.00000    -0.00000    -1.00000
           0           2          13           3
    -4.25130     2.87113     2.84328
     0.73243     0.68084     0.00000
     0.68084    -0.73243     0.00000
     0.00000    -0.00000    -1.00000
           0           2          13           4
    -4.25130     2.87113     8.53528
     0.73243     0.68084     0.00000
     0.68084    -0.73243     0.00000
     0.00000    -0.00000    -1.00000
           0           2          14           1
    -4.80767     1.78975    -8.53956
     0.55158     0.83412    -0.00000
     0.83412    -0.55158    -0.00000
    -0.00000     0.00000    -1.00000
           0           2          14           2
    -4.80767     1.78975    -2.84756
     0.55158     0.83412    -0.00000
     0.83412    -0.55158    -0.00000
    -0.00000     0.00000    -1.00000
           0           2          14           3
    -4.80767     1.78975     2.84444
     0.55158     0.83412    -0.00000
     0.83412    -0.55158    -0.00000
    -0.00000     0.00000    -1.00000
           0           2          14           4
    -4.80767     1.78975     8.53644
     0.55158     0.83412    -0.00000
     0.83412    -0.55158    -0.00000
    -0.00000     0.00000    -1.00000
           0           2          15           1
    -5.09427     0.60447    -8.54206
     0.33913     0.94074    -0.00000
     0.94074    -0.33913    -0.00000
    -0.00000     0.00000    -1.00000
           0           2          15           2
    -5.09427     0.60447    -2.85006
     0.33913     0.94074    -0.00000
     0.94074    -0.33913    -0.00000
    -0.00000     0.00000    -1.00000
           0           2          15           3
    -5.09427     0.60447     2.84194
     0.33913     0.94074    -0.00000
     0.94074    -0.33913    -0.00000
    -0.00000     0.00000    -1.00000
           0           2          15           4
    -5.09427     0.60447     8.53394
     0.33913     0.94074    -0.00000
     0.94074    -0.33913    -0.00000
    -0.00000     0.00000    -1.00000
           0           2          16           1
    -5.09395    -0.60711    -8.53750
     0.10905     0.99404    -0.00000
     0.99404    -0.10905    -0.00000
    -0.00000     0.00000    -1.00000
           0           2          16           2
    -5.09395    -0.60711    -2.84551
     0.10905     0.99404    -0.00000
     0.99404    -0.10905    -0.00000
    -0.00000     0.00000    -1.00000
           0           2          16           3
    -5.09395    -0.60711     2.84649
     0.10905     0.99404    -0.00000
     0.99404    -0.10905    -0.00000
    -0.00000     0.00000    -1.00000
           0           2          16           4
    -5.09395    -0.60711     8.53850
     0.10905     0.99404    -0.00000
     0.99404    -0.10905    -0.00000
    -0.00000     0.00000    -1.00000
           0           2          17           1
    -4.80863    -1.78717    -8.53735
    -0.12760     0.99183    -0.00000
     0.99183     0.12760    -0.00000
    -0.00000    -0.00000    -1.00000
           0           2          17           2
    -4.80863    -1.78717    -2.84535
    -0.12760     0.99183    -0.00000
     0.99183     0.12760    -0.00000
    -0.00000    -0.00000    -1.00000
           0           2          17           3
    -4.80863    -1.78717     2.84665
    -0.12760     0.99183    -0.00000
     0.99183     0.12760    -0.00000
    -0.00000    -0.00000    -1.00000
           0           2          17           4
    -4.80863    -1.78717     8.53865
    -0.12760     0.99183    -0.00000
     0.99183     0.12760    -0.00000
    -0.00000    -0.00000    -1.00000
           0           2          18           1
    -4.25226    -2.86969    -8.54150
    -0.35766     0.93385    -0.00000
     0.93385     0.35766    -0.00000
    -0.00000    -0.00000    -1.00000
           0           2          18           2
    -4.25226    -2.86969    -2.84950
    -0.35766     0.93385    -0.00000
     0.93385     0.35766    -0.00000
    -0.00000    -0.00000    -1.00000
           0           2          18           3
    -4.25226    -2.86969     2.84250
    -0.35766     0.93385    -0.00000
     0.93385     0.35766    -0.00000
    -0.00000    -0.00000    -1.00000
           0           2          18           4
    -4.25226    -2.86969     8.53450
    -0.35766     0.93385    -0.00000
     0.93385     0.35766    -0.00000
    -0.00000    -0.00000    -1.00000
           0           2          19           1
    -3.45564    -3.79150    -8.54531
    -0.56779     0.82317    -0.00000
     0.82317     0.56779    -0.00000
    -0.00000    -0.00000    -1.00000
           0           2          19           2
    -3.45564    -3.79150    -2.85331
    -0.56779     0.82317    -0.00000
     0.82317     0.56779    -0.00000
    -0.00000    -0.00000    -1.00000
           0           2          19           3
    -3.45564    -3.79150     2.83869
    -0.56779     0.82317    -0.00000
     0.82317     0.56779    -0.00000
    -0.00000    -0.00000    -1.00000
           0           2          19           4
    -3.45564    -3.79150     8.53069
    -0.56779     0.82317    -0.00000
     0.82317     0.56779    -0.00000
    -0.00000    -0.00000    -1.00000
           0           2          20           1
    -2.46497    -4.49898    -8.54605
    -0.74576     0.66621    -0.00000
     0.66621     0.74576    -0.00000
    -0.00000    -0.00000    -1.00000
           0           2          20           2
    -2.46497    -4.49898    -2.85406
    -0.74576     0.66621    -0.00000
     0.66621     0.74576    -0.00000
    -0.00000    -0.00000    -1.00000
           0           2          20           3
    -2.46497    -4.49898     2.83794
    -0.74576     0.66621    -0.00000
     0.66621     0.74576    -0.00000
    -0.00000    -0.00000    -1.00000
           0           2          20           4
    -2.46497    -4.49898     8.52994
    -0.74576     0.66621    -0.00000
     0.66621     0.74576    -0.00000
    -0.00000    -0.00000    -1.00000
           0           3           1           1
     5.62429   -10.33356    12.75300
    -0.87833    -0.47806    -0.00000
    -0.47806     0.87833    -0.00000
     0.00000    -0.00000    -1.00000
           0           3           1           2
     5.62429   -10.33356     6.37760
    -0.87833    -0.47806    -0.00000
    -0.47806     0.87833    -0.00000
     0.00000    -0.00000    -1.00000
           0           3           1           3
     5.62429   -10.33356     0.00220
    -0.87833    -0.47806    -0.00000
    -0.47806     0.87833    -0.00000
     0.00000    -0.00000    -1.00000
           0           3           1           4
     5.62429   -10.33356    -6.37320
    -0.87833    -0.47806    -0.00000
    -0.47806     0.87833    -0.00000
     0.00000    -0.00000    -1.00000
           0           3           1           5
     5.62429   -10.33356   -12.74860
    -0.87833    -0.47806    -0.00000
    -0.47806     0.87833    -0.00000
     0.00000    -0.00000    -1.00000
           0           3           2           1
     7.51918    -7.12681    12.74073
    -0.68792    -0.72579     0.00000
    -0.72579     0.68792     0.00000
    -0.00000     0.00000    -1.00000
           0           3           2           2
     7.51918    -7.12681     6.36533
    -0.68792    -0.72579     0.00000
    -0.72579     0.68792     0.00000
    -0.00000     0.00000    -1.00000
           0           3           2           3
     7.51918    -7.12681    -0.01007
    -0.68792    -0.72579     0.00000
    -0.72579     0.68792     0.00000
    -0.00000     0.00000    -1.00000
           0           3           2           4
     7.51918    -7.12681    -6.38547
    -0.68792    -0.72579     0.00000
    -0.72579     0.68792     0.00000
    -0.00000     0.00000    -1.00000
           0           3           2           5
     7.51918    -7.12681   -12.76087
    -0.68792    -0.72579     0.00000
    -0.72579     0.68792     0.00000
    -0.00000     0.00000    -1.00000
           0           3           3           1
    11.53255    -5.66317    12.75451
    -0.44078    -0.89761     0.00000
    -0.89761     0.44078     0.00000
    -0.00000     0.00000    -1.00000
           0           3           3           2
    11.53255    -5.66317     6.37912
    -0.44078    -0.89761     0.00000
    -0.89761     0.44078     0.00000
    -0.00000     0.00000    -1.00000
           0           3           3           3
    11.53255    -5.66317     0.00372
    -0.44078    -0.89761     0.00000
    -0.89761     0.44078     0.00000
    -0.00000     0.00000    -1.00000
           0           3           3           4
    11.53255    -5.66317    -6.37169
    -0.44078    -0.89761     0.00000
    -0.89761     0.44078     0.00000
    -0.00000     0.00000    -1.00000
           0           3           3           5
    11.53255    -5.66317   -12.74708
    -0.44078    -0.89761     0.00000
    -0.89761     0.44078     0.00000
    -0.00000     0.00000    -1.00000
           0           3           4           1
    11.58127    -2.07113    12.74895
    -0.17605    -0.98438     0.00000
    -0.98438     0.17605     0.00000
    -0.00000     0.00000    -1.00000
           0           3           4           2
    11.58127    -2.07113     6.37355
    -0.17605    -0.98438     0.00000
    -0.98438     0.17605     0.00000
    -0.00000     0.00000    -1.00000
           0           3           4           3
    11.58127    -2.07113    -0.00185
    -0.17605    -0.98438     0.00000
    -0.98438     0.17605     0.00000
    -0.00000     0.00000    -1.00000
           0           3           4           4
    11.58127    -2.07113    -6.37725
    -0.17605    -0.98438     0.00000
    -0.98438     0.17605     0.00000
    -0.00000     0.00000    -1.00000
           0           3           4           5
    11.58127    -2.07113   -12.75265
    -0.17605    -0.98438     0.00000
    -0.98438     0.17605     0.00000
    -0.00000     0.00000    -1.00000
           0           3           5           1
    10.26266     1.41689    12.74341
     0.13676    -0.99060     0.00000
    -0.99060    -0.13676     0.00000
    -0.00000    -0.00000    -1.00000
           0           3           5           2
    10.26266     1.41689     6.36801
     0.13676    -0.99060     0.00000
    -0.99060    -0.13676     0.00000
    -0.00000    -0.00000    -1.00000
           0           3           5           3
    10.26266     1.41689    -0.00739
     0.13676    -0.99060     0.00000
    -0.99060    -0.13676     0.00000
    -0.00000    -0.00000    -1.00000
           0           3           5           4
    10.26266     1.41689    -6.38279
     0.13676    -0.99060     0.00000
    -0.99060    -0.13676     0.00000
    -0.00000    -0.00000    -1.00000
           0           3           5           5
    10.26266     1.41689   -12.75819
     0.13676    -0.99060     0.00000
    -0.99060    -0.13676     0.00000
    -0.00000    -0.00000    -1.00000
           0           3           6           1
    11.64105     5.43665    12.75440
     0.42314    -0.90606     0.00000
    -0.90606    -0.42314     0.00000
    -0.00000    -0.00000    -1.00000
           0           3           6           2
    11.64105     5.43665     6.37900
     0.42314    -0.90606     0.00000
    -0.90606    -0.42314     0.00000
    -0.00000    -0.00000    -1.00000
           0           3           6           3
    11.64105     5.43665     0.00360
     0.42314    -0.90606     0.00000
    -0.90606    -0.42314     0.00000
    -0.00000    -0.00000    -1.00000
           0           3           6           4
    11.64105     5.43665    -6.37180
     0.42314    -0.90606     0.00000
    -0.90606    -0.42314     0.00000
    -0.00000    -0.00000    -1.00000
           0           3           6           5
    11.64105     5.43665   -12.74720
     0.42314    -0.90606     0.00000
    -0.90606    -0.42314     0.00000
    -0.00000    -0.00000    -1.00000
           0           3           7           1
     8.87118     7.72770    12.74590
     0.65684    -0.75403     0.00000
    -0.75403    -0.65684     0.00000
    -0.00000    -0.00000    -1.00000
           0           3           7           2
     8.87118     7.72770     6.37050
     0.65684    -0.75403     0.00000
    -0.75403    -0.65684     0.00000
    -0.00000    -0.00000    -1.00000
           0           3           7           3
     8.87118     7.72770    -0.00490
     0.65684    -0.75403     0.00000
    -0.75403    -0.65684     0.00000
    -0.00000    -0.00000    -1.00000
           0           3           7           4
     8.87118     7.72770    -6.38030
     0.65684    -0.75403     0.00000
    -0.75403    -0.65684     0.00000
    -0.00000    -0.00000    -1.00000
           0           3           7           5
     8.87118     7.72770   -12.75570
     0.65684    -0.75403     0.00000
    -0.75403    -0.65684     0.00000
    -0.00000    -0.00000    -1.00000
           0           3           8           1
     5.31266     8.89411    12.74784
     0.85850    -0.51281     0.00000
    -0.51281    -0.85850     0.00000
    -0.00000    -0.00000    -1.00000
           0           3           8           2
     5.31266     8.89411     6.37244
     0.85850    -0.51281     0.00000
    -0.51281    -0.85850     0.00000
    -0.00000    -0.00000    -1.00000
           0           3           8           3
     5.31266     8.89411    -0.00297
     0.85850    -0.51281     0.00000
    -0.51281    -0.85850     0.00000
    -0.00000    -0.00000    -1.00000
           0           3           8           4
     5.31266     8.89411    -6.37837
     0.85850    -0.51281     0.00000
    -0.51281    -0.85850     0.00000
    -0.00000    -0.00000    -1.00000
           0           3           8           5
     5.31266     8.89411   -12.75377
     0.85850    -0.51281     0.00000
    -0.51281    -0.85850     0.00000
    -0.00000    -0.00000    -1.00000
           0           3           9           1
    -5.30612     8.89802   -12.72129
    -0.85888    -0.51218    -0.00000
     0.51218    -0.85888    -0.00000
     0.00000    -0.00000     1.00000
           0           3           9           2
    -5.30612     8.89802    -6.34589
    -0.85888    -0.51218    -0.00000
     0.51218    -0.85888    -0.00000
     0.00000    -0.00000     1.00000
           0           3           9           3
    -5.30612     8.89802     0.02951
    -0.85888    -0.51218    -0.00000
     0.51218    -0.85888    -0.00000
     0.00000    -0.00000     1.00000
           0           3           9           4
    -5.30612     8.89802     6.40491
    -0.85888    -0.51218    -0.00000
     0.51218    -0.85888    -0.00000
     0.00000    -0.00000     1.00000
           0           3           9           5
    -5.30612     8.89802    12.78031
    -0.85888    -0.51218    -0.00000
     0.51218    -0.85888    -0.00000
     0.00000    -0.00000     1.00000
           0           3          10           1
    -8.85017     7.75175   -12.74226
    -0.65889    -0.75224    -0.00000
     0.75224    -0.65889    -0.00000
     0.00000    -0.00000     1.00000
           0           3          10           2
    -8.85017     7.75175    -6.36687
    -0.65889    -0.75224    -0.00000
     0.75224    -0.65889    -0.00000
     0.00000    -0.00000     1.00000
           0           3          10           3
    -8.85017     7.75175     0.00853
    -0.65889    -0.75224    -0.00000
     0.75224    -0.65889    -0.00000
     0.00000    -0.00000     1.00000
           0           3          10           4
    -8.85017     7.75175     6.38393
    -0.65889    -0.75224    -0.00000
     0.75224    -0.65889    -0.00000
     0.00000    -0.00000     1.00000
           0           3          10           5
    -8.85017     7.75175    12.75933
    -0.65889    -0.75224    -0.00000
     0.75224    -0.65889    -0.00000
     0.00000    -0.00000     1.00000
           0           3          11           1
   -11.62675     5.46715   -12.73668
    -0.42552    -0.90495    -0.00000
     0.90495    -0.42552    -0.00000
     0.00000    -0.00000     1.00000
           0           3          11           2
   -11.62675     5.46715    -6.36128
    -0.42552    -0.90495    -0.00000
     0.90495    -0.42552    -0.00000
     0.00000    -0.00000     1.00000
           0           3          11           3
   -11.62675     5.46715     0.01412
    -0.42552    -0.90495    -0.00000
     0.90495    -0.42552    -0.00000
     0.00000    -0.00000     1.00000
           0           3          11           4
   -11.62675     5.46715     6.38952
    -0.42552    -0.90495    -0.00000
     0.90495    -0.42552    -0.00000
     0.00000    -0.00000     1.00000
           0           3          11           5
   -11.62675     5.46715    12.76492
    -0.42552    -0.90495    -0.00000
     0.90495    -0.42552    -0.00000
     0.00000    -0.00000     1.00000
           0           3          12           1
   -10.26507     1.39932   -12.73823
    -0.13507    -0.99084    -0.00000
     0.99084    -0.13507    -0.00000
     0.00000     0.00000     1.00000
           0           3          12           2
   -10.26507     1.39932    -6.36283
    -0.13507    -0.99084    -0.00000
     0.99084    -0.13507    -0.00000
     0.00000     0.00000     1.00000
           0           3          12           3
   -10.26507     1.39932     0.01257
    -0.13507    -0.99084    -0.00000
     0.99084    -0.13507    -0.00000
     0.00000     0.00000     1.00000
           0           3          12           4
   -10.26507     1.39932     6.38797
    -0.13507    -0.99084    -0.00000
     0.99084    -0.13507    -0.00000
     0.00000     0.00000     1.00000
           0           3          12           5
   -10.26507     1.39932    12.76337
    -0.13507    -0.99084    -0.00000
     0.99084    -0.13507    -0.00000
     0.00000     0.00000     1.00000
           0           3          13           1
   -11.58132    -2.07082   -12.72884
     0.17602    -0.98439    -0.00000
     0.98439     0.17602    -0.00000
     0.00000     0.00000     1.00000
           0           3          13           2
   -11.58132    -2.07082    -6.35344
     0.17602    -0.98439    -0.00000
     0.98439     0.17602    -0.00000
     0.00000     0.00000     1.00000
           0           3          13           3
   -11.58132    -2.07082     0.02196
     0.17602    -0.98439    -0.00000
     0.98439     0.17602    -0.00000
     0.00000     0.00000     1.00000
           0           3          13           4
   -11.58132    -2.07082     6.39736
     0.17602    -0.98439    -0.00000
     0.98439     0.17602    -0.00000
     0.00000     0.00000     1.00000
           0           3          13           5
   -11.58132    -2.07082    12.77276
     0.17602    -0.98439    -0.00000
     0.98439     0.17602    -0.00000
     0.00000     0.00000     1.00000
           0           3          14           1
   -11.53079    -5.66674   -12.74225
     0.44106    -0.89748    -0.00000
     0.89748     0.44106    -0.00000
     0.00000     0.00000     1.00000
           0           3          14           2
   -11.53079    -5.66674    -6.36685
     0.44106    -0.89748    -0.00000
     0.89748     0.44106    -0.00000
     0.00000     0.00000     1.00000
           0           3          14           3
   -11.53079    -5.66674     0.00855
     0.44106    -0.89748    -0.00000
     0.89748     0.44106    -0.00000
     0.00000     0.00000     1.00000
           0           3          14           4
   -11.53079    -5.66674     6.38395
     0.44106    -0.89748    -0.00000
     0.89748     0.44106    -0.00000
     0.00000     0.00000     1.00000
           0           3          14           5
   -11.53079    -5.66674    12.75935
     0.44106    -0.89748    -0.00000
     0.89748     0.44106    -0.00000
     0.00000     0.00000     1.00000
           0           3          15           1
    -7.52578    -7.11985   -12.74085
     0.68725    -0.72642    -0.00000
     0.72642     0.68725    -0.00000
     0.00000     0.00000     1.00000
           0           3          15           2
    -7.52578    -7.11985    -6.36545
     0.68725    -0.72642    -0.00000
     0.72642     0.68725    -0.00000
     0.00000     0.00000     1.00000
           0           3          15           3
    -7.52578    -7.11985     0.00995
     0.68725    -0.72642    -0.00000
     0.72642     0.68725    -0.00000
     0.00000     0.00000     1.00000
           0           3          15           4
    -7.52578    -7.11985     6.38535
     0.68725    -0.72642    -0.00000
     0.72642     0.68725    -0.00000
     0.00000     0.00000     1.00000
           0           3          15           5
    -7.52578    -7.11985    12.76075
     0.68725    -0.72642    -0.00000
     0.72642     0.68725    -0.00000
     0.00000     0.00000     1.00000
           0           3          16           1
    -5.63334   -10.32864   -12.74643
     0.87791    -0.47882    -0.00000
     0.47882     0.87791    -0.00000
     0.00000     0.00000     1.00000
           0           3          16           2
    -5.63334   -10.32864    -6.37104
     0.87791    -0.47882    -0.00000
     0.47882     0.87791    -0.00000
     0.00000     0.00000     1.00000
           0           3          16           3
