 SVX cage parameters:
     2.20000
     0.50000     0.20000
     0.00000
           6
   -40.00000   -26.50000   -26.50000    26.50000    26.50000    40.00000
    53.00000    53.00000    22.00000    22.00000    53.00000    53.00000
     0.00000     0.00000     0.00000
 SVX barrel parameters:
           4
     2.63000     5.13000    11.76500    16.68700     1.21400
     0.00000     0.00000     0.00000     0.00000
           4           4           5           6
     0.69600     0.69600     1.74500     1.74500
     0.01000     0.01000     0.03125     0.03125
     2.83600     2.83600     3.18770     3.18770
     0.01900     0.01900     0.00000     0.00000
     0.02000     0.02000     0.00000     0.00000
    26.70000    13.60000    17.00000    12.00000
   -13.00000   -13.02000     0.00000     0.00000
           2
           5           5
     0.00000   180.00000
           2
          10          10
     0.00000   180.00000
           2
           8           8
     0.00000   180.00000
           2
          12          12
     0.00000   180.00000
 SVX barrel sensor rotation matrices and translation vectors:
           0           1           1           1
     1.56926    -2.11053     8.53800
     0.64674     0.76271    -0.00000
    -0.76271     0.64674    -0.00000
    -0.00000     0.00000     1.00000
           0           1           1           2
     1.56926    -2.11053     2.84600
     0.64674     0.76271    -0.00000
    -0.76271     0.64674    -0.00000
    -0.00000     0.00000     1.00000
           0           1           1           3
     1.56926    -2.11053    -2.84600
     0.64674     0.76271    -0.00000
    -0.76271     0.64674    -0.00000
    -0.00000     0.00000     1.00000
           0           1           1           4
     1.56926    -2.11053    -8.53800
     0.64674     0.76271    -0.00000
    -0.76271     0.64674    -0.00000
    -0.00000     0.00000     1.00000
           0           1           2           1
     2.35277    -1.17531     8.53980
     0.23297     0.97248    -0.00000
    -0.97248     0.23297    -0.00000
    -0.00000     0.00000     1.00000
           0           1           2           2
     2.35277    -1.17531     2.84780
     0.23297     0.97248    -0.00000
    -0.97248     0.23297    -0.00000
    -0.00000     0.00000     1.00000
           0           1           2           3
     2.35277    -1.17531    -2.84420
     0.23297     0.97248    -0.00000
    -0.97248     0.23297    -0.00000
    -0.00000     0.00000     1.00000
           0           1           2           4
     2.35277    -1.17531    -8.53620
     0.23297     0.97248    -0.00000
    -0.97248     0.23297    -0.00000
    -0.00000     0.00000     1.00000
           0           1           3           1
     2.63000     0.00418     8.53937
    -0.22772     0.97373     0.00000
    -0.97373    -0.22772     0.00000
     0.00000     0.00000     1.00000
           0           1           3           2
     2.63000     0.00418     2.84737
    -0.22772     0.97373     0.00000
    -0.97373    -0.22772     0.00000
     0.00000     0.00000     1.00000
           0           1           3           3
     2.63000     0.00418    -2.84463
    -0.22772     0.97373     0.00000
    -0.97373    -0.22772     0.00000
     0.00000     0.00000     1.00000
           0           1           3           4
     2.63000     0.00418    -8.53663
    -0.22772     0.97373     0.00000
    -0.97373    -0.22772     0.00000
     0.00000     0.00000     1.00000
           0           1           4           1
     2.34595     1.18888     8.53831
    -0.64208     0.76663     0.00000
    -0.76663    -0.64208     0.00000
     0.00000     0.00000     1.00000
           0           1           4           2
     2.34595     1.18888     2.84631
    -0.64208     0.76663     0.00000
    -0.76663    -0.64208     0.00000
     0.00000     0.00000     1.00000
           0           1           4           3
     2.34595     1.18888    -2.84569
    -0.64208     0.76663     0.00000
    -0.76663    -0.64208     0.00000
     0.00000     0.00000     1.00000
           0           1           4           4
     2.34595     1.18888    -8.53769
    -0.64208     0.76663     0.00000
    -0.76663    -0.64208     0.00000
     0.00000     0.00000     1.00000
           0           1           5           1
     1.55750     2.11922     8.53916
    -0.91885     0.39461     0.00000
    -0.39461    -0.91885     0.00000
     0.00000     0.00000     1.00000
           0           1           5           2
     1.55750     2.11922     2.84716
    -0.91885     0.39461     0.00000
    -0.39461    -0.91885     0.00000
     0.00000     0.00000     1.00000
           0           1           5           3
     1.55750     2.11922    -2.84484
    -0.91885     0.39461     0.00000
    -0.39461    -0.91885     0.00000
     0.00000     0.00000     1.00000
           0           1           5           4
     1.55750     2.11922    -8.53684
    -0.91885     0.39461     0.00000
    -0.39461    -0.91885     0.00000
     0.00000     0.00000     1.00000
           0           1           6           1
    -1.56821     2.11132    -8.54493
     0.91684     0.39925     0.00000
     0.39925    -0.91684     0.00000
     0.00000    -0.00000    -1.00000
           0           1           6           2
    -1.56821     2.11132    -2.85293
     0.91684     0.39925     0.00000
     0.39925    -0.91684     0.00000
     0.00000    -0.00000    -1.00000
           0           1           6           3
    -1.56821     2.11132     2.83907
     0.91684     0.39925     0.00000
     0.39925    -0.91684     0.00000
     0.00000    -0.00000    -1.00000
           0           1           6           4
    -1.56821     2.11132     8.53107
     0.91684     0.39925     0.00000
     0.39925    -0.91684     0.00000
     0.00000    -0.00000    -1.00000
           0           1           7           1
    -2.35080     1.17927    -8.54317
     0.63894     0.76926    -0.00000
     0.76926    -0.63894    -0.00000
    -0.00000     0.00000    -1.00000
           0           1           7           2
    -2.35080     1.17927    -2.85117
     0.63894     0.76926    -0.00000
     0.76926    -0.63894    -0.00000
    -0.00000     0.00000    -1.00000
           0           1           7           3
    -2.35080     1.17927     2.84083
     0.63894     0.76926    -0.00000
     0.76926    -0.63894    -0.00000
    -0.00000     0.00000    -1.00000
           0           1           7           4
    -2.35080     1.17927     8.53283
     0.63894     0.76926    -0.00000
     0.76926    -0.63894    -0.00000
    -0.00000     0.00000    -1.00000
           0           1           8           1
    -2.63000     0.00492    -8.54002
     0.22800     0.97366    -0.00000
     0.97366    -0.22800    -0.00000
    -0.00000     0.00000    -1.00000
           0           1           8           2
    -2.62999     0.00492    -2.84802
     0.22800     0.97366    -0.00000
     0.97366    -0.22800    -0.00000
    -0.00000     0.00000    -1.00000
           0           1           8           3
    -2.62999     0.00492     2.84398
     0.22800     0.97366    -0.00000
     0.97366    -0.22800    -0.00000
    -0.00000     0.00000    -1.00000
           0           1           8           4
    -2.62999     0.00492     8.53598
     0.22800     0.97366    -0.00000
     0.97366    -0.22800    -0.00000
    -0.00000     0.00000    -1.00000
           0           1           9           1
    -2.34989    -1.18106    -8.53901
    -0.23535     0.97191    -0.00000
     0.97191     0.23535    -0.00000
    -0.00000    -0.00000    -1.00000
           0           1           9           2
    -2.34989    -1.18106    -2.84701
    -0.23535     0.97191    -0.00000
     0.97191     0.23535    -0.00000
    -0.00000    -0.00000    -1.00000
           0           1           9           3
    -2.34989    -1.18106     2.84499
    -0.23535     0.97191    -0.00000
     0.97191     0.23535    -0.00000
    -0.00000    -0.00000    -1.00000
           0           1           9           4
    -2.34989    -1.18106     8.53699
    -0.23535     0.97191    -0.00000
     0.97191     0.23535    -0.00000
    -0.00000    -0.00000    -1.00000
           0           1          10           1
    -1.56577    -2.11312    -8.54009
    -0.64800     0.76164    -0.00000
     0.76164     0.64800    -0.00000
    -0.00000    -0.00000    -1.00000
           0           1          10           2
    -1.56577    -2.11312    -2.84809
    -0.64800     0.76164    -0.00000
     0.76164     0.64800    -0.00000
    -0.00000    -0.00000    -1.00000
           0           1          10           3
    -1.56577    -2.11312     2.84391
    -0.64800     0.76164    -0.00000
     0.76164     0.64800    -0.00000
    -0.00000    -0.00000    -1.00000
           0           1          10           4
    -1.56577    -2.11312     8.53591
    -0.64800     0.76164    -0.00000
     0.76164     0.64800    -0.00000
    -0.00000    -0.00000    -1.00000
           0           2           1           1
     2.47143    -4.49544     8.53654
     0.74481     0.66728    -0.00000
    -0.66728     0.74481    -0.00000
    -0.00000     0.00000     1.00000
           0           2           1           2
     2.47143    -4.49544     2.84453
     0.74481     0.66728    -0.00000
    -0.66728     0.74481    -0.00000
    -0.00000     0.00000     1.00000
           0           2           1           3
     2.47143    -4.49544    -2.84747
     0.74481     0.66728    -0.00000
    -0.66728     0.74481    -0.00000
    -0.00000     0.00000     1.00000
           0           2           1           4
     2.47143    -4.49544    -8.53946
     0.74481     0.66728    -0.00000
    -0.66728     0.74481    -0.00000
    -0.00000     0.00000     1.00000
           0           2           2           1
     3.45611    -3.79107     8.53800
     0.56770     0.82324    -0.00000
    -0.82324     0.56770    -0.00000
     0.00000     0.00000     1.00000
           0           2           2           2
     3.45611    -3.79107     2.84600
     0.56770     0.82324    -0.00000
    -0.82324     0.56770    -0.00000
     0.00000     0.00000     1.00000
           0           2           2           3
     3.45611    -3.79107    -2.84600
     0.56770     0.82324    -0.00000
    -0.82324     0.56770    -0.00000
     0.00000     0.00000     1.00000
           0           2           2           4
     3.45611    -3.79107    -8.53800
     0.56770     0.82324    -0.00000
    -0.82324     0.56770    -0.00000
     0.00000     0.00000     1.00000
           0           2           3           1
     4.25419    -2.86685     8.53901
     0.35704     0.93409    -0.00000
    -0.93409     0.35704    -0.00000
     0.00000     0.00000     1.00000
           0           2           3           2
     4.25419    -2.86685     2.84701
     0.35704     0.93409    -0.00000
    -0.93409     0.35704    -0.00000
     0.00000     0.00000     1.00000
           0           2           3           3
     4.25419    -2.86685    -2.84499
     0.35704     0.93409    -0.00000
    -0.93409     0.35704    -0.00000
     0.00000     0.00000     1.00000
           0           2           3           4
     4.25419    -2.86685    -8.53699
     0.35704     0.93409    -0.00000
    -0.93409     0.35704    -0.00000
     0.00000     0.00000     1.00000
           0           2           4           1
     4.80940    -1.78511     8.54020
     0.12717     0.99188    -0.00000
    -0.99188     0.12717    -0.00000
    -0.00000     0.00000     1.00000
           0           2           4           2
     4.80940    -1.78511     2.84820
     0.12717     0.99188    -0.00000
    -0.99188     0.12717    -0.00000
    -0.00000     0.00000     1.00000
           0           2           4           3
     4.80940    -1.78511    -2.84380
     0.12717     0.99188    -0.00000
    -0.99188     0.12717    -0.00000
    -0.00000     0.00000     1.00000
           0           2           4           4
     4.80940    -1.78511    -8.53580
     0.12717     0.99188    -0.00000
    -0.99188     0.12717    -0.00000
    -0.00000     0.00000     1.00000
           0           2           5           1
     5.09395    -0.60704     8.53961
    -0.10906     0.99404     0.00000
    -0.99404    -0.10906     0.00000
     0.00000     0.00000     1.00000
           0           2           5           2
     5.09395    -0.60704     2.84761
    -0.10906     0.99404     0.00000
    -0.99404    -0.10906     0.00000
     0.00000     0.00000     1.00000
           0           2           5           3
     5.09395    -0.60704    -2.84439
    -0.10906     0.99404     0.00000
    -0.99404    -0.10906     0.00000
     0.00000     0.00000     1.00000
           0           2           5           4
     5.09395    -0.60704    -8.53639
    -0.10906     0.99404     0.00000
    -0.99404    -0.10906     0.00000
     0.00000     0.00000     1.00000
           0           2           6           1
     5.09485     0.59954     8.53927
    -0.33822     0.94107     0.00000
    -0.94107    -0.33822     0.00000
     0.00000     0.00000     1.00000
           0           2           6           2
     5.09485     0.59954     2.84727
    -0.33822     0.94107     0.00000
    -0.94107    -0.33822     0.00000
     0.00000     0.00000     1.00000
           0           2           6           3
     5.09485     0.59954    -2.84473
    -0.33822     0.94107     0.00000
    -0.94107    -0.33822     0.00000
     0.00000     0.00000     1.00000
           0           2           6           4
     5.09485     0.59954    -8.53673
    -0.33822     0.94107     0.00000
    -0.94107    -0.33822     0.00000
     0.00000     0.00000     1.00000
           0           2           7           1
     4.80913     1.78582     8.53968
    -0.55090     0.83457     0.00000
    -0.83457    -0.55090     0.00000
     0.00000     0.00000     1.00000
           0           2           7           2
     4.80913     1.78582     2.84768
    -0.55090     0.83457     0.00000
    -0.83457    -0.55090     0.00000
     0.00000     0.00000     1.00000
           0           2           7           3
     4.80913     1.78582    -2.84432
    -0.55090     0.83457     0.00000
    -0.83457    -0.55090     0.00000
     0.00000     0.00000     1.00000
           0           2           7           4
     4.80913     1.78582    -8.53632
    -0.55090     0.83457     0.00000
    -0.83457    -0.55090     0.00000
     0.00000     0.00000     1.00000
           0           2           8           1
     4.25744     2.86200     8.53915
    -0.73096     0.68242     0.00000
    -0.68242    -0.73096     0.00000
     0.00000     0.00000     1.00000
           0           2           8           2
     4.25744     2.86200     2.84715
    -0.73096     0.68242     0.00000
    -0.68242    -0.73096     0.00000
     0.00000     0.00000     1.00000
           0           2           8           3
     4.25744     2.86200    -2.84485
    -0.73096     0.68242     0.00000
    -0.68242    -0.73096     0.00000
     0.00000     0.00000     1.00000
           0           2           8           4
     4.25744     2.86200    -8.53685
    -0.73096     0.68242     0.00000
    -0.68242    -0.73096     0.00000
     0.00000     0.00000     1.00000
           0           2           9           1
     3.46172     3.78596     8.53745
    -0.87137     0.49062     0.00000
    -0.49062    -0.87137     0.00000
     0.00000     0.00000     1.00000
           0           2           9           2
     3.46172     3.78596     2.84545
    -0.87137     0.49062     0.00000
    -0.49062    -0.87137     0.00000
     0.00000     0.00000     1.00000
           0           2           9           3
     3.46172     3.78596    -2.84655
    -0.87137     0.49062     0.00000
    -0.49062    -0.87137     0.00000
     0.00000     0.00000     1.00000
           0           2           9           4
     3.46172     3.78596    -8.53855
    -0.87137     0.49062     0.00000
    -0.49062    -0.87137     0.00000
     0.00000     0.00000     1.00000
           0           2          10           1
     2.47662     4.49258     8.53635
    -0.96217     0.27244     0.00000
    -0.27244    -0.96217     0.00000
     0.00000     0.00000     1.00000
           0           2          10           2
     2.47662     4.49258     2.84435
    -0.96217     0.27244     0.00000
    -0.27244    -0.96217     0.00000
     0.00000     0.00000     1.00000
           0           2          10           3
     2.47662     4.49258    -2.84765
    -0.96217     0.27244     0.00000
    -0.27244    -0.96217     0.00000
     0.00000     0.00000     1.00000
           0           2          10           4
     2.47662     4.49258    -8.53965
    -0.96217     0.27244     0.00000
    -0.27244    -0.96217     0.00000
     0.00000     0.00000     1.00000
           0           2          11           1
    -2.46749     4.49760    -8.53558
     0.96272     0.27048     0.00000
     0.27048    -0.96272     0.00000
     0.00000    -0.00000    -1.00000
           0           2          11           2
    -2.46749     4.49760    -2.84358
     0.96272     0.27048     0.00000
     0.27048    -0.96272     0.00000
     0.00000    -0.00000    -1.00000
           0           2          11           3
    -2.46749     4.49760     2.84842
     0.96272     0.27048     0.00000
     0.27048    -0.96272     0.00000
     0.00000    -0.00000    -1.00000
           0           2          11           4
    -2.46749     4.49760     8.54042
     0.96272     0.27048     0.00000
     0.27048    -0.96272     0.00000
     0.00000    -0.00000    -1.00000
           0           2          12           1
    -3.45918     3.78827    -8.53800
     0.87170     0.49004     0.00000
     0.49004    -0.87170     0.00000
     0.00000    -0.00000    -1.00000
           0           2          12           2
    -3.45918     3.78827    -2.84600
     0.87170     0.49004     0.00000
     0.49004    -0.87170     0.00000
     0.00000    -0.00000    -1.00000
           0           2          12           3
    -3.45918     3.78827     2.84600
     0.87170     0.49004     0.00000
     0.49004    -0.87170     0.00000
     0.00000    -0.00000    -1.00000
           0           2          12           4
    -3.45918     3.78827     8.53800
     0.87170     0.49004     0.00000
     0.49004    -0.87170     0.00000
     0.00000    -0.00000    -1.00000
           0           2          13           1
    -4.25101     2.87156    -8.53990
     0.73250     0.68077     0.00000
     0.68077    -0.73250     0.00000
     0.00000    -0.00000    -1.00000
           0           2          13           2
    -4.25101     2.87156    -2.84790
     0.73250     0.68077     0.00000
     0.68077    -0.73250     0.00000
     0.00000    -0.00000    -1.00000
           0           2          13           3
    -4.25101     2.87156     2.84410
     0.73250     0.68077     0.00000
     0.68077    -0.73250     0.00000
     0.00000    -0.00000    -1.00000
           0           2          13           4
    -4.25101     2.87156     8.53610
     0.73250     0.68077     0.00000
     0.68077    -0.73250     0.00000
     0.00000    -0.00000    -1.00000
           0           2          14           1
    -4.80789     1.78916    -8.53912
     0.55148     0.83419    -0.00000
     0.83419    -0.55148    -0.00000
    -0.00000     0.00000    -1.00000
           0           2          14           2
    -4.80789     1.78916    -2.84712
     0.55148     0.83419    -0.00000
     0.83419    -0.55148    -0.00000
    -0.00000     0.00000    -1.00000
           0           2          14           3
    -4.80789     1.78916     2.84488
     0.55148     0.83419    -0.00000
     0.83419    -0.55148    -0.00000
    -0.00000     0.00000    -1.00000
           0           2          14           4
    -4.80789     1.78916     8.53688
     0.55148     0.83419    -0.00000
     0.83419    -0.55148    -0.00000
    -0.00000     0.00000    -1.00000
           0           2          15           1
    -5.09461     0.60162    -8.54119
     0.33861     0.94093    -0.00000
     0.94093    -0.33861    -0.00000
    -0.00000     0.00000    -1.00000
           0           2          15           2
    -5.09461     0.60162    -2.84919
     0.33861     0.94093    -0.00000
     0.94093    -0.33861    -0.00000
    -0.00000     0.00000    -1.00000
           0           2          15           3
    -5.09461     0.60162     2.84281
     0.33861     0.94093    -0.00000
     0.94093    -0.33861    -0.00000
    -0.00000     0.00000    -1.00000
           0           2          15           4
    -5.09461     0.60162     8.53481
     0.33861     0.94093    -0.00000
     0.94093    -0.33861    -0.00000
    -0.00000     0.00000    -1.00000
           0           2          16           1
    -5.09386    -0.60784    -8.53792
     0.10891     0.99405    -0.00000
     0.99405    -0.10891    -0.00000
    -0.00000     0.00000    -1.00000
           0           2          16           2
    -5.09386    -0.60784    -2.84593
     0.10891     0.99405    -0.00000
     0.99405    -0.10891    -0.00000
    -0.00000     0.00000    -1.00000
           0           2          16           3
    -5.09386    -0.60784     2.84607
     0.10891     0.99405    -0.00000
     0.99405    -0.10891    -0.00000
    -0.00000     0.00000    -1.00000
           0           2          16           4
    -5.09386    -0.60784     8.53808
     0.10891     0.99405    -0.00000
     0.99405    -0.10891    -0.00000
    -0.00000     0.00000    -1.00000
           0           2          17           1
    -4.80849    -1.78755    -8.53773
    -0.12768     0.99182    -0.00000
     0.99182     0.12768    -0.00000
    -0.00000    -0.00000    -1.00000
           0           2          17           2
    -4.80849    -1.78755    -2.84573
    -0.12768     0.99182    -0.00000
     0.99182     0.12768    -0.00000
    -0.00000    -0.00000    -1.00000
           0           2          17           3
    -4.80849    -1.78755     2.84627
    -0.12768     0.99182    -0.00000
     0.99182     0.12768    -0.00000
    -0.00000    -0.00000    -1.00000
           0           2          17           4
    -4.80849    -1.78755     8.53827
    -0.12768     0.99182    -0.00000
     0.99182     0.12768    -0.00000
    -0.00000    -0.00000    -1.00000
           0           2          18           1
    -4.25221    -2.86977    -8.53976
    -0.35768     0.93384    -0.00000
     0.93384     0.35768    -0.00000
    -0.00000    -0.00000    -1.00000
           0           2          18           2
    -4.25221    -2.86977    -2.84776
    -0.35768     0.93384    -0.00000
     0.93384     0.35768    -0.00000
    -0.00000    -0.00000    -1.00000
           0           2          18           3
    -4.25221    -2.86977     2.84424
    -0.35768     0.93384    -0.00000
     0.93384     0.35768    -0.00000
    -0.00000    -0.00000    -1.00000
           0           2          18           4
    -4.25221    -2.86977     8.53624
    -0.35768     0.93384    -0.00000
     0.93384     0.35768    -0.00000
    -0.00000    -0.00000    -1.00000
           0           2          19           1
    -3.45622    -3.79097    -8.54185
    -0.56767     0.82326    -0.00000
     0.82326     0.56767    -0.00000
    -0.00000    -0.00000    -1.00000
           0           2          19           2
    -3.45622    -3.79097    -2.84985
    -0.56767     0.82326    -0.00000
     0.82326     0.56767    -0.00000
    -0.00000    -0.00000    -1.00000
           0           2          19           3
    -3.45622    -3.79097     2.84215
    -0.56767     0.82326    -0.00000
     0.82326     0.56767    -0.00000
    -0.00000    -0.00000    -1.00000
           0           2          19           4
    -3.45622    -3.79097     8.53415
    -0.56767     0.82326    -0.00000
     0.82326     0.56767    -0.00000
    -0.00000    -0.00000    -1.00000
           0           2          20           1
    -2.46625    -4.49828    -8.54223
    -0.74557     0.66642    -0.00000
     0.66642     0.74557    -0.00000
    -0.00000    -0.00000    -1.00000
           0           2          20           2
    -2.46625    -4.49828    -2.85023
    -0.74557     0.66642    -0.00000
     0.66642     0.74557    -0.00000
    -0.00000    -0.00000    -1.00000
           0           2          20           3
    -2.46625    -4.49828     2.84177
    -0.74557     0.66642    -0.00000
     0.66642     0.74557    -0.00000
    -0.00000    -0.00000    -1.00000
           0           2          20           4
    -2.46625    -4.49828     8.53377
    -0.74557     0.66642    -0.00000
     0.66642     0.74557    -0.00000
    -0.00000    -0.00000    -1.00000
           0           3           1           1
     5.62490   -10.33323    12.75239
    -0.87830    -0.47811    -0.00000
    -0.47811     0.87830    -0.00000
     0.00000    -0.00000    -1.00000
           0           3           1           2
     5.62490   -10.33323     6.37699
    -0.87830    -0.47811    -0.00000
    -0.47811     0.87830    -0.00000
     0.00000    -0.00000    -1.00000
           0           3           1           3
     5.62490   -10.33323     0.00159
    -0.87830    -0.47811    -0.00000
    -0.47811     0.87830    -0.00000
     0.00000    -0.00000    -1.00000
           0           3           1           4
     5.62490   -10.33323    -6.37381
    -0.87830    -0.47811    -0.00000
    -0.47811     0.87830    -0.00000
     0.00000    -0.00000    -1.00000
           0           3           1           5
     5.62490   -10.33323   -12.74921
    -0.87830    -0.47811    -0.00000
    -0.47811     0.87830    -0.00000
     0.00000    -0.00000    -1.00000
           0           3           2           1
     7.52082    -7.12508    12.74560
    -0.68775    -0.72594     0.00000
    -0.72594     0.68775     0.00000
    -0.00000     0.00000    -1.00000
           0           3           2           2
     7.52082    -7.12508     6.37020
    -0.68775    -0.72594     0.00000
    -0.72594     0.68775     0.00000
    -0.00000     0.00000    -1.00000
           0           3           2           3
     7.52082    -7.12508    -0.00520
    -0.68775    -0.72594     0.00000
    -0.72594     0.68775     0.00000
    -0.00000     0.00000    -1.00000
           0           3           2           4
     7.52082    -7.12508    -6.38060
    -0.68775    -0.72594     0.00000
    -0.72594     0.68775     0.00000
    -0.00000     0.00000    -1.00000
           0           3           2           5
     7.52082    -7.12508   -12.75600
    -0.68775    -0.72594     0.00000
    -0.72594     0.68775     0.00000
    -0.00000     0.00000    -1.00000
           0           3           3           1
    11.53030    -5.66775    12.75003
    -0.44114    -0.89744     0.00000
    -0.89744     0.44114     0.00000
    -0.00000     0.00000    -1.00000
           0           3           3           2
    11.53030    -5.66775     6.37463
    -0.44114    -0.89744     0.00000
    -0.89744     0.44114     0.00000
    -0.00000     0.00000    -1.00000
           0           3           3           3
    11.53030    -5.66775    -0.00077
    -0.44114    -0.89744     0.00000
    -0.89744     0.44114     0.00000
    -0.00000     0.00000    -1.00000
           0           3           3           4
    11.53030    -5.66775    -6.37617
    -0.44114    -0.89744     0.00000
    -0.89744     0.44114     0.00000
    -0.00000     0.00000    -1.00000
           0           3           3           5
    11.53030    -5.66775   -12.75157
    -0.44114    -0.89744     0.00000
    -0.89744     0.44114     0.00000
    -0.00000     0.00000    -1.00000
           0           3           4           1
    11.58083    -2.07361    12.74767
    -0.17626    -0.98434     0.00000
    -0.98434     0.17626     0.00000
    -0.00000     0.00000    -1.00000
           0           3           4           2
    11.58083    -2.07361     6.37227
    -0.17626    -0.98434     0.00000
    -0.98434     0.17626     0.00000
    -0.00000     0.00000    -1.00000
           0           3           4           3
    11.58083    -2.07361    -0.00313
    -0.17626    -0.98434     0.00000
    -0.98434     0.17626     0.00000
    -0.00000     0.00000    -1.00000
           0           3           4           4
    11.58083    -2.07361    -6.37853
    -0.17626    -0.98434     0.00000
    -0.98434     0.17626     0.00000
    -0.00000     0.00000    -1.00000
           0           3           4           5
    11.58083    -2.07361   -12.75393
    -0.17626    -0.98434     0.00000
    -0.98434     0.17626     0.00000
    -0.00000     0.00000    -1.00000
           0           3           5           1
    10.26252     1.41793    12.74595
     0.13686    -0.99059     0.00000
    -0.99059    -0.13686     0.00000
    -0.00000    -0.00000    -1.00000
           0           3           5           2
    10.26252     1.41793     6.37055
     0.13686    -0.99059     0.00000
    -0.99059    -0.13686     0.00000
    -0.00000    -0.00000    -1.00000
           0           3           5           3
    10.26252     1.41793    -0.00485
     0.13686    -0.99059     0.00000
    -0.99059    -0.13686     0.00000
    -0.00000    -0.00000    -1.00000
           0           3           5           4
    10.26252     1.41793    -6.38025
     0.13686    -0.99059     0.00000
    -0.99059    -0.13686     0.00000
    -0.00000    -0.00000    -1.00000
           0           3           5           5
    10.26252     1.41793   -12.75565
     0.13686    -0.99059     0.00000
    -0.99059    -0.13686     0.00000
    -0.00000    -0.00000    -1.00000
           0           3           6           1
    11.64046     5.43791    12.75362
     0.42324    -0.90602     0.00000
    -0.90602    -0.42324     0.00000
    -0.00000    -0.00000    -1.00000
           0           3           6           2
    11.64046     5.43791     6.37822
     0.42324    -0.90602     0.00000
    -0.90602    -0.42324     0.00000
    -0.00000    -0.00000    -1.00000
           0           3           6           3
    11.64046     5.43791     0.00282
     0.42324    -0.90602     0.00000
    -0.90602    -0.42324     0.00000
    -0.00000    -0.00000    -1.00000
           0           3           6           4
    11.64046     5.43791    -6.37258
     0.42324    -0.90602     0.00000
    -0.90602    -0.42324     0.00000
    -0.00000    -0.00000    -1.00000
           0           3           6           5
    11.64046     5.43791   -12.74798
     0.42324    -0.90602     0.00000
    -0.90602    -0.42324     0.00000
    -0.00000    -0.00000    -1.00000
           0           3           7           1
     8.86985     7.72923    12.74911
     0.65697    -0.75392     0.00000
    -0.75392    -0.65697     0.00000
    -0.00000    -0.00000    -1.00000
           0           3           7           2
     8.86985     7.72923     6.37371
     0.65697    -0.75392     0.00000
    -0.75392    -0.65697     0.00000
    -0.00000    -0.00000    -1.00000
           0           3           7           3
     8.86985     7.72923    -0.00169
     0.65697    -0.75392     0.00000
    -0.75392    -0.65697     0.00000
    -0.00000    -0.00000    -1.00000
           0           3           7           4
     8.86985     7.72923    -6.37709
     0.65697    -0.75392     0.00000
    -0.75392    -0.65697     0.00000
    -0.00000    -0.00000    -1.00000
           0           3           7           5
     8.86985     7.72923   -12.75249
     0.65697    -0.75392     0.00000
    -0.75392    -0.65697     0.00000
    -0.00000    -0.00000    -1.00000
           0           3           8           1
     5.31318     8.89380    12.74813
     0.85848    -0.51286     0.00000
    -0.51286    -0.85848     0.00000
    -0.00000    -0.00000    -1.00000
           0           3           8           2
     5.31318     8.89380     6.37273
     0.85848    -0.51286     0.00000
    -0.51286    -0.85848     0.00000
    -0.00000    -0.00000    -1.00000
           0           3           8           3
     5.31318     8.89380    -0.00268
     0.85848    -0.51286     0.00000
    -0.51286    -0.85848     0.00000
    -0.00000    -0.00000    -1.00000
           0           3           8           4
     5.31318     8.89380    -6.37808
     0.85848    -0.51286     0.00000
    -0.51286    -0.85848     0.00000
    -0.00000    -0.00000    -1.00000
           0           3           8           5
     5.31318     8.89380   -12.75348
     0.85848    -0.51286     0.00000
    -0.51286    -0.85848     0.00000
    -0.00000    -0.00000    -1.00000
           0           3           9           1
    -5.30875     8.89645   -12.73057
    -0.85873    -0.51243    -0.00000
     0.51243    -0.85873    -0.00000
     0.00000     0.00000     1.00000
           0           3           9           2
    -5.30875     8.89645    -6.35517
    -0.85873    -0.51243    -0.00000
     0.51243    -0.85873    -0.00000
     0.00000     0.00000     1.00000
           0           3           9           3
    -5.30875     8.89645     0.02023
    -0.85873    -0.51243    -0.00000
     0.51243    -0.85873    -0.00000
     0.00000     0.00000     1.00000
           0           3           9           4
    -5.30875     8.89645     6.39563
    -0.85873    -0.51243    -0.00000
     0.51243    -0.85873    -0.00000
     0.00000     0.00000     1.00000
           0           3           9           5
    -5.30875     8.89645    12.77103
    -0.85873    -0.51243    -0.00000
     0.51243    -0.85873    -0.00000
     0.00000     0.00000     1.00000
           0           3          10           1
    -8.85419     7.74716   -12.74446
    -0.65850    -0.75258    -0.00000
     0.75258    -0.65850    -0.00000
     0.00000     0.00000     1.00000
           0           3          10           2
    -8.85419     7.74716    -6.36907
    -0.65850    -0.75258    -0.00000
     0.75258    -0.65850    -0.00000
     0.00000     0.00000     1.00000
           0           3          10           3
    -8.85419     7.74716     0.00633
    -0.65850    -0.75258    -0.00000
     0.75258    -0.65850    -0.00000
     0.00000     0.00000     1.00000
           0           3          10           4
    -8.85419     7.74716     6.38173
    -0.65850    -0.75258    -0.00000
     0.75258    -0.65850    -0.00000
     0.00000     0.00000     1.00000
           0           3          10           5
    -8.85419     7.74716    12.75713
    -0.65850    -0.75258    -0.00000
     0.75258    -0.65850    -0.00000
     0.00000     0.00000     1.00000
           0           3          11           1
   -11.63086     5.45841   -12.74111
    -0.42484    -0.90527    -0.00000
     0.90527    -0.42484    -0.00000
     0.00000     0.00000     1.00000
           0           3          11           2
   -11.63086     5.45841    -6.36571
    -0.42484    -0.90527    -0.00000
     0.90527    -0.42484    -0.00000
     0.00000     0.00000     1.00000
           0           3          11           3
   -11.63086     5.45841     0.00969
    -0.42484    -0.90527    -0.00000
     0.90527    -0.42484    -0.00000
     0.00000     0.00000     1.00000
           0           3          11           4
   -11.63086     5.45841     6.38509
    -0.42484    -0.90527    -0.00000
     0.90527    -0.42484    -0.00000
     0.00000     0.00000     1.00000
           0           3          11           5
   -11.63086     5.45841    12.76049
    -0.42484    -0.90527    -0.00000
     0.90527    -0.42484    -0.00000
     0.00000     0.00000     1.00000
           0           3          12           1
   -10.26389     1.40792   -12.74396
    -0.13590    -0.99072    -0.00000
     0.99072    -0.13590    -0.00000
     0.00000    -0.00000     1.00000
           0           3          12           2
   -10.26389     1.40792    -6.36856
    -0.13590    -0.99072    -0.00000
     0.99072    -0.13590    -0.00000
     0.00000    -0.00000     1.00000
           0           3          12           3
   -10.26389     1.40792     0.00684
    -0.13590    -0.99072    -0.00000
     0.99072    -0.13590    -0.00000
     0.00000    -0.00000     1.00000
           0           3          12           4
   -10.26389     1.40792     6.38224
    -0.13590    -0.99072    -0.00000
     0.99072    -0.13590    -0.00000
     0.00000    -0.00000     1.00000
           0           3          12           5
   -10.26389     1.40792    12.75764
    -0.13590    -0.99072    -0.00000
     0.99072    -0.13590    -0.00000
     0.00000    -0.00000     1.00000
           0           3          13           1
   -11.58145    -2.07011   -12.73656
     0.17596    -0.98440    -0.00000
     0.98440     0.17596    -0.00000
     0.00000     0.00000     1.00000
           0           3          13           2
   -11.58145    -2.07011    -6.36116
     0.17596    -0.98440    -0.00000
     0.98440     0.17596    -0.00000
     0.00000     0.00000     1.00000
           0           3          13           3
   -11.58145    -2.07011     0.01424
     0.17596    -0.98440    -0.00000
     0.98440     0.17596    -0.00000
     0.00000     0.00000     1.00000
           0           3          13           4
   -11.58145    -2.07011     6.38964
     0.17596    -0.98440    -0.00000
     0.98440     0.17596    -0.00000
     0.00000     0.00000     1.00000
           0           3          13           5
   -11.58145    -2.07011    12.76504
     0.17596    -0.98440    -0.00000
     0.98440     0.17596    -0.00000
     0.00000     0.00000     1.00000
           0           3          14           1
   -11.53086    -5.66660   -12.74495
     0.44105    -0.89748    -0.00000
     0.89748     0.44105    -0.00000
     0.00000     0.00000     1.00000
           0           3          14           2
   -11.53086    -5.66660    -6.36955
     0.44105    -0.89748    -0.00000
     0.89748     0.44105    -0.00000
     0.00000     0.00000     1.00000
           0           3          14           3
   -11.53086    -5.66660     0.00585
     0.44105    -0.89748    -0.00000
     0.89748     0.44105    -0.00000
     0.00000     0.00000     1.00000
           0           3          14           4
   -11.53086    -5.66660     6.38125
     0.44105    -0.89748    -0.00000
     0.89748     0.44105    -0.00000
     0.00000     0.00000     1.00000
           0           3          14           5
   -11.53086    -5.66660    12.75665
     0.44105    -0.89748    -0.00000
     0.89748     0.44105    -0.00000
     0.00000     0.00000     1.00000
           0           3          15           1
    -7.52654    -7.11905   -12.74604
     0.68717    -0.72649    -0.00000
     0.72649     0.68717    -0.00000
     0.00000     0.00000     1.00000
           0           3          15           2
    -7.52654    -7.11905    -6.37064
     0.68717    -0.72649    -0.00000
     0.72649     0.68717    -0.00000
     0.00000     0.00000     1.00000
           0           3          15           3
    -7.52654    -7.11905     0.00476
     0.68717    -0.72649    -0.00000
     0.72649     0.68717    -0.00000
     0.00000     0.00000     1.00000
           0           3          15           4
    -7.52654    -7.11905     6.38016
     0.68717    -0.72649    -0.00000
     0.72649     0.68717    -0.00000
     0.00000     0.00000     1.00000
           0           3          15           5
    -7.52654    -7.11905    12.75556
     0.68717    -0.72649    -0.00000
     0.72649     0.68717    -0.00000
     0.00000     0.00000     1.00000
           0           3          16           1
    -5.63282   -10.32892   -12.74848
     0.87794    -0.47878    -0.00000
     0.47878     0.87794    -0.00000
     0.00000     0.00000     1.00000
           0           3          16           2
    -5.63282   -10.32892    -6.37309
     0.87794    -0.47878    -0.00000
     0.47878     0.87794    -0.00000
     0.00000     0.00000     1.00000
           0           3          16           3
