 SVX cage parameters:
     2.20000
     0.50000     0.20000
     0.00000
           6
   -40.00000   -26.50000   -26.50000    26.50000    26.50000    40.00000
    53.00000    53.00000    22.00000    22.00000    53.00000    53.00000
     0.00000     0.00000     0.00000
 SVX barrel parameters:
           4
     2.63000     5.13000    11.76500    16.68700     1.21400
     0.00000     0.00000     0.00000     0.00000
           4           4           5           6
     0.69600     0.69600     1.74500     1.74500
     0.01000     0.01000     0.03125     0.03125
     2.83600     2.83600     3.18770     3.18770
     0.01900     0.01900     0.00000     0.00000
     0.02000     0.02000     0.00000     0.00000
    26.70000    13.60000    17.00000    12.00000
   -13.00000   -13.02000     0.00000     0.00000
           2
           5           5
     0.00000   180.00000
           2
          10          10
     0.00000   180.00000
           2
           8           8
     0.00000   180.00000
           2
          12          12
     0.00000   180.00000
 SVX barrel sensor rotation matrices and translation vectors:
           0           1           1           1
     1.65855    -2.04110     8.53800
     0.61335     0.78981    -0.00000
    -0.78981     0.61335    -0.00000
    -0.00000     0.00000     1.00000
           0           1           1           2
     1.65855    -2.04110     2.84600
     0.61335     0.78981    -0.00000
    -0.78981     0.61335    -0.00000
    -0.00000     0.00000     1.00000
           0           1           1           3
     1.65855    -2.04110    -2.84600
     0.61335     0.78981    -0.00000
    -0.78981     0.61335    -0.00000
    -0.00000     0.00000     1.00000
           0           1           1           4
     1.65855    -2.04110    -8.53800
     0.61335     0.78981    -0.00000
    -0.78981     0.61335    -0.00000
    -0.00000     0.00000     1.00000
           0           1           2           1
     2.33848    -1.20349     8.53794
     0.24463     0.96962    -0.00000
    -0.96962     0.24463    -0.00000
     0.00000     0.00000     1.00000
           0           1           2           2
     2.33848    -1.20349     2.84594
     0.24463     0.96962    -0.00000
    -0.96962     0.24463    -0.00000
     0.00000     0.00000     1.00000
           0           1           2           3
     2.33848    -1.20349    -2.84606
     0.24463     0.96962    -0.00000
    -0.96962     0.24463    -0.00000
     0.00000     0.00000     1.00000
           0           1           2           4
     2.33848    -1.20349    -8.53806
     0.24463     0.96962    -0.00000
    -0.96962     0.24463    -0.00000
     0.00000     0.00000     1.00000
           0           1           3           1
     2.62998    -0.01355     8.53496
    -0.22116     0.97524     0.00000
    -0.97524    -0.22116     0.00000
     0.00000     0.00000     1.00000
           0           1           3           2
     2.62998    -0.01355     2.84297
    -0.22116     0.97524     0.00000
    -0.97524    -0.22116     0.00000
     0.00000     0.00000     1.00000
           0           1           3           3
     2.62998    -0.01355    -2.84904
    -0.22116     0.97524     0.00000
    -0.97524    -0.22116     0.00000
     0.00000     0.00000     1.00000
           0           1           3           4
     2.62998    -0.01355    -8.54104
    -0.22116     0.97524     0.00000
    -0.97524    -0.22116     0.00000
     0.00000     0.00000     1.00000
           0           1           4           1
     2.34847     1.18390     8.53810
    -0.64045     0.76800     0.00000
    -0.76800    -0.64045     0.00000
     0.00000     0.00000     1.00000
           0           1           4           2
     2.34847     1.18390     2.84610
    -0.64045     0.76800     0.00000
    -0.76800    -0.64045     0.00000
     0.00000     0.00000     1.00000
           0           1           4           3
     2.34847     1.18390    -2.84590
    -0.64045     0.76800     0.00000
    -0.76800    -0.64045     0.00000
     0.00000     0.00000     1.00000
           0           1           4           4
     2.34847     1.18390    -8.53790
    -0.64045     0.76800     0.00000
    -0.76800    -0.64045     0.00000
     0.00000     0.00000     1.00000
           0           1           5           1
     1.58220     2.10085     8.53778
    -0.91417     0.40534     0.00000
    -0.40534    -0.91417     0.00000
     0.00000     0.00000     1.00000
           0           1           5           2
     1.58220     2.10085     2.84577
    -0.91417     0.40534     0.00000
    -0.40534    -0.91417     0.00000
     0.00000     0.00000     1.00000
           0           1           5           3
     1.58220     2.10085    -2.84623
    -0.91417     0.40534     0.00000
    -0.40534    -0.91417     0.00000
     0.00000     0.00000     1.00000
           0           1           5           4
     1.58220     2.10085    -8.53823
    -0.91417     0.40534     0.00000
    -0.40534    -0.91417     0.00000
     0.00000     0.00000     1.00000
           0           1           6           1
    -1.56647     2.11261    -8.55064
     0.91717     0.39849     0.00000
     0.39849    -0.91717     0.00000
     0.00000    -0.00000    -1.00000
           0           1           6           2
    -1.56647     2.11261    -2.85864
     0.91717     0.39849     0.00000
     0.39849    -0.91717     0.00000
     0.00000    -0.00000    -1.00000
           0           1           6           3
    -1.56647     2.11261     2.83336
     0.91717     0.39849     0.00000
     0.39849    -0.91717     0.00000
     0.00000    -0.00000    -1.00000
           0           1           6           4
    -1.56647     2.11261     8.52536
     0.91717     0.39849     0.00000
     0.39849    -0.91717     0.00000
     0.00000    -0.00000    -1.00000
           0           1           7           1
    -2.34948     1.18190    -8.54212
     0.63979     0.76855    -0.00000
     0.76855    -0.63979    -0.00000
    -0.00000     0.00000    -1.00000
           0           1           7           2
    -2.34948     1.18190    -2.85012
     0.63979     0.76855    -0.00000
     0.76855    -0.63979    -0.00000
    -0.00000     0.00000    -1.00000
           0           1           7           3
    -2.34948     1.18190     2.84188
     0.63979     0.76855    -0.00000
     0.76855    -0.63979    -0.00000
    -0.00000     0.00000    -1.00000
           0           1           7           4
    -2.34948     1.18190     8.53388
     0.63979     0.76855    -0.00000
     0.76855    -0.63979    -0.00000
    -0.00000     0.00000    -1.00000
           0           1           8           1
    -2.63001     0.00640    -8.54242
     0.22854     0.97353    -0.00000
     0.97353    -0.22854    -0.00000
    -0.00000     0.00000    -1.00000
           0           1           8           2
    -2.63000     0.00640    -2.85042
     0.22854     0.97353    -0.00000
     0.97353    -0.22854    -0.00000
    -0.00000     0.00000    -1.00000
           0           1           8           3
    -2.63000     0.00640     2.84158
     0.22854     0.97353    -0.00000
     0.97353    -0.22854    -0.00000
    -0.00000     0.00000    -1.00000
           0           1           8           4
    -2.63000     0.00640     8.53358
     0.22854     0.97353    -0.00000
     0.97353    -0.22854    -0.00000
    -0.00000     0.00000    -1.00000
           0           1           9           1
    -2.34953    -1.18179    -8.53842
    -0.23565     0.97184    -0.00000
     0.97184     0.23565    -0.00000
    -0.00000    -0.00000    -1.00000
           0           1           9           2
    -2.34953    -1.18179    -2.84642
    -0.23565     0.97184    -0.00000
     0.97184     0.23565    -0.00000
    -0.00000    -0.00000    -1.00000
           0           1           9           3
    -2.34953    -1.18179     2.84558
    -0.23565     0.97184    -0.00000
     0.97184     0.23565    -0.00000
    -0.00000    -0.00000    -1.00000
           0           1           9           4
    -2.34953    -1.18179     8.53758
    -0.23565     0.97184    -0.00000
     0.97184     0.23565    -0.00000
    -0.00000    -0.00000    -1.00000
           0           1          10           1
    -1.56107    -2.11661    -8.54257
    -0.64968     0.76021    -0.00000
     0.76021     0.64968    -0.00000
    -0.00000    -0.00000    -1.00000
           0           1          10           2
    -1.56107    -2.11661    -2.85057
    -0.64968     0.76021    -0.00000
     0.76021     0.64968    -0.00000
    -0.00000    -0.00000    -1.00000
           0           1          10           3
    -1.56107    -2.11661     2.84143
    -0.64968     0.76021    -0.00000
     0.76021     0.64968    -0.00000
    -0.00000    -0.00000    -1.00000
           0           1          10           4
    -1.56107    -2.11661     8.53343
    -0.64968     0.76021    -0.00000
     0.76021     0.64968    -0.00000
    -0.00000    -0.00000    -1.00000
           0           2           1           1
     2.46902    -4.49676     8.53600
     0.74517     0.66688    -0.00000
    -0.66688     0.74517    -0.00000
    -0.00000     0.00000     1.00000
           0           2           1           2
     2.46902    -4.49676     2.84400
     0.74517     0.66688    -0.00000
    -0.66688     0.74517    -0.00000
    -0.00000     0.00000     1.00000
           0           2           1           3
     2.46902    -4.49676    -2.84800
     0.74517     0.66688    -0.00000
    -0.66688     0.74517    -0.00000
    -0.00000     0.00000     1.00000
           0           2           1           4
     2.46902    -4.49676    -8.54000
     0.74517     0.66688    -0.00000
    -0.66688     0.74517    -0.00000
    -0.00000     0.00000     1.00000
           0           2           2           1
     3.43338    -3.81168     8.53321
     0.57260     0.81983    -0.00000
    -0.81983     0.57260    -0.00000
     0.00000     0.00000     1.00000
           0           2           2           2
     3.43338    -3.81168     2.84122
     0.57260     0.81983    -0.00000
    -0.81983     0.57260    -0.00000
     0.00000     0.00000     1.00000
           0           2           2           3
     3.43338    -3.81168    -2.85078
     0.57260     0.81983    -0.00000
    -0.81983     0.57260    -0.00000
     0.00000     0.00000     1.00000
           0           2           2           4
     3.43338    -3.81168    -8.54279
     0.57260     0.81983    -0.00000
    -0.81983     0.57260    -0.00000
     0.00000     0.00000     1.00000
           0           2           3           1
     4.24025    -2.88743     8.53786
     0.36156     0.93235    -0.00000
    -0.93235     0.36156    -0.00000
     0.00000     0.00000     1.00000
           0           2           3           2
     4.24025    -2.88743     2.84586
     0.36156     0.93235    -0.00000
    -0.93235     0.36156    -0.00000
     0.00000     0.00000     1.00000
           0           2           3           3
     4.24025    -2.88743    -2.84614
     0.36156     0.93235    -0.00000
    -0.93235     0.36156    -0.00000
     0.00000     0.00000     1.00000
           0           2           3           4
     4.24025    -2.88743    -8.53814
     0.36156     0.93235    -0.00000
    -0.93235     0.36156    -0.00000
     0.00000     0.00000     1.00000
           0           2           4           1
     4.80139    -1.80658     8.54486
     0.13161     0.99130    -0.00000
    -0.99130     0.13161    -0.00000
     0.00000     0.00000     1.00000
           0           2           4           2
     4.80139    -1.80658     2.85286
     0.13161     0.99130    -0.00000
    -0.99130     0.13161    -0.00000
     0.00000     0.00000     1.00000
           0           2           4           3
     4.80139    -1.80658    -2.83914
     0.13161     0.99130    -0.00000
    -0.99130     0.13161    -0.00000
     0.00000     0.00000     1.00000
           0           2           4           4
     4.80139    -1.80658    -8.53114
     0.13161     0.99130    -0.00000
    -0.99130     0.13161    -0.00000
     0.00000     0.00000     1.00000
           0           2           5           1
     5.09248    -0.61925     8.54436
    -0.10667     0.99429     0.00000
    -0.99429    -0.10667     0.00000
     0.00000     0.00000     1.00000
           0           2           5           2
     5.09248    -0.61925     2.85236
    -0.10667     0.99429     0.00000
    -0.99429    -0.10667     0.00000
     0.00000     0.00000     1.00000
           0           2           5           3
     5.09248    -0.61925    -2.83964
    -0.10667     0.99429     0.00000
    -0.99429    -0.10667     0.00000
     0.00000     0.00000     1.00000
           0           2           5           4
     5.09248    -0.61925    -8.53164
    -0.10667     0.99429     0.00000
    -0.99429    -0.10667     0.00000
     0.00000     0.00000     1.00000
           0           2           6           1
     5.09655     0.58478     8.54272
    -0.33549     0.94204     0.00000
    -0.94204    -0.33549     0.00000
     0.00000     0.00000     1.00000
           0           2           6           2
     5.09655     0.58478     2.85072
    -0.33549     0.94204     0.00000
    -0.94204    -0.33549     0.00000
     0.00000     0.00000     1.00000
           0           2           6           3
     5.09655     0.58478    -2.84128
    -0.33549     0.94204     0.00000
    -0.94204    -0.33549     0.00000
     0.00000     0.00000     1.00000
           0           2           6           4
     5.09655     0.58478    -8.53328
    -0.33549     0.94204     0.00000
    -0.94204    -0.33549     0.00000
     0.00000     0.00000     1.00000
           0           2           7           1
     4.81160     1.77918     8.54649
    -0.54974     0.83534     0.00000
    -0.83534    -0.54974     0.00000
     0.00000     0.00000     1.00000
           0           2           7           2
     4.81160     1.77918     2.85449
    -0.54974     0.83534     0.00000
    -0.83534    -0.54974     0.00000
     0.00000     0.00000     1.00000
           0           2           7           3
     4.81160     1.77918    -2.83751
    -0.54974     0.83534     0.00000
    -0.83534    -0.54974     0.00000
     0.00000     0.00000     1.00000
           0           2           7           4
     4.81160     1.77918    -8.52951
    -0.54974     0.83534     0.00000
    -0.83534    -0.54974     0.00000
     0.00000     0.00000     1.00000
           0           2           8           1
     4.26081     2.85699     8.54399
    -0.73017     0.68326     0.00000
    -0.68326    -0.73017     0.00000
     0.00000     0.00000     1.00000
           0           2           8           2
     4.26081     2.85699     2.85199
    -0.73017     0.68326     0.00000
    -0.68326    -0.73017     0.00000
     0.00000     0.00000     1.00000
           0           2           8           3
     4.26081     2.85699    -2.84000
    -0.73017     0.68326     0.00000
    -0.68326    -0.73017     0.00000
     0.00000     0.00000     1.00000
           0           2           8           4
     4.26081     2.85699    -8.53201
    -0.73017     0.68326     0.00000
    -0.68326    -0.73017     0.00000
     0.00000     0.00000     1.00000
           0           2           9           1
     3.46404     3.78382     8.53964
    -0.87107     0.49117     0.00000
    -0.49117    -0.87107     0.00000
     0.00000     0.00000     1.00000
           0           2           9           2
     3.46404     3.78382     2.84764
    -0.87107     0.49117     0.00000
    -0.49117    -0.87107     0.00000
     0.00000     0.00000     1.00000
           0           2           9           3
     3.46404     3.78382    -2.84436
    -0.87107     0.49117     0.00000
    -0.49117    -0.87107     0.00000
     0.00000     0.00000     1.00000
           0           2           9           4
     3.46404     3.78382    -8.53636
    -0.87107     0.49117     0.00000
    -0.49117    -0.87107     0.00000
     0.00000     0.00000     1.00000
           0           2          10           1
     2.38349     4.54268     8.53392
    -0.96759     0.25254     0.00000
    -0.25254    -0.96759     0.00000
     0.00000     0.00000     1.00000
           0           2          10           2
     2.38349     4.54268     2.84192
    -0.96759     0.25254     0.00000
    -0.25254    -0.96759     0.00000
     0.00000     0.00000     1.00000
           0           2          10           3
     2.38349     4.54268    -2.85008
    -0.96759     0.25254     0.00000
    -0.25254    -0.96759     0.00000
     0.00000     0.00000     1.00000
           0           2          10           4
     2.38349     4.54268    -8.54208
    -0.96759     0.25254     0.00000
    -0.25254    -0.96759     0.00000
     0.00000     0.00000     1.00000
           0           2          11           1
    -2.46489     4.49903    -8.53830
     0.96288     0.26992     0.00000
     0.26992    -0.96288     0.00000
     0.00000    -0.00000    -1.00000
           0           2          11           2
    -2.46489     4.49903    -2.84630
     0.96288     0.26992     0.00000
     0.26992    -0.96288     0.00000
     0.00000    -0.00000    -1.00000
           0           2          11           3
    -2.46489     4.49903     2.84570
     0.96288     0.26992     0.00000
     0.26992    -0.96288     0.00000
     0.00000    -0.00000    -1.00000
           0           2          11           4
    -2.46489     4.49903     8.53770
     0.96288     0.26992     0.00000
     0.26992    -0.96288     0.00000
     0.00000    -0.00000    -1.00000
           0           2          12           1
    -3.45918     3.78827    -8.53800
     0.87170     0.49004     0.00000
     0.49004    -0.87170     0.00000
     0.00000    -0.00000    -1.00000
           0           2          12           2
    -3.45918     3.78827    -2.84600
     0.87170     0.49004     0.00000
     0.49004    -0.87170     0.00000
     0.00000    -0.00000    -1.00000
           0           2          12           3
    -3.45918     3.78827     2.84600
     0.87170     0.49004     0.00000
     0.49004    -0.87170     0.00000
     0.00000    -0.00000    -1.00000
           0           2          12           4
    -3.45918     3.78827     8.53800
     0.87170     0.49004     0.00000
     0.49004    -0.87170     0.00000
     0.00000    -0.00000    -1.00000
           0           2          13           1
    -4.25042     2.87242    -8.54234
     0.73264     0.68062     0.00000
     0.68062    -0.73264     0.00000
     0.00000    -0.00000    -1.00000
           0           2          13           2
    -4.25042     2.87242    -2.85034
     0.73264     0.68062     0.00000
     0.68062    -0.73264     0.00000
     0.00000    -0.00000    -1.00000
           0           2          13           3
    -4.25042     2.87242     2.84166
     0.73264     0.68062     0.00000
     0.68062    -0.73264     0.00000
     0.00000    -0.00000    -1.00000
           0           2          13           4
    -4.25042     2.87242     8.53366
     0.73264     0.68062     0.00000
     0.68062    -0.73264     0.00000
     0.00000    -0.00000    -1.00000
           0           2          14           1
    -4.80723     1.79097    -8.53710
     0.55179     0.83398    -0.00000
     0.83398    -0.55179    -0.00000
    -0.00000     0.00000    -1.00000
           0           2          14           2
    -4.80723     1.79097    -2.84510
     0.55179     0.83398    -0.00000
     0.83398    -0.55179    -0.00000
    -0.00000     0.00000    -1.00000
           0           2          14           3
    -4.80723     1.79097     2.84690
     0.55179     0.83398    -0.00000
     0.83398    -0.55179    -0.00000
    -0.00000     0.00000    -1.00000
           0           2          14           4
    -4.80723     1.79097     8.53890
     0.55179     0.83398    -0.00000
     0.83398    -0.55179    -0.00000
    -0.00000     0.00000    -1.00000
           0           2          15           1
    -5.09443     0.60303    -8.54196
     0.33886     0.94084    -0.00000
     0.94084    -0.33886    -0.00000
    -0.00000     0.00000    -1.00000
           0           2          15           2
    -5.09443     0.60303    -2.84996
     0.33886     0.94084    -0.00000
     0.94084    -0.33886    -0.00000
    -0.00000     0.00000    -1.00000
           0           2          15           3
    -5.09443     0.60303     2.84204
     0.33886     0.94084    -0.00000
     0.94084    -0.33886    -0.00000
    -0.00000     0.00000    -1.00000
           0           2          15           4
    -5.09443     0.60303     8.53404
     0.33886     0.94084    -0.00000
     0.94084    -0.33886    -0.00000
    -0.00000     0.00000    -1.00000
           0           2          16           1
    -5.09397    -0.60700    -8.53636
     0.10908     0.99403    -0.00000
     0.99403    -0.10908    -0.00000
    -0.00000     0.00000    -1.00000
           0           2          16           2
    -5.09397    -0.60700    -2.84436
     0.10908     0.99403    -0.00000
     0.99403    -0.10908    -0.00000
    -0.00000     0.00000    -1.00000
           0           2          16           3
    -5.09397    -0.60700     2.84764
     0.10908     0.99403    -0.00000
     0.99403    -0.10908    -0.00000
    -0.00000     0.00000    -1.00000
           0           2          16           4
    -5.09397    -0.60700     8.53964
     0.10908     0.99403    -0.00000
     0.99403    -0.10908    -0.00000
    -0.00000     0.00000    -1.00000
           0           2          17           1
    -4.80830    -1.78806    -8.53702
    -0.12779     0.99180    -0.00000
     0.99180     0.12779    -0.00000
    -0.00000    -0.00000    -1.00000
           0           2          17           2
    -4.80830    -1.78806    -2.84502
    -0.12779     0.99180    -0.00000
     0.99180     0.12779    -0.00000
    -0.00000    -0.00000    -1.00000
           0           2          17           3
    -4.80830    -1.78806     2.84698
    -0.12779     0.99180    -0.00000
     0.99180     0.12779    -0.00000
    -0.00000    -0.00000    -1.00000
           0           2          17           4
    -4.80830    -1.78806     8.53898
    -0.12779     0.99180    -0.00000
     0.99180     0.12779    -0.00000
    -0.00000    -0.00000    -1.00000
           0           2          18           1
    -4.25171    -2.87052    -8.54177
    -0.35785     0.93378    -0.00000
     0.93378     0.35785    -0.00000
    -0.00000    -0.00000    -1.00000
           0           2          18           2
    -4.25171    -2.87052    -2.84978
    -0.35785     0.93378    -0.00000
     0.93378     0.35785    -0.00000
    -0.00000    -0.00000    -1.00000
           0           2          18           3
    -4.25171    -2.87052     2.84222
    -0.35785     0.93378    -0.00000
     0.93378     0.35785    -0.00000
    -0.00000    -0.00000    -1.00000
           0           2          18           4
    -4.25171    -2.87052     8.53423
    -0.35785     0.93378    -0.00000
     0.93378     0.35785    -0.00000
    -0.00000    -0.00000    -1.00000
           0           2          19           1
    -3.45498    -3.79210    -8.54474
    -0.56794     0.82307    -0.00000
     0.82307     0.56794    -0.00000
    -0.00000    -0.00000    -1.00000
           0           2          19           2
    -3.45498    -3.79210    -2.85274
    -0.56794     0.82307    -0.00000
     0.82307     0.56794    -0.00000
    -0.00000    -0.00000    -1.00000
           0           2          19           3
    -3.45498    -3.79210     2.83926
    -0.56794     0.82307    -0.00000
     0.82307     0.56794    -0.00000
    -0.00000    -0.00000    -1.00000
           0           2          19           4
    -3.45498    -3.79210     8.53125
    -0.56794     0.82307    -0.00000
     0.82307     0.56794    -0.00000
    -0.00000    -0.00000    -1.00000
           0           2          20           1
    -2.46289    -4.50012    -8.54699
    -0.74607     0.66586    -0.00000
     0.66586     0.74607    -0.00000
    -0.00000    -0.00000    -1.00000
           0           2          20           2
    -2.46289    -4.50012    -2.85501
    -0.74607     0.66586    -0.00000
     0.66586     0.74607    -0.00000
    -0.00000    -0.00000    -1.00000
           0           2          20           3
    -2.46289    -4.50012     2.83699
    -0.74607     0.66586    -0.00000
     0.66586     0.74607    -0.00000
    -0.00000    -0.00000    -1.00000
           0           2          20           4
    -2.46289    -4.50012     8.52901
    -0.74607     0.66586    -0.00000
     0.66586     0.74607    -0.00000
    -0.00000    -0.00000    -1.00000
           0           3           1           1
     5.62953   -10.33071    12.74752
    -0.87809    -0.47850    -0.00000
    -0.47850     0.87809    -0.00000
     0.00000    -0.00000    -1.00000
           0           3           1           2
     5.62953   -10.33071     6.37212
    -0.87809    -0.47850    -0.00000
    -0.47850     0.87809    -0.00000
     0.00000    -0.00000    -1.00000
           0           3           1           3
     5.62953   -10.33071    -0.00328
    -0.87809    -0.47850    -0.00000
    -0.47850     0.87809    -0.00000
     0.00000    -0.00000    -1.00000
           0           3           1           4
     5.62953   -10.33071    -6.37868
    -0.87809    -0.47850    -0.00000
    -0.47850     0.87809    -0.00000
     0.00000    -0.00000    -1.00000
           0           3           1           5
     5.62953   -10.33071   -12.75409
    -0.87809    -0.47850    -0.00000
    -0.47850     0.87809    -0.00000
     0.00000    -0.00000    -1.00000
           0           3           2           1
     7.51355    -7.13276    12.73162
    -0.68850    -0.72524     0.00000
    -0.72524     0.68850     0.00000
    -0.00000     0.00000    -1.00000
           0           3           2           2
     7.51355    -7.13276     6.35622
    -0.68850    -0.72524     0.00000
    -0.72524     0.68850     0.00000
    -0.00000     0.00000    -1.00000
           0           3           2           3
     7.51355    -7.13276    -0.01918
    -0.68850    -0.72524     0.00000
    -0.72524     0.68850     0.00000
    -0.00000     0.00000    -1.00000
           0           3           2           4
     7.51355    -7.13276    -6.39457
    -0.68850    -0.72524     0.00000
    -0.72524     0.68850     0.00000
    -0.00000     0.00000    -1.00000
           0           3           2           5
     7.51355    -7.13276   -12.76998
    -0.68850    -0.72524     0.00000
    -0.72524     0.68850     0.00000
    -0.00000     0.00000    -1.00000
           0           3           3           1
    11.53584    -5.65644    12.76252
    -0.44025    -0.89788     0.00000
    -0.89788     0.44025     0.00000
    -0.00000     0.00000    -1.00000
           0           3           3           2
    11.53584    -5.65644     6.38713
    -0.44025    -0.89788     0.00000
    -0.89788     0.44025     0.00000
    -0.00000     0.00000    -1.00000
           0           3           3           3
    11.53584    -5.65644     0.01173
    -0.44025    -0.89788     0.00000
    -0.89788     0.44025     0.00000
    -0.00000     0.00000    -1.00000
           0           3           3           4
    11.53584    -5.65644    -6.36367
    -0.44025    -0.89788     0.00000
    -0.89788     0.44025     0.00000
    -0.00000     0.00000    -1.00000
           0           3           3           5
    11.53584    -5.65644   -12.73908
    -0.44025    -0.89788     0.00000
    -0.89788     0.44025     0.00000
    -0.00000     0.00000    -1.00000
           0           3           4           1
    11.58237    -2.06494    12.75402
    -0.17552    -0.98448     0.00000
    -0.98448     0.17552     0.00000
    -0.00000     0.00000    -1.00000
           0           3           4           2
    11.58237    -2.06494     6.37862
    -0.17552    -0.98448     0.00000
    -0.98448     0.17552     0.00000
    -0.00000     0.00000    -1.00000
           0           3           4           3
    11.58237    -2.06494     0.00322
    -0.17552    -0.98448     0.00000
    -0.98448     0.17552     0.00000
    -0.00000     0.00000    -1.00000
           0           3           4           4
    11.58237    -2.06494    -6.37218
    -0.17552    -0.98448     0.00000
    -0.98448     0.17552     0.00000
    -0.00000     0.00000    -1.00000
           0           3           4           5
    11.58237    -2.06494   -12.74758
    -0.17552    -0.98448     0.00000
    -0.98448     0.17552     0.00000
    -0.00000     0.00000    -1.00000
           0           3           5           1
    10.26325     1.41253    12.74124
     0.13634    -0.99066     0.00000
    -0.99066    -0.13634     0.00000
    -0.00000    -0.00000    -1.00000
           0           3           5           2
    10.26325     1.41253     6.36584
     0.13634    -0.99066     0.00000
    -0.99066    -0.13634     0.00000
    -0.00000    -0.00000    -1.00000
           0           3           5           3
    10.26325     1.41253    -0.00956
     0.13634    -0.99066     0.00000
    -0.99066    -0.13634     0.00000
    -0.00000    -0.00000    -1.00000
           0           3           5           4
    10.26325     1.41253    -6.38496
     0.13634    -0.99066     0.00000
    -0.99066    -0.13634     0.00000
    -0.00000    -0.00000    -1.00000
           0           3           5           5
    10.26325     1.41253   -12.76036
     0.13634    -0.99066     0.00000
    -0.99066    -0.13634     0.00000
    -0.00000    -0.00000    -1.00000
           0           3           6           1
    11.64337     5.43167    12.75087
     0.42278    -0.90623     0.00000
    -0.90623    -0.42278     0.00000
    -0.00000    -0.00000    -1.00000
           0           3           6           2
    11.64337     5.43167     6.37547
     0.42278    -0.90623     0.00000
    -0.90623    -0.42278     0.00000
    -0.00000    -0.00000    -1.00000
           0           3           6           3
    11.64337     5.43167     0.00007
     0.42278    -0.90623     0.00000
    -0.90623    -0.42278     0.00000
    -0.00000    -0.00000    -1.00000
           0           3           6           4
    11.64337     5.43167    -6.37533
     0.42278    -0.90623     0.00000
    -0.90623    -0.42278     0.00000
    -0.00000    -0.00000    -1.00000
           0           3           6           5
    11.64337     5.43167   -12.75073
     0.42278    -0.90623     0.00000
    -0.90623    -0.42278     0.00000
    -0.00000    -0.00000    -1.00000
           0           3           7           1
     8.87508     7.72321    12.74402
     0.65646    -0.75436     0.00000
    -0.75436    -0.65646     0.00000
    -0.00000    -0.00000    -1.00000
           0           3           7           2
     8.87508     7.72321     6.36862
     0.65646    -0.75436     0.00000
    -0.75436    -0.65646     0.00000
    -0.00000    -0.00000    -1.00000
           0           3           7           3
     8.87508     7.72321    -0.00678
     0.65646    -0.75436     0.00000
    -0.75436    -0.65646     0.00000
    -0.00000    -0.00000    -1.00000
           0           3           7           4
     8.87508     7.72321    -6.38218
     0.65646    -0.75436     0.00000
    -0.75436    -0.65646     0.00000
    -0.00000    -0.00000    -1.00000
           0           3           7           5
     8.87508     7.72321   -12.75758
     0.65646    -0.75436     0.00000
    -0.75436    -0.65646     0.00000
    -0.00000    -0.00000    -1.00000
           0           3           8           1
     5.32596     8.88616    12.74150
     0.85774    -0.51408     0.00000
    -0.51408    -0.85774     0.00000
    -0.00000    -0.00000    -1.00000
           0           3           8           2
     5.32596     8.88616     6.36610
     0.85774    -0.51408     0.00000
    -0.51408    -0.85774     0.00000
    -0.00000    -0.00000    -1.00000
           0           3           8           3
     5.32596     8.88616    -0.00930
     0.85774    -0.51408     0.00000
    -0.51408    -0.85774     0.00000
    -0.00000    -0.00000    -1.00000
           0           3           8           4
     5.32596     8.88616    -6.38470
     0.85774    -0.51408     0.00000
    -0.51408    -0.85774     0.00000
    -0.00000    -0.00000    -1.00000
           0           3           8           5
     5.32596     8.88616   -12.76010
     0.85774    -0.51408     0.00000
    -0.51408    -0.85774     0.00000
    -0.00000    -0.00000    -1.00000
           0           3           9           1
    -5.30491     8.89874   -12.72038
    -0.85895    -0.51206    -0.00000
     0.51206    -0.85895    -0.00000
     0.00000    -0.00000     1.00000
           0           3           9           2
    -5.30491     8.89874    -6.34498
    -0.85895    -0.51206    -0.00000
     0.51206    -0.85895    -0.00000
     0.00000    -0.00000     1.00000
           0           3           9           3
    -5.30491     8.89874     0.03042
    -0.85895    -0.51206    -0.00000
     0.51206    -0.85895    -0.00000
     0.00000    -0.00000     1.00000
           0           3           9           4
    -5.30491     8.89874     6.40582
    -0.85895    -0.51206    -0.00000
     0.51206    -0.85895    -0.00000
     0.00000    -0.00000     1.00000
           0           3           9           5
    -5.30491     8.89874    12.78122
    -0.85895    -0.51206    -0.00000
     0.51206    -0.85895    -0.00000
     0.00000    -0.00000     1.00000
           0           3          10           1
    -8.85085     7.75097   -12.74130
    -0.65882    -0.75230    -0.00000
     0.75230    -0.65882    -0.00000
     0.00000     0.00000     1.00000
           0           3          10           2
    -8.85085     7.75097    -6.36589
    -0.65882    -0.75230    -0.00000
     0.75230    -0.65882    -0.00000
     0.00000     0.00000     1.00000
           0           3          10           3
    -8.85085     7.75097     0.00950
    -0.65882    -0.75230    -0.00000
     0.75230    -0.65882    -0.00000
     0.00000     0.00000     1.00000
           0           3          10           4
    -8.85085     7.75097     6.38491
    -0.65882    -0.75230    -0.00000
     0.75230    -0.65882    -0.00000
     0.00000     0.00000     1.00000
           0           3          10           5
    -8.85085     7.75097    12.76031
    -0.65882    -0.75230    -0.00000
     0.75230    -0.65882    -0.00000
     0.00000     0.00000     1.00000
           0           3          11           1
   -11.62787     5.46476   -12.73542
    -0.42534    -0.90504    -0.00000
     0.90504    -0.42534    -0.00000
     0.00000     0.00000     1.00000
           0           3          11           2
   -11.62787     5.46476    -6.36002
    -0.42534    -0.90504    -0.00000
     0.90504    -0.42534    -0.00000
     0.00000     0.00000     1.00000
           0           3          11           3
   -11.62787     5.46476     0.01538
    -0.42534    -0.90504    -0.00000
     0.90504    -0.42534    -0.00000
     0.00000     0.00000     1.00000
           0           3          11           4
   -11.62787     5.46476     6.39078
    -0.42534    -0.90504    -0.00000
     0.90504    -0.42534    -0.00000
     0.00000     0.00000     1.00000
           0           3          11           5
   -11.62787     5.46476    12.76618
    -0.42534    -0.90504    -0.00000
     0.90504    -0.42534    -0.00000
     0.00000     0.00000     1.00000
           0           3          12           1
   -10.26489     1.40065   -12.73730
    -0.13519    -0.99082    -0.00000
     0.99082    -0.13519    -0.00000
     0.00000    -0.00000     1.00000
           0           3          12           2
   -10.26489     1.40065    -6.36190
    -0.13519    -0.99082    -0.00000
     0.99082    -0.13519    -0.00000
     0.00000    -0.00000     1.00000
           0           3          12           3
   -10.26489     1.40065     0.01350
    -0.13519    -0.99082    -0.00000
     0.99082    -0.13519    -0.00000
     0.00000    -0.00000     1.00000
           0           3          12           4
   -10.26489     1.40065     6.38890
    -0.13519    -0.99082    -0.00000
     0.99082    -0.13519    -0.00000
     0.00000    -0.00000     1.00000
           0           3          12           5
   -10.26489     1.40065    12.76430
    -0.13519    -0.99082    -0.00000
     0.99082    -0.13519    -0.00000
     0.00000    -0.00000     1.00000
           0           3          13           1
   -11.58112    -2.07201   -12.72631
     0.17612    -0.98437    -0.00000
     0.98437     0.17612    -0.00000
     0.00000     0.00000     1.00000
           0           3          13           2
   -11.58112    -2.07201    -6.35091
     0.17612    -0.98437    -0.00000
     0.98437     0.17612    -0.00000
     0.00000     0.00000     1.00000
           0           3          13           3
   -11.58112    -2.07201     0.02449
     0.17612    -0.98437    -0.00000
     0.98437     0.17612    -0.00000
     0.00000     0.00000     1.00000
           0           3          13           4
   -11.58112    -2.07201     6.39989
     0.17612    -0.98437    -0.00000
     0.98437     0.17612    -0.00000
     0.00000     0.00000     1.00000
           0           3          13           5
   -11.58112    -2.07201    12.77529
     0.17612    -0.98437    -0.00000
     0.98437     0.17612    -0.00000
     0.00000     0.00000     1.00000
           0           3          14           1
   -11.53016    -5.66802   -12.74121
     0.44116    -0.89743    -0.00000
     0.89743     0.44116    -0.00000
     0.00000     0.00000     1.00000
           0           3          14           2
   -11.53016    -5.66802    -6.36581
     0.44116    -0.89743    -0.00000
     0.89743     0.44116    -0.00000
     0.00000     0.00000     1.00000
           0           3          14           3
   -11.53016    -5.66802     0.00959
     0.44116    -0.89743    -0.00000
     0.89743     0.44116    -0.00000
     0.00000     0.00000     1.00000
           0           3          14           4
   -11.53016    -5.66802     6.38499
     0.44116    -0.89743    -0.00000
     0.89743     0.44116    -0.00000
     0.00000     0.00000     1.00000
           0           3          14           5
   -11.53016    -5.66802    12.76039
     0.44116    -0.89743    -0.00000
     0.89743     0.44116    -0.00000
     0.00000     0.00000     1.00000
           0           3          15           1
    -7.52646    -7.11913   -12.74100
     0.68718    -0.72649    -0.00000
     0.72649     0.68718    -0.00000
     0.00000     0.00000     1.00000
           0           3          15           2
    -7.52646    -7.11913    -6.36560
     0.68718    -0.72649    -0.00000
     0.72649     0.68718    -0.00000
     0.00000     0.00000     1.00000
           0           3          15           3
    -7.52646    -7.11913     0.00980
     0.68718    -0.72649    -0.00000
     0.72649     0.68718    -0.00000
     0.00000     0.00000     1.00000
           0           3          15           4
    -7.52646    -7.11913     6.38520
     0.68718    -0.72649    -0.00000
     0.72649     0.68718    -0.00000
     0.00000     0.00000     1.00000
           0           3          15           5
    -7.52646    -7.11913    12.76060
     0.68718    -0.72649    -0.00000
     0.72649     0.68718    -0.00000
     0.00000     0.00000     1.00000
           0           3          16           1
    -5.63544   -10.32751   -12.74586
     0.87781    -0.47900    -0.00000
     0.47900     0.87781    -0.00000
     0.00000     0.00000     1.00000
           0           3          16           2
    -5.63544   -10.32751    -6.37046
     0.87781    -0.47900    -0.00000
     0.47900     0.87781    -0.00000
     0.00000     0.00000     1.00000
           0           3          16           3
