 SVX cage parameters:
     2.20000
     0.50000     0.20000
     0.00000
           6
   -40.00000   -26.50000   -26.50000    26.50000    26.50000    40.00000
    53.00000    53.00000    22.00000    22.00000    53.00000    53.00000
     0.00000     0.00000     0.00000
 SVX barrel parameters:
           4
     2.63000     5.13000    11.76500    16.68700     1.21400
     0.00000     0.00000     0.00000     0.00000
           4           4           5           6
     0.69600     0.69600     1.74500     1.74500
     0.01000     0.01000     0.03125     0.03125
     2.83600     2.83600     3.18770     3.18770
     0.01900     0.01900     0.00000     0.00000
     0.02000     0.02000     0.00000     0.00000
    26.70000    13.60000    17.00000    12.00000
   -13.00000   -13.02000     0.00000     0.00000
           2
           5           5
     0.00000   180.00000
           2
          10          10
     0.00000   180.00000
           2
           8           8
     0.00000   180.00000
           2
          12          12
     0.00000   180.00000
 SVX barrel sensor rotation matrices and translation vectors:
           0           1           1           1
     1.63707    -2.05837     8.53800
     0.62159     0.78334    -0.00000
    -0.78334     0.62159    -0.00000
    -0.00000     0.00000     1.00000
           0           1           1           2
     1.63707    -2.05837     2.84600
     0.62159     0.78334    -0.00000
    -0.78334     0.62159    -0.00000
    -0.00000     0.00000     1.00000
           0           1           1           3
     1.63707    -2.05837    -2.84600
     0.62159     0.78334    -0.00000
    -0.78334     0.62159    -0.00000
    -0.00000     0.00000     1.00000
           0           1           1           4
     1.63707    -2.05837    -8.53800
     0.62159     0.78334    -0.00000
    -0.78334     0.62159    -0.00000
    -0.00000     0.00000     1.00000
           0           1           2           1
     2.34472    -1.19129     8.53763
     0.23958     0.97088    -0.00000
    -0.97088     0.23958    -0.00000
     0.00000     0.00000     1.00000
           0           1           2           2
     2.34472    -1.19129     2.84563
     0.23958     0.97088    -0.00000
    -0.97088     0.23958    -0.00000
     0.00000     0.00000     1.00000
           0           1           2           3
     2.34472    -1.19129    -2.84637
     0.23958     0.97088    -0.00000
    -0.97088     0.23958    -0.00000
     0.00000     0.00000     1.00000
           0           1           2           4
     2.34472    -1.19129    -8.53837
     0.23958     0.97088    -0.00000
    -0.97088     0.23958    -0.00000
     0.00000     0.00000     1.00000
           0           1           3           1
     2.62999    -0.01059     8.53684
    -0.22226     0.97499     0.00000
    -0.97499    -0.22226     0.00000
     0.00000     0.00000     1.00000
           0           1           3           2
     2.62999    -0.01059     2.84484
    -0.22226     0.97499     0.00000
    -0.97499    -0.22226     0.00000
     0.00000     0.00000     1.00000
           0           1           3           3
     2.62999    -0.01059    -2.84716
    -0.22226     0.97499     0.00000
    -0.97499    -0.22226     0.00000
     0.00000     0.00000     1.00000
           0           1           3           4
     2.62999    -0.01059    -8.53916
    -0.22226     0.97499     0.00000
    -0.97499    -0.22226     0.00000
     0.00000     0.00000     1.00000
           0           1           4           1
     2.35048     1.17990     8.53825
    -0.63914     0.76909     0.00000
    -0.76909    -0.63914     0.00000
     0.00000     0.00000     1.00000
           0           1           4           2
     2.35048     1.17990     2.84625
    -0.63914     0.76909     0.00000
    -0.76909    -0.63914     0.00000
     0.00000     0.00000     1.00000
           0           1           4           3
     2.35048     1.17990    -2.84575
    -0.63914     0.76909     0.00000
    -0.76909    -0.63914     0.00000
     0.00000     0.00000     1.00000
           0           1           4           4
     2.35048     1.17990    -8.53775
    -0.63914     0.76909     0.00000
    -0.76909    -0.63914     0.00000
     0.00000     0.00000     1.00000
           0           1           5           1
     1.58877     2.09589     8.53731
    -0.91289     0.40820     0.00000
    -0.40820    -0.91289     0.00000
     0.00000     0.00000     1.00000
           0           1           5           2
     1.58877     2.09589     2.84530
    -0.91289     0.40820     0.00000
    -0.40820    -0.91289     0.00000
     0.00000     0.00000     1.00000
           0           1           5           3
     1.58877     2.09589    -2.84670
    -0.91289     0.40820     0.00000
    -0.40820    -0.91289     0.00000
     0.00000     0.00000     1.00000
           0           1           5           4
     1.58877     2.09589    -8.53870
    -0.91289     0.40820     0.00000
    -0.40820    -0.91289     0.00000
     0.00000     0.00000     1.00000
           0           1           6           1
    -1.56575     2.11314    -8.54654
     0.91731     0.39818     0.00000
     0.39818    -0.91731     0.00000
     0.00000    -0.00000    -1.00000
           0           1           6           2
    -1.56575     2.11314    -2.85454
     0.91731     0.39818     0.00000
     0.39818    -0.91731     0.00000
     0.00000    -0.00000    -1.00000
           0           1           6           3
    -1.56575     2.11314     2.83746
     0.91731     0.39818     0.00000
     0.39818    -0.91731     0.00000
     0.00000    -0.00000    -1.00000
           0           1           6           4
    -1.56575     2.11314     8.52946
     0.91731     0.39818     0.00000
     0.39818    -0.91731     0.00000
     0.00000    -0.00000    -1.00000
           0           1           7           1
    -2.34629     1.18821    -8.54097
     0.64186     0.76682    -0.00000
     0.76682    -0.64186    -0.00000
    -0.00000     0.00000    -1.00000
           0           1           7           2
    -2.34629     1.18821    -2.84897
     0.64186     0.76682    -0.00000
     0.76682    -0.64186    -0.00000
    -0.00000     0.00000    -1.00000
           0           1           7           3
    -2.34629     1.18821     2.84303
     0.64186     0.76682    -0.00000
     0.76682    -0.64186    -0.00000
    -0.00000     0.00000    -1.00000
           0           1           7           4
    -2.34629     1.18821     8.53503
     0.64186     0.76682    -0.00000
     0.76682    -0.64186    -0.00000
    -0.00000     0.00000    -1.00000
           0           1           8           1
    -2.62999     0.01052    -8.54242
     0.23007     0.97317    -0.00000
     0.97317    -0.23007    -0.00000
    -0.00000     0.00000    -1.00000
           0           1           8           2
    -2.62998     0.01052    -2.85042
     0.23007     0.97317    -0.00000
     0.97317    -0.23007    -0.00000
    -0.00000     0.00000    -1.00000
           0           1           8           3
    -2.62998     0.01052     2.84158
     0.23007     0.97317    -0.00000
     0.97317    -0.23007    -0.00000
    -0.00000     0.00000    -1.00000
           0           1           8           4
    -2.62998     0.01052     8.53358
     0.23007     0.97317    -0.00000
     0.97317    -0.23007    -0.00000
    -0.00000     0.00000    -1.00000
           0           1           9           1
    -2.35030    -1.18026    -8.53953
    -0.23502     0.97199    -0.00000
     0.97199     0.23502    -0.00000
    -0.00000    -0.00000    -1.00000
           0           1           9           2
    -2.35030    -1.18026    -2.84753
    -0.23502     0.97199    -0.00000
     0.97199     0.23502    -0.00000
    -0.00000    -0.00000    -1.00000
           0           1           9           3
    -2.35030    -1.18026     2.84447
    -0.23502     0.97199    -0.00000
     0.97199     0.23502    -0.00000
    -0.00000    -0.00000    -1.00000
           0           1           9           4
    -2.35030    -1.18026     8.53647
    -0.23502     0.97199    -0.00000
     0.97199     0.23502    -0.00000
    -0.00000    -0.00000    -1.00000
           0           1          10           1
    -1.55275    -2.12271    -8.54213
    -0.65266     0.75765    -0.00000
     0.75765     0.65266    -0.00000
    -0.00000    -0.00000    -1.00000
           0           1          10           2
    -1.55275    -2.12271    -2.85013
    -0.65266     0.75765    -0.00000
     0.75765     0.65266    -0.00000
    -0.00000    -0.00000    -1.00000
           0           1          10           3
    -1.55275    -2.12271     2.84187
    -0.65266     0.75765    -0.00000
     0.75765     0.65266    -0.00000
    -0.00000    -0.00000    -1.00000
           0           1          10           4
    -1.55275    -2.12271     8.53387
    -0.65266     0.75765    -0.00000
     0.75765     0.65266    -0.00000
    -0.00000    -0.00000    -1.00000
           0           2           1           1
     2.46616    -4.49833     8.53606
     0.74559     0.66640    -0.00000
    -0.66640     0.74559    -0.00000
     0.00000     0.00000     1.00000
           0           2           1           2
     2.46616    -4.49833     2.84406
     0.74559     0.66640    -0.00000
    -0.66640     0.74559    -0.00000
     0.00000     0.00000     1.00000
           0           2           1           3
     2.46616    -4.49833    -2.84794
     0.74559     0.66640    -0.00000
    -0.66640     0.74559    -0.00000
     0.00000     0.00000     1.00000
           0           2           1           4
     2.46616    -4.49833    -8.53994
     0.74559     0.66640    -0.00000
    -0.66640     0.74559    -0.00000
     0.00000     0.00000     1.00000
           0           2           2           1
     3.43994    -3.80575     8.53409
     0.57119     0.82082    -0.00000
    -0.82082     0.57119    -0.00000
     0.00000     0.00000     1.00000
           0           2           2           2
     3.43994    -3.80575     2.84210
     0.57119     0.82082    -0.00000
    -0.82082     0.57119    -0.00000
     0.00000     0.00000     1.00000
           0           2           2           3
     3.43994    -3.80575    -2.84990
     0.57119     0.82082    -0.00000
    -0.82082     0.57119    -0.00000
     0.00000     0.00000     1.00000
           0           2           2           4
     3.43994    -3.80575    -8.54191
     0.57119     0.82082    -0.00000
    -0.82082     0.57119    -0.00000
     0.00000     0.00000     1.00000
           0           2           3           1
     4.24267    -2.88387     8.53776
     0.36078     0.93265    -0.00000
    -0.93265     0.36078    -0.00000
    -0.00000     0.00000     1.00000
           0           2           3           2
     4.24267    -2.88387     2.84576
     0.36078     0.93265    -0.00000
    -0.93265     0.36078    -0.00000
    -0.00000     0.00000     1.00000
           0           2           3           3
     4.24267    -2.88387    -2.84624
     0.36078     0.93265    -0.00000
    -0.93265     0.36078    -0.00000
    -0.00000     0.00000     1.00000
           0           2           3           4
     4.24267    -2.88387    -8.53824
     0.36078     0.93265    -0.00000
    -0.93265     0.36078    -0.00000
    -0.00000     0.00000     1.00000
           0           2           4           1
     4.80370    -1.80041     8.54333
     0.13033     0.99147    -0.00000
    -0.99147     0.13033    -0.00000
     0.00000     0.00000     1.00000
           0           2           4           2
     4.80370    -1.80041     2.85133
     0.13033     0.99147    -0.00000
    -0.99147     0.13033    -0.00000
     0.00000     0.00000     1.00000
           0           2           4           3
     4.80370    -1.80041    -2.84067
     0.13033     0.99147    -0.00000
    -0.99147     0.13033    -0.00000
     0.00000     0.00000     1.00000
           0           2           4           4
     4.80370    -1.80041    -8.53267
     0.13033     0.99147    -0.00000
    -0.99147     0.13033    -0.00000
     0.00000     0.00000     1.00000
           0           2           5           1
     5.09267    -0.61768     8.54379
    -0.10698     0.99426     0.00000
    -0.99426    -0.10698     0.00000
     0.00000     0.00000     1.00000
           0           2           5           2
     5.09267    -0.61768     2.85179
    -0.10698     0.99426     0.00000
    -0.99426    -0.10698     0.00000
     0.00000     0.00000     1.00000
           0           2           5           3
     5.09267    -0.61768    -2.84021
    -0.10698     0.99426     0.00000
    -0.99426    -0.10698     0.00000
     0.00000     0.00000     1.00000
           0           2           5           4
     5.09267    -0.61768    -8.53221
    -0.10698     0.99426     0.00000
    -0.99426    -0.10698     0.00000
     0.00000     0.00000     1.00000
           0           2           6           1
     5.09610     0.58871     8.54195
    -0.33622     0.94178     0.00000
    -0.94178    -0.33622     0.00000
     0.00000     0.00000     1.00000
           0           2           6           2
     5.09610     0.58871     2.84995
    -0.33622     0.94178     0.00000
    -0.94178    -0.33622     0.00000
     0.00000     0.00000     1.00000
           0           2           6           3
     5.09610     0.58871    -2.84205
    -0.33622     0.94178     0.00000
    -0.94178    -0.33622     0.00000
     0.00000     0.00000     1.00000
           0           2           6           4
     5.09610     0.58871    -8.53405
    -0.33622     0.94178     0.00000
    -0.94178    -0.33622     0.00000
     0.00000     0.00000     1.00000
           0           2           7           1
     4.81110     1.78053     8.54446
    -0.54998     0.83518     0.00000
    -0.83518    -0.54998     0.00000
     0.00000     0.00000     1.00000
           0           2           7           2
     4.81110     1.78053     2.85246
    -0.54998     0.83518     0.00000
    -0.83518    -0.54998     0.00000
     0.00000     0.00000     1.00000
           0           2           7           3
     4.81110     1.78053    -2.83954
    -0.54998     0.83518     0.00000
    -0.83518    -0.54998     0.00000
     0.00000     0.00000     1.00000
           0           2           7           4
     4.81110     1.78053    -8.53154
    -0.54998     0.83518     0.00000
    -0.83518    -0.54998     0.00000
     0.00000     0.00000     1.00000
           0           2           8           1
     4.25361     2.86769     8.54235
    -0.73189     0.68143     0.00000
    -0.68143    -0.73189     0.00000
     0.00000     0.00000     1.00000
           0           2           8           2
     4.25361     2.86769     2.85035
    -0.73189     0.68143     0.00000
    -0.68143    -0.73189     0.00000
     0.00000     0.00000     1.00000
           0           2           8           3
     4.25361     2.86769    -2.84165
    -0.73189     0.68143     0.00000
    -0.68143    -0.73189     0.00000
     0.00000     0.00000     1.00000
           0           2           8           4
     4.25361     2.86769    -8.53365
    -0.73189     0.68143     0.00000
    -0.68143    -0.73189     0.00000
     0.00000     0.00000     1.00000
           0           2           9           1
     3.45565     3.79149     8.53915
    -0.87215     0.48923     0.00000
    -0.48923    -0.87215     0.00000
     0.00000     0.00000     1.00000
           0           2           9           2
     3.45565     3.79149     2.84715
    -0.87215     0.48923     0.00000
    -0.48923    -0.87215     0.00000
     0.00000     0.00000     1.00000
           0           2           9           3
     3.45565     3.79149    -2.84485
    -0.87215     0.48923     0.00000
    -0.48923    -0.87215     0.00000
     0.00000     0.00000     1.00000
           0           2           9           4
     3.45565     3.79149    -8.53685
    -0.87215     0.48923     0.00000
    -0.48923    -0.87215     0.00000
     0.00000     0.00000     1.00000
           0           2          10           1
     2.40552     4.53105     8.53425
    -0.96635     0.25724     0.00000
    -0.25724    -0.96635     0.00000
     0.00000     0.00000     1.00000
           0           2          10           2
     2.40552     4.53105     2.84225
    -0.96635     0.25724     0.00000
    -0.25724    -0.96635     0.00000
     0.00000     0.00000     1.00000
           0           2          10           3
     2.40552     4.53105    -2.84975
    -0.96635     0.25724     0.00000
    -0.25724    -0.96635     0.00000
     0.00000     0.00000     1.00000
           0           2          10           4
     2.40552     4.53105    -8.54175
    -0.96635     0.25724     0.00000
    -0.25724    -0.96635     0.00000
     0.00000     0.00000     1.00000
           0           2          11           1
    -2.47083     4.49577    -8.54040
     0.96253     0.27119     0.00000
     0.27119    -0.96253     0.00000
     0.00000    -0.00000    -1.00000
           0           2          11           2
    -2.47083     4.49577    -2.84840
     0.96253     0.27119     0.00000
     0.27119    -0.96253     0.00000
     0.00000    -0.00000    -1.00000
           0           2          11           3
    -2.47083     4.49577     2.84360
     0.96253     0.27119     0.00000
     0.27119    -0.96253     0.00000
     0.00000    -0.00000    -1.00000
           0           2          11           4
    -2.47083     4.49577     8.53560
     0.96253     0.27119     0.00000
     0.27119    -0.96253     0.00000
     0.00000    -0.00000    -1.00000
           0           2          12           1
    -3.45918     3.78827    -8.53800
     0.87170     0.49004     0.00000
     0.49004    -0.87170     0.00000
     0.00000    -0.00000    -1.00000
           0           2          12           2
    -3.45918     3.78827    -2.84600
     0.87170     0.49004     0.00000
     0.49004    -0.87170     0.00000
     0.00000    -0.00000    -1.00000
           0           2          12           3
    -3.45918     3.78827     2.84600
     0.87170     0.49004     0.00000
     0.49004    -0.87170     0.00000
     0.00000    -0.00000    -1.00000
           0           2          12           4
    -3.45918     3.78827     8.53800
     0.87170     0.49004     0.00000
     0.49004    -0.87170     0.00000
     0.00000    -0.00000    -1.00000
           0           2          13           1
    -4.25409     2.86699    -8.54177
     0.73177     0.68155     0.00000
     0.68155    -0.73177     0.00000
     0.00000    -0.00000    -1.00000
           0           2          13           2
    -4.25409     2.86699    -2.84977
     0.73177     0.68155     0.00000
     0.68155    -0.73177     0.00000
     0.00000    -0.00000    -1.00000
           0           2          13           3
    -4.25409     2.86699     2.84223
     0.73177     0.68155     0.00000
     0.68155    -0.73177     0.00000
     0.00000    -0.00000    -1.00000
           0           2          13           4
    -4.25409     2.86699     8.53423
     0.73177     0.68155     0.00000
     0.68155    -0.73177     0.00000
     0.00000    -0.00000    -1.00000
           0           2          14           1
    -4.80682     1.79207    -8.53704
     0.55198     0.83385    -0.00000
     0.83385    -0.55198    -0.00000
    -0.00000     0.00000    -1.00000
           0           2          14           2
    -4.80682     1.79207    -2.84504
     0.55198     0.83385    -0.00000
     0.83385    -0.55198    -0.00000
    -0.00000     0.00000    -1.00000
           0           2          14           3
    -4.80682     1.79207     2.84696
     0.55198     0.83385    -0.00000
     0.83385    -0.55198    -0.00000
    -0.00000     0.00000    -1.00000
           0           2          14           4
    -4.80682     1.79207     8.53896
     0.55198     0.83385    -0.00000
     0.83385    -0.55198    -0.00000
    -0.00000     0.00000    -1.00000
           0           2          15           1
    -5.09420     0.60496    -8.54050
     0.33922     0.94071    -0.00000
     0.94071    -0.33922    -0.00000
    -0.00000     0.00000    -1.00000
           0           2          15           2
    -5.09420     0.60496    -2.84850
     0.33922     0.94071    -0.00000
     0.94071    -0.33922    -0.00000
    -0.00000     0.00000    -1.00000
           0           2          15           3
    -5.09420     0.60496     2.84350
     0.33922     0.94071    -0.00000
     0.94071    -0.33922    -0.00000
    -0.00000     0.00000    -1.00000
           0           2          15           4
    -5.09420     0.60496     8.53550
     0.33922     0.94071    -0.00000
     0.94071    -0.33922    -0.00000
    -0.00000     0.00000    -1.00000
           0           2          16           1
    -5.09425    -0.60461    -8.53705
     0.10955     0.99398    -0.00000
     0.99398    -0.10955    -0.00000
    -0.00000     0.00000    -1.00000
           0           2          16           2
    -5.09425    -0.60461    -2.84505
     0.10955     0.99398    -0.00000
     0.99398    -0.10955    -0.00000
    -0.00000     0.00000    -1.00000
           0           2          16           3
    -5.09425    -0.60461     2.84695
     0.10955     0.99398    -0.00000
     0.99398    -0.10955    -0.00000
    -0.00000     0.00000    -1.00000
           0           2          16           4
    -5.09425    -0.60461     8.53895
     0.10955     0.99398    -0.00000
     0.99398    -0.10955    -0.00000
    -0.00000     0.00000    -1.00000
           0           2          17           1
    -4.80874    -1.78689    -8.53756
    -0.12755     0.99183    -0.00000
     0.99183     0.12755    -0.00000
    -0.00000    -0.00000    -1.00000
           0           2          17           2
    -4.80874    -1.78689    -2.84556
    -0.12755     0.99183    -0.00000
     0.99183     0.12755    -0.00000
    -0.00000    -0.00000    -1.00000
           0           2          17           3
    -4.80874    -1.78689     2.84644
    -0.12755     0.99183    -0.00000
     0.99183     0.12755    -0.00000
    -0.00000    -0.00000    -1.00000
           0           2          17           4
    -4.80874    -1.78689     8.53844
    -0.12755     0.99183    -0.00000
     0.99183     0.12755    -0.00000
    -0.00000    -0.00000    -1.00000
           0           2          18           1
    -4.25267    -2.86910    -8.54070
    -0.35754     0.93390    -0.00000
     0.93390     0.35754    -0.00000
    -0.00000    -0.00000    -1.00000
           0           2          18           2
    -4.25267    -2.86910    -2.84871
    -0.35754     0.93390    -0.00000
     0.93390     0.35754    -0.00000
    -0.00000    -0.00000    -1.00000
           0           2          18           3
    -4.25267    -2.86910     2.84329
    -0.35754     0.93390    -0.00000
     0.93390     0.35754    -0.00000
    -0.00000    -0.00000    -1.00000
           0           2          18           4
    -4.25267    -2.86910     8.53530
    -0.35754     0.93390    -0.00000
     0.93390     0.35754    -0.00000
    -0.00000    -0.00000    -1.00000
           0           2          19           1
    -3.45760    -3.78971    -8.54211
    -0.56737     0.82347    -0.00000
     0.82347     0.56737    -0.00000
    -0.00000    -0.00000    -1.00000
           0           2          19           2
    -3.45760    -3.78971    -2.85011
    -0.56737     0.82347    -0.00000
     0.82347     0.56737    -0.00000
    -0.00000    -0.00000    -1.00000
           0           2          19           3
    -3.45760    -3.78971     2.84189
    -0.56737     0.82347    -0.00000
     0.82347     0.56737    -0.00000
    -0.00000    -0.00000    -1.00000
           0           2          19           4
    -3.45760    -3.78971     8.53389
    -0.56737     0.82347    -0.00000
     0.82347     0.56737    -0.00000
    -0.00000    -0.00000    -1.00000
           0           2          20           1
    -2.46077    -4.50128    -8.54393
    -0.74639     0.66551    -0.00000
     0.66551     0.74639    -0.00000
    -0.00000    -0.00000    -1.00000
           0           2          20           2
    -2.46077    -4.50128    -2.85195
    -0.74639     0.66551    -0.00000
     0.66551     0.74639    -0.00000
    -0.00000    -0.00000    -1.00000
           0           2          20           3
    -2.46077    -4.50128     2.84005
    -0.74639     0.66551    -0.00000
     0.66551     0.74639    -0.00000
    -0.00000    -0.00000    -1.00000
           0           2          20           4
    -2.46077    -4.50128     8.53207
    -0.74639     0.66551    -0.00000
     0.66551     0.74639    -0.00000
    -0.00000    -0.00000    -1.00000
           0           3           1           1
     5.62514   -10.33310    12.74854
    -0.87829    -0.47813    -0.00000
    -0.47813     0.87829    -0.00000
     0.00000    -0.00000    -1.00000
           0           3           1           2
     5.62514   -10.33310     6.37314
    -0.87829    -0.47813    -0.00000
    -0.47813     0.87829    -0.00000
     0.00000    -0.00000    -1.00000
           0           3           1           3
     5.62514   -10.33310    -0.00226
    -0.87829    -0.47813    -0.00000
    -0.47813     0.87829    -0.00000
     0.00000    -0.00000    -1.00000
           0           3           1           4
     5.62514   -10.33310    -6.37766
    -0.87829    -0.47813    -0.00000
    -0.47813     0.87829    -0.00000
     0.00000    -0.00000    -1.00000
           0           3           1           5
     5.62514   -10.33310   -12.75307
    -0.87829    -0.47813    -0.00000
    -0.47813     0.87829    -0.00000
     0.00000    -0.00000    -1.00000
           0           3           2           1
     7.51537    -7.13084    12.73879
    -0.68831    -0.72542     0.00000
    -0.72542     0.68831     0.00000
    -0.00000     0.00000    -1.00000
           0           3           2           2
     7.51537    -7.13084     6.36339
    -0.68831    -0.72542     0.00000
    -0.72542     0.68831     0.00000
    -0.00000     0.00000    -1.00000
           0           3           2           3
     7.51537    -7.13084    -0.01201
    -0.68831    -0.72542     0.00000
    -0.72542     0.68831     0.00000
    -0.00000     0.00000    -1.00000
           0           3           2           4
     7.51537    -7.13084    -6.38740
    -0.68831    -0.72542     0.00000
    -0.72542     0.68831     0.00000
    -0.00000     0.00000    -1.00000
           0           3           2           5
     7.51537    -7.13084   -12.76281
    -0.68831    -0.72542     0.00000
    -0.72542     0.68831     0.00000
    -0.00000     0.00000    -1.00000
           0           3           3           1
    11.53378    -5.66066    12.75685
    -0.44058    -0.89771     0.00000
    -0.89771     0.44058     0.00000
    -0.00000     0.00000    -1.00000
           0           3           3           2
    11.53378    -5.66066     6.38146
    -0.44058    -0.89771     0.00000
    -0.89771     0.44058     0.00000
    -0.00000     0.00000    -1.00000
           0           3           3           3
    11.53378    -5.66066     0.00606
    -0.44058    -0.89771     0.00000
    -0.89771     0.44058     0.00000
    -0.00000     0.00000    -1.00000
           0           3           3           4
    11.53378    -5.66066    -6.36934
    -0.44058    -0.89771     0.00000
    -0.89771     0.44058     0.00000
    -0.00000     0.00000    -1.00000
           0           3           3           5
    11.53378    -5.66066   -12.74475
    -0.44058    -0.89771     0.00000
    -0.89771     0.44058     0.00000
    -0.00000     0.00000    -1.00000
           0           3           4           1
    11.58175    -2.06841    12.75068
    -0.17581    -0.98442     0.00000
    -0.98442     0.17581     0.00000
    -0.00000     0.00000    -1.00000
           0           3           4           2
    11.58175    -2.06841     6.37528
    -0.17581    -0.98442     0.00000
    -0.98442     0.17581     0.00000
    -0.00000     0.00000    -1.00000
           0           3           4           3
    11.58175    -2.06841    -0.00012
    -0.17581    -0.98442     0.00000
    -0.98442     0.17581     0.00000
    -0.00000     0.00000    -1.00000
           0           3           4           4
    11.58175    -2.06841    -6.37552
    -0.17581    -0.98442     0.00000
    -0.98442     0.17581     0.00000
    -0.00000     0.00000    -1.00000
           0           3           4           5
    11.58175    -2.06841   -12.75092
    -0.17581    -0.98442     0.00000
    -0.98442     0.17581     0.00000
    -0.00000     0.00000    -1.00000
           0           3           5           1
    10.26278     1.41597    12.74250
     0.13667    -0.99062     0.00000
    -0.99062    -0.13667     0.00000
    -0.00000    -0.00000    -1.00000
           0           3           5           2
    10.26278     1.41597     6.36710
     0.13667    -0.99062     0.00000
    -0.99062    -0.13667     0.00000
    -0.00000    -0.00000    -1.00000
           0           3           5           3
    10.26278     1.41597    -0.00830
     0.13667    -0.99062     0.00000
    -0.99062    -0.13667     0.00000
    -0.00000    -0.00000    -1.00000
           0           3           5           4
    10.26278     1.41597    -6.38370
     0.13667    -0.99062     0.00000
    -0.99062    -0.13667     0.00000
    -0.00000    -0.00000    -1.00000
           0           3           5           5
    10.26278     1.41597   -12.75910
     0.13667    -0.99062     0.00000
    -0.99062    -0.13667     0.00000
    -0.00000    -0.00000    -1.00000
           0           3           6           1
    11.64097     5.43681    12.75107
     0.42317    -0.90605     0.00000
    -0.90605    -0.42317     0.00000
    -0.00000    -0.00000    -1.00000
           0           3           6           2
    11.64097     5.43681     6.37567
     0.42317    -0.90605     0.00000
    -0.90605    -0.42317     0.00000
    -0.00000    -0.00000    -1.00000
           0           3           6           3
    11.64097     5.43681     0.00027
     0.42317    -0.90605     0.00000
    -0.90605    -0.42317     0.00000
    -0.00000    -0.00000    -1.00000
           0           3           6           4
    11.64097     5.43681    -6.37513
     0.42317    -0.90605     0.00000
    -0.90605    -0.42317     0.00000
    -0.00000    -0.00000    -1.00000
           0           3           6           5
    11.64097     5.43681   -12.75053
     0.42317    -0.90605     0.00000
    -0.90605    -0.42317     0.00000
    -0.00000    -0.00000    -1.00000
           0           3           7           1
     8.87516     7.72312    12.74867
     0.65645    -0.75437     0.00000
    -0.75437    -0.65645     0.00000
    -0.00000    -0.00000    -1.00000
           0           3           7           2
     8.87516     7.72312     6.37327
     0.65645    -0.75437     0.00000
    -0.75437    -0.65645     0.00000
    -0.00000    -0.00000    -1.00000
           0           3           7           3
     8.87516     7.72312    -0.00213
     0.65645    -0.75437     0.00000
    -0.75437    -0.65645     0.00000
    -0.00000    -0.00000    -1.00000
           0           3           7           4
     8.87516     7.72312    -6.37753
     0.65645    -0.75437     0.00000
    -0.75437    -0.65645     0.00000
    -0.00000    -0.00000    -1.00000
           0           3           7           5
     8.87516     7.72312   -12.75293
     0.65645    -0.75437     0.00000
    -0.75437    -0.65645     0.00000
    -0.00000    -0.00000    -1.00000
           0           3           8           1
     5.31774     8.89108    12.74322
     0.85821    -0.51329     0.00000
    -0.51329    -0.85821     0.00000
    -0.00000    -0.00000    -1.00000
           0           3           8           2
     5.31774     8.89108     6.36782
     0.85821    -0.51329     0.00000
    -0.51329    -0.85821     0.00000
    -0.00000    -0.00000    -1.00000
           0           3           8           3
     5.31774     8.89108    -0.00758
     0.85821    -0.51329     0.00000
    -0.51329    -0.85821     0.00000
    -0.00000    -0.00000    -1.00000
           0           3           8           4
     5.31774     8.89108    -6.38298
     0.85821    -0.51329     0.00000
    -0.51329    -0.85821     0.00000
    -0.00000    -0.00000    -1.00000
           0           3           8           5
     5.31774     8.89108   -12.75838
     0.85821    -0.51329     0.00000
    -0.51329    -0.85821     0.00000
    -0.00000    -0.00000    -1.00000
           0           3           9           1
    -5.30422     8.89916   -12.72783
    -0.85899    -0.51200    -0.00000
     0.51200    -0.85899    -0.00000
     0.00000    -0.00000     1.00000
           0           3           9           2
    -5.30422     8.89916    -6.35243
    -0.85899    -0.51200    -0.00000
     0.51200    -0.85899    -0.00000
     0.00000    -0.00000     1.00000
           0           3           9           3
    -5.30422     8.89916     0.02297
    -0.85899    -0.51200    -0.00000
     0.51200    -0.85899    -0.00000
     0.00000    -0.00000     1.00000
           0           3           9           4
    -5.30422     8.89916     6.39837
    -0.85899    -0.51200    -0.00000
     0.51200    -0.85899    -0.00000
     0.00000    -0.00000     1.00000
           0           3           9           5
    -5.30422     8.89916    12.77377
    -0.85899    -0.51200    -0.00000
     0.51200    -0.85899    -0.00000
     0.00000    -0.00000     1.00000
           0           3          10           1
    -8.85086     7.75096   -12.74362
    -0.65882    -0.75230    -0.00000
     0.75230    -0.65882    -0.00000
     0.00000    -0.00000     1.00000
           0           3          10           2
    -8.85086     7.75096    -6.36822
    -0.65882    -0.75230    -0.00000
     0.75230    -0.65882    -0.00000
     0.00000    -0.00000     1.00000
           0           3          10           3
    -8.85086     7.75096     0.00718
    -0.65882    -0.75230    -0.00000
     0.75230    -0.65882    -0.00000
     0.00000    -0.00000     1.00000
           0           3          10           4
    -8.85086     7.75096     6.38258
    -0.65882    -0.75230    -0.00000
     0.75230    -0.65882    -0.00000
     0.00000    -0.00000     1.00000
           0           3          10           5
    -8.85086     7.75096    12.75798
    -0.65882    -0.75230    -0.00000
     0.75230    -0.65882    -0.00000
     0.00000    -0.00000     1.00000
           0           3          11           1
   -11.62703     5.46654   -12.73726
    -0.42548    -0.90497    -0.00000
     0.90497    -0.42548    -0.00000
     0.00000    -0.00000     1.00000
           0           3          11           2
   -11.62703     5.46654    -6.36186
    -0.42548    -0.90497    -0.00000
     0.90497    -0.42548    -0.00000
     0.00000    -0.00000     1.00000
           0           3          11           3
   -11.62703     5.46654     0.01354
    -0.42548    -0.90497    -0.00000
     0.90497    -0.42548    -0.00000
     0.00000    -0.00000     1.00000
           0           3          11           4
   -11.62703     5.46654     6.38894
    -0.42548    -0.90497    -0.00000
     0.90497    -0.42548    -0.00000
     0.00000    -0.00000     1.00000
           0           3          11           5
   -11.62703     5.46654    12.76434
    -0.42548    -0.90497    -0.00000
     0.90497    -0.42548    -0.00000
     0.00000    -0.00000     1.00000
           0           3          12           1
   -10.26567     1.39492   -12.73984
    -0.13464    -0.99089    -0.00000
     0.99089    -0.13464    -0.00000
     0.00000     0.00000     1.00000
           0           3          12           2
   -10.26567     1.39492    -6.36444
    -0.13464    -0.99089    -0.00000
     0.99089    -0.13464    -0.00000
     0.00000     0.00000     1.00000
           0           3          12           3
   -10.26567     1.39492     0.01096
    -0.13464    -0.99089    -0.00000
     0.99089    -0.13464    -0.00000
     0.00000     0.00000     1.00000
           0           3          12           4
   -10.26567     1.39492     6.38636
    -0.13464    -0.99089    -0.00000
     0.99089    -0.13464    -0.00000
     0.00000     0.00000     1.00000
           0           3          12           5
   -10.26567     1.39492    12.76176
    -0.13464    -0.99089    -0.00000
     0.99089    -0.13464    -0.00000
     0.00000     0.00000     1.00000
           0           3          13           1
   -11.58115    -2.07187   -12.73065
     0.17611    -0.98437    -0.00000
     0.98437     0.17611    -0.00000
     0.00000     0.00000     1.00000
           0           3          13           2
   -11.58115    -2.07187    -6.35525
     0.17611    -0.98437    -0.00000
     0.98437     0.17611    -0.00000
     0.00000     0.00000     1.00000
           0           3          13           3
   -11.58115    -2.07187     0.02015
     0.17611    -0.98437    -0.00000
     0.98437     0.17611    -0.00000
     0.00000     0.00000     1.00000
           0           3          13           4
   -11.58115    -2.07187     6.39555
     0.17611    -0.98437    -0.00000
     0.98437     0.17611    -0.00000
     0.00000     0.00000     1.00000
           0           3          13           5
   -11.58115    -2.07187    12.77095
     0.17611    -0.98437    -0.00000
     0.98437     0.17611    -0.00000
     0.00000     0.00000     1.00000
           0           3          14           1
   -11.53030    -5.66774   -12.74185
     0.44114    -0.89744    -0.00000
     0.89744     0.44114    -0.00000
     0.00000     0.00000     1.00000
           0           3          14           2
   -11.53030    -5.66774    -6.36645
     0.44114    -0.89744    -0.00000
     0.89744     0.44114    -0.00000
     0.00000     0.00000     1.00000
           0           3          14           3
   -11.53030    -5.66774     0.00895
     0.44114    -0.89744    -0.00000
     0.89744     0.44114    -0.00000
     0.00000     0.00000     1.00000
           0           3          14           4
   -11.53030    -5.66774     6.38435
     0.44114    -0.89744    -0.00000
     0.89744     0.44114    -0.00000
     0.00000     0.00000     1.00000
           0           3          14           5
   -11.53030    -5.66774    12.75975
     0.44114    -0.89744    -0.00000
     0.89744     0.44114    -0.00000
     0.00000     0.00000     1.00000
           0           3          15           1
    -7.52776    -7.11775   -12.74477
     0.68705    -0.72661    -0.00000
     0.72661     0.68705    -0.00000
     0.00000     0.00000     1.00000
           0           3          15           2
    -7.52776    -7.11775    -6.36937
     0.68705    -0.72661    -0.00000
     0.72661     0.68705    -0.00000
     0.00000     0.00000     1.00000
           0           3          15           3
    -7.52776    -7.11775     0.00603
     0.68705    -0.72661    -0.00000
     0.72661     0.68705    -0.00000
     0.00000     0.00000     1.00000
           0           3          15           4
    -7.52776    -7.11775     6.38143
     0.68705    -0.72661    -0.00000
     0.72661     0.68705    -0.00000
     0.00000     0.00000     1.00000
           0           3          15           5
    -7.52776    -7.11775    12.75683
     0.68705    -0.72661    -0.00000
     0.72661     0.68705    -0.00000
     0.00000     0.00000     1.00000
           0           3          16           1
    -5.63838   -10.32589   -12.74729
     0.87768    -0.47925    -0.00000
     0.47925     0.87768    -0.00000
     0.00000     0.00000     1.00000
           0           3          16           2
    -5.63838   -10.32589    -6.37189
     0.87768    -0.47925    -0.00000
     0.47925     0.87768    -0.00000
     0.00000     0.00000     1.00000
           0           3          16           3
