 SVX cage parameters:
   2.2000000
  0.50000000      0.20000000
   0.0000000
           6
  -40.000000      -26.500000      -26.500000       26.500000       26.500000       40.000000
   53.000000       53.000000       22.000000       22.000000       53.000000       53.000000
   0.0000000       0.0000000       0.0000000
 SVX barrel parameters:
4
2.63 5.13 11.765 16.687 1.214 
0 0 0 0 
4 4 5 6 
0.696 0.696 1.745 1.745 
0.01 0.01 0.03125 0.03125 
2.836 2.836 3.1877 3.1877 
0.019 0.019 0 0 
0.02 0.02 0 0 
26.7 13.6 17 12 
-13 -13.02 0 0 
2
5 5
   0.0000000       180.00000
2
10 10
   0.0000000       180.00000
2
8 8
   0.0000000       180.00000
2
12 12
   0.0000000       180.00000
 SVX barrel sensor rotation matrices and translation vectors

 0 1 1 1
 1.5654063 -2.0825641 8.6191759
 0.64813977 0.76152152 0
 -0.76152152 0.64813977 0
 0 0 1
 0 1 1 2
 1.5654063 -2.0825641 2.9271743
 0.64813977 0.76152152 0
 -0.76152152 0.64813977 0
 0 0 1
 0 1 1 3
 1.5654063 -2.0825641 -2.7648256
 0.64813977 0.76152152 0
 -0.76152152 0.64813977 0
 0 0 1
 0 1 1 4
 1.5654063 -2.0825641 -8.4568243
 0.64813977 0.76152152 0
 -0.76152152 0.64813977 0
 0 0 1
 0 1 2 1
 2.3272531 -1.1414636 8.6219416
 0.23686297 0.97154301 0
 -0.97154301 0.23686297 0
 0 0 1
 0 1 2 2
 2.3272531 -1.1414636 2.9299424
 0.23686297 0.97154301 0
 -0.97154301 0.23686297 0
 0 0 1
 0 1 2 3
 2.3272531 -1.1414636 -2.7620575
 0.23686297 0.97154301 0
 -0.97154301 0.23686297 0
 0 0 1
 0 1 2 4
 2.3272531 -1.1414636 -8.4540586
 0.23686297 0.97154301 0
 -0.97154301 0.23686297 0
 0 0 1
 0 1 3 1
 2.5837247 0.039076161 8.6163502
 -0.22492619 0.97437578 0
 -0.97437578 -0.22492619 0
 0 0 1
 0 1 3 2
 2.5837247 0.039076161 2.9243495
 -0.22492619 0.97437578 0
 -0.97437578 -0.22492619 0
 0 0 1
 0 1 3 3
 2.5837247 0.039076161 -2.7676506
 -0.22492619 0.97437578 0
 -0.97437578 -0.22492619 0
 0 0 1
 0 1 3 4
 2.5837247 0.039076161 -8.45965
 -0.22492619 0.97437578 0
 -0.97437578 -0.22492619 0
 0 0 1
 0 1 4 1
 2.2790153 1.2138681 8.6156788
 -0.63874781 0.76941603 0
 -0.76941603 -0.63874781 0
 0 0 1
 0 1 4 2
 2.2790153 1.2138681 2.9236805
 -0.63874781 0.76941603 0
 -0.76941603 -0.63874781 0
 0 0 1
 0 1 4 3
 2.2790153 1.2138681 -2.7683194
 -0.63874781 0.76941603 0
 -0.76941603 -0.63874781 0
 0 0 1
 0 1 4 4
 2.2790153 1.2138681 -8.4603214
 -0.63874781 0.76941603 0
 -0.76941603 -0.63874781 0
 0 0 1
 0 1 5 1
 1.4771955 2.1229484 8.6103907
 -0.91635257 0.40037239 0
 -0.40037239 -0.91635257 0
 0 0 1
 0 1 5 2
 1.4771955 2.1229484 2.9183912
 -0.91635257 0.40037239 0
 -0.40037239 -0.91635257 0
 0 0 1
 0 1 5 3
 1.4771955 2.1229484 -2.7736089
 -0.91635257 0.40037239 0
 -0.40037239 -0.91635257 0
 0 0 1
 0 1 5 4
 1.4771955 2.1229484 -8.4656096
 -0.91635257 0.40037239 0
 -0.40037239 -0.91635257 0
 0 0 1
 0 1 6 1
 -1.6025312 2.126164 -8.5378494
 0.91635239 0.40037259 0
 0.40037259 -0.91635239 0
 0 0 -1
 0 1 6 2
 -1.6025307 2.126164 -2.8458509
 0.91635239 0.40037259 0
 0.40037259 -0.91635239 0
 0 0 -1
 0 1 6 3
 -1.6025302 2.126164 2.8461487
 0.91635239 0.40037259 0
 0.40037259 -0.91635239 0
 0 0 -1
 0 1 6 4
 -1.6025299 2.126164 8.5381508
 0.91635239 0.40037259 0
 0.40037259 -0.91635239 0
 0 0 -1
 0 1 7 1
 -2.4054949 1.226086 -8.5380421
 0.63874805 0.76941597 0
 0.76941597 -0.63874805 0
 0 0 -1
 0 1 7 2
 -2.4054945 1.226086 -2.8460424
 0.63874805 0.76941597 0
 0.76941597 -0.63874805 0
 0 0 -1
 0 1 7 3
 -2.405494 1.226086 2.8459575
 0.63874805 0.76941597 0
 0.76941597 -0.63874805 0
 0 0 -1
 0 1 7 4
 -2.4054935 1.226086 8.5379581
 0.63874805 0.76941597 0
 0.76941597 -0.63874805 0
 0 0 -1
 0 1 8 1
 -2.7161539 0.056527782 -8.5537977
 0.22492608 0.97437578 0
 0.97437578 -0.22492608 0
 0 0 -1
 0 1 8 2
 -2.7161534 0.056527782 -2.8617969
 0.22492608 0.97437578 0
 0.97437578 -0.22492608 0
 0 0 -1
 0 1 8 3
 -2.7161529 0.056527752 2.8302031
 0.22492608 0.97437578 0
 0.97437578 -0.22492608 0
 0 0 -1
 0 1 8 4
 -2.716152 0.056527752 8.5222025
 0.22492608 0.97437578 0
 0.97437578 -0.22492608 0
 0 0 -1
 0 1 9 1
 -2.4618764 -1.1297469 -8.5389996
 -0.23686306 0.97154307 0
 0.97154307 0.23686306 0
 0 0 -1
 0 1 9 2
 -2.4618759 -1.1297469 -2.8469992
 -0.23686306 0.97154307 0
 0.97154307 0.23686306 0
 0 0 -1
 0 1 9 3
 -2.4618754 -1.1297469 2.845001
 -0.23686306 0.97154307 0
 0.97154307 0.23686306 0
 0 0 -1
 0 1 9 4
 -2.461875 -1.1297469 8.5370007
 -0.23686306 0.97154307 0
 0.97154307 0.23686306 0
 0 0 -1
 0 1 10 1
 -1.7002702 -2.0714779 -8.5429573
 -0.64813924 0.76152176 0
 0.76152176 0.64813924 0
 0 0 -1
 0 1 10 2
 -1.7002697 -2.0714779 -2.8509564
 -0.64813924 0.76152176 0
 0.76152176 0.64813924 0
 0 0 -1
 0 1 10 3
 -1.7002692 -2.0714779 2.8410435
 -0.64813924 0.76152176 0
 0.76152176 0.64813924 0
 0 0 -1
 0 1 10 4
 -1.7002687 -2.0714779 8.5330429
 -0.64813924 0.76152176 0
 0.76152176 0.64813924 0
 0 0 -1
 0 2 1 1
 2.523514 -4.5086098 8.604044
 0.74525201 0.66678286 0
 -0.66678286 0.74525201 0
 0 0 1
 0 2 1 2
 2.523514 -4.5086098 2.912044
 0.74525201 0.66678286 0
 -0.66678286 0.74525201 0
 0 0 1
 0 2 1 3
 2.523514 -4.5086098 -2.7799559
 0.74525201 0.66678286 0
 -0.66678286 0.74525201 0
 0 0 1
 0 2 1 4
 2.523514 -4.5086098 -8.4719563
 0.74525201 0.66678286 0
 -0.66678286 0.74525201 0
 0 0 1
 0 2 2 1
 3.5192661 -3.8040709 8.6284075
 0.56756717 0.82332718 0
 -0.82332718 0.56756717 0
 0 0 1
 0 2 2 2
 3.5192661 -3.8040709 2.9364071
 0.56756717 0.82332718 0
 -0.82332718 0.56756717 0
 0 0 1
 0 2 2 3
 3.5192661 -3.8040709 -2.7555928
 0.56756717 0.82332718 0
 -0.82332718 0.56756717 0
 0 0 1
 0 2 2 4
 3.5192661 -3.8040709 -8.4475927
 0.56756717 0.82332718 0
 -0.82332718 0.56756717 0
 0 0 1
 0 2 3 1
 4.3018613 -2.85906 8.6157227
 0.35805473 0.93370068 0
 -0.93370068 0.35805473 0
 0 0 1
 0 2 3 2
 4.3018613 -2.85906 2.9237204
 0.35805473 0.93370068 0
 -0.93370068 0.35805473 0
 0 0 1
 0 2 3 3
 4.3018613 -2.85906 -2.7682796
 0.35805473 0.93370068 0
 -0.93370068 0.35805473 0
 0 0 1
 0 2 3 4
 4.3018613 -2.85906 -8.4602776
 0.35805473 0.93370068 0
 -0.93370068 0.35805473 0
 0 0 1
 0 2 4 1
 4.8723626 -1.7669241 8.6189747
 0.12846246 0.99171436 0
 -0.99171436 0.12846246 0
 0 0 1
 0 2 4 2
 4.8723626 -1.7669241 2.9269733
 0.12846246 0.99171436 0
 -0.99171436 0.12846246 0
 0 0 1
 0 2 4 3
 4.8723626 -1.7669241 -2.7650268
 0.12846246 0.99171436 0
 -0.99171436 0.12846246 0
 0 0 1
 0 2 4 4
 4.8723626 -1.7669241 -8.4570255
 0.12846246 0.99171436 0
 -0.99171436 0.12846246 0
 0 0 1
 0 2 5 1
 5.1598444 -0.56824297 8.6135759
 -0.1083333 0.99411464 0
 -0.99411464 -0.1083333 0
 0 0 1
 0 2 5 2
 5.1598444 -0.56824297 2.9215748
 -0.1083333 0.99411464 0
 -0.99411464 -0.1083333 0
 0 0 1
 0 2 5 3
 5.1598444 -0.56824297 -2.7704251
 -0.1083333 0.99411464 0
 -0.99411464 -0.1083333 0
 0 0 1
 0 2 5 4
 5.1598444 -0.56824297 -8.4624243
 -0.1083333 0.99411464 0
 -0.99411464 -0.1083333 0
 0 0 1
 0 2 6 1
 5.1263371 0.66111398 8.6106653
 -0.33905396 0.94076693 0
 -0.94076693 -0.33905396 0
 0 0 1
 0 2 6 2
 5.1263371 0.66111398 2.9186628
 -0.33905396 0.94076693 0
 -0.94076693 -0.33905396 0
 0 0 1
 0 2 6 3
 5.1263371 0.66111398 -2.7733371
 -0.33905396 0.94076693 0
 -0.94076693 -0.33905396 0
 0 0 1
 0 2 6 4
 5.1263371 0.66111398 -8.4653358
 -0.33905396 0.94076693 0
 -0.94076693 -0.33905396 0
 0 0 1
 0 2 7 1
 4.824213 1.8624293 8.6073008
 -0.5507611 0.83466291 0
 -0.83466291 -0.5507611 0
 0 0 1
 0 2 7 2
 4.824213 1.8624293 2.9153018
 -0.5507611 0.83466291 0
 -0.83466291 -0.5507611 0
 0 0 1
 0 2 7 3
 4.824213 1.8624293 -2.7766981
 -0.5507611 0.83466291 0
 -0.83466291 -0.5507611 0
 0 0 1
 0 2 7 4
 4.824213 1.8624293 -8.4686995
 -0.5507611 0.83466291 0
 -0.83466291 -0.5507611 0
 0 0 1
 0 2 8 1
 4.2437792 2.9487708 8.6090717
 -0.73158258 0.68175286 0
 -0.68175286 -0.73158258 0
 0 0 1
 0 2 8 2
 4.2437792 2.9487708 2.9170725
 -0.73158258 0.68175286 0
 -0.68175286 -0.73158258 0
 0 0 1
 0 2 8 3
 4.2437792 2.9487708 -2.7749274
 -0.73158258 0.68175286 0
 -0.68175286 -0.73158258 0
 0 0 1
 0 2 8 4
 4.2437792 2.9487708 -8.4669285
 -0.73158258 0.68175286 0
 -0.68175286 -0.73158258 0
 0 0 1
 0 2 9 1
 3.4373007 3.8837333 8.6083069
 -0.87137854 0.49061114 0
 -0.49061114 -0.87137854 0
 0 0 1
 0 2 9 2
 3.4373007 3.8837333 2.9163089
 -0.87137854 0.49061114 0
 -0.49061114 -0.87137854 0
 0 0 1
 0 2 9 3
 3.4373007 3.8837333 -2.7756908
 -0.87137854 0.49061114 0
 -0.49061114 -0.87137854 0
 0 0 1
 0 2 9 4
 3.4373007 3.8837333 -8.4676933
 -0.87137854 0.49061114 0
 -0.49061114 -0.87137854 0
 0 0 1
 0 2 10 1
 2.4067643 4.5611744 8.6241789
 -0.96230936 0.27195698 0
 -0.27195698 -0.96230936 0
 0 0 1
 0 2 10 2
 2.4067643 4.5611744 2.9321785
 -0.96230936 0.27195698 0
 -0.27195698 -0.96230936 0
 0 0 1
 0 2 10 3
 2.4067643 4.5611744 -2.7598214
 -0.96230936 0.27195698 0
 -0.27195698 -0.96230936 0
 0 0 1
 0 2 10 4
 2.4067643 4.5611744 -8.4518213
 -0.96230936 0.27195698 0
 -0.27195698 -0.96230936 0
 0 0 1
 0 2 11 1
 -2.5197134 4.5855913 -8.5141888
 0.96230942 0.27195695 0
 0.27195695 -0.96230942 0
 0 0 -1
 0 2 11 2
 -2.5197129 4.5855913 -2.8221889
 0.96230942 0.27195695 0
 0.27195695 -0.96230942 0
 0 0 -1
 0 2 11 3
 -2.5197124 4.5855918 2.8698111
 0.96230942 0.27195695 0
 0.27195695 -0.96230942 0
 0 0 -1
 0 2 11 4
 -2.519712 4.5855918 8.5618105
 0.96230942 0.27195695 0
 0.27195695 -0.96230942 0
 0 0 -1
 0 2 12 1
 -3.5311666 3.8588097 -8.5408316
 0.8713786 0.49061114 0
 0.49061114 -0.8713786 0
 0 0 -1
 0 2 12 2
 -3.5311661 3.8588097 -2.8488309
 0.8713786 0.49061114 0
 0.49061114 -0.8713786 0
 0 0 -1
 0 2 12 3
 -3.5311656 3.8588097 2.843169
 0.8713786 0.49061114 0
 0.49061114 -0.8713786 0
 0 0 -1
 0 2 12 4
 -3.5311651 3.8588097 8.5351686
 0.8713786 0.49061114 0
 0.49061114 -0.8713786 0
 0 0 -1
 0 2 13 1
 -4.3693113 2.973666 -8.5239201
 0.73158276 0.6817525 0
 0.6817525 -0.73158276 0
 0 0 -1
 0 2 13 2
 -4.3693113 2.973666 -2.8319209
 0.73158276 0.6817525 0
 0.6817525 -0.73158276 0
 0 0 -1
 0 2 13 3
 -4.3693113 2.973666 2.8600791
 0.73158276 0.6817525 0
 0.6817525 -0.73158276 0
 0 0 -1
 0 2 13 4
 -4.3693104 2.973666 8.5520802
 0.73158276 0.6817525 0
 0.6817525 -0.73158276 0
 0 0 -1
 0 2 14 1
 -4.9249387 1.8757695 -8.5171232
 0.5507611 0.83466291 0
 0.83466291 -0.5507611 0
 0 0 -1
 0 2 14 2
 -4.9249387 1.8757695 -2.8251202
 0.5507611 0.83466291 0
 0.83466291 -0.5507611 0
 0 0 -1
 0 2 14 3
 -4.9249377 1.8757695 2.8668799
 0.5507611 0.83466291 0
 0.83466291 -0.5507611 0
 0 0 -1
 0 2 14 4
 -4.9249377 1.8757695 8.558877
 0.5507611 0.83466291 0
 0.83466291 -0.5507611 0
 0 0 -1
 0 2 15 1
 -5.2461343 0.68359983 -8.5185127
 0.33905399 0.94076687 0
 0.94076687 -0.33905399 0
 0 0 -1
 0 2 15 2
 -5.2461343 0.68359983 -2.8265133
 0.33905399 0.94076687 0
 0.94076687 -0.33905399 0
 0 0 -1
 0 2 15 3
 -5.2461333 0.68359983 2.8654866
 0.33905399 0.94076687 0
 0.94076687 -0.33905399 0
 0 0 -1
 0 2 15 4
 -5.2461333 0.68359983 8.5574875
 0.33905399 0.94076687 0
 0.94076687 -0.33905399 0
 0 0 -1
 0 2 16 1
 -5.2586641 -0.55297512 -8.5191393
 0.10833333 0.99411464 0
 0.99411464 -0.10833333 0
 0 0 -1
 0 2 16 2
 -5.2586641 -0.55297512 -2.8271415
 0.10833333 0.99411464 0
 0.99411464 -0.10833333 0
 0 0 -1
 0 2 16 3
 -5.2586632 -0.55297512 2.8648584
 0.10833333 0.99411464 0
 0.99411464 -0.10833333 0
 0 0 -1
 0 2 16 4
 -5.2586632 -0.55297512 8.5568609
 0.10833333 0.99411464 0
 0.99411464 -0.10833333 0
 0 0 -1
 0 2 17 1
 -4.9900975 -1.7535172 -8.5195942
 -0.12846243 0.99171436 0
 0.99171436 0.12846243 0
 0 0 -1
 0 2 17 2
 -4.9900966 -1.7535172 -2.8275952
 -0.12846243 0.99171436 0
 0.99171436 0.12846243 0
 0 0 -1
 0 2 17 3
 -4.9900956 -1.7535172 2.8644047
 -0.12846243 0.99171436 0
 0.99171436 0.12846243 0
 0 0 -1
 0 2 17 4
 -4.9900956 -1.7535172 8.556406
 -0.12846243 0.99171436 0
 0.99171436 0.12846243 0
 0 0 -1
 0 2 18 1
 -4.4425941 -2.8597047 -8.5254383
 -0.35805428 0.93370074 0
 0.93370074 0.35805428 0
 0 0 -1
 0 2 18 2
 -4.4425931 -2.8597047 -2.8334408
 -0.35805428 0.93370074 0
 0.93370074 0.35805428 0
 0 0 -1
 0 2 18 3
 -4.4425931 -2.8597047 2.8585591
 -0.35805428 0.93370074 0
 0.93370074 0.35805428 0
 0 0 -1
 0 2 18 4
 -4.4425921 -2.8597047 8.5505619
 -0.35805428 0.93370074 0
 0.93370074 0.35805428 0
 0 0 -1
 0 2 19 1
 -3.595104 -3.7594457 -8.5238934
 -0.56756705 0.82332712 0
 0.82332712 0.56756705 0
 0 0 -1
 0 2 19 2
 -3.5951035 -3.7594457 -2.8318944
 -0.56756705 0.82332712 0
 0.82332712 0.56756705 0
 0 0 -1
 0 2 19 3
 -3.5951025 -3.7594457 2.8601053
 -0.56756705 0.82332712 0
 0.82332712 0.56756705 0
 0 0 -1
 0 2 19 4
 -3.5951025 -3.7594457 8.5521069
 -0.56756705 0.82332712 0
 0.82332712 0.56756705 0
 0 0 -1
 0 2 20 1
 -2.6147504 -4.4783101 -8.5302992
 -0.74525195 0.66678298 0
 0.66678298 0.74525195 0
 0 0 -1
 0 2 20 2
 -2.6147499 -4.4783101 -2.8382993
 -0.74525195 0.66678298 0
 0.66678298 0.74525195 0
 0 0 -1
 0 2 20 3
 -2.6147494 -4.4783101 2.8537006
 -0.74525195 0.66678298 0
 0.66678298 0.74525195 0
 0 0 -1
 0 2 20 4
 -2.614749 -4.4783101 8.545701
 -0.74525195 0.66678298 0
 0.66678298 0.74525195 0
 0 0 -1
 0 3 1 1
 5.7106743 -10.286888 12.6768
 -0.87806648 -0.47853845 1.1859817e-07
 -0.47853863 0.87806654 -3.4927844e-08
 -8.7422777e-08 0 -1
 0 3 1 2
 5.7106738 -10.286888 6.3014007
 -0.87806648 -0.47853845 1.1859817e-07
 -0.47853863 0.87806654 -3.4927844e-08
 -8.7422777e-08 0 -1
 0 3 1 3
 5.7106729 -10.286888 -0.073999606
 -0.87806648 -0.47853845 1.1859817e-07
 -0.47853863 0.87806654 -3.4927844e-08
 -8.7422777e-08 0 -1
 0 3 1 4
 5.7106724 -10.286888 -6.4493995
 -0.87806648 -0.47853845 1.1859817e-07
 -0.47853863 0.87806654 -3.4927844e-08
 -8.7422777e-08 0 -1
 0 3 1 5
 5.7106719 -10.286888 -12.8248
 -0.87806648 -0.47853845 1.1859817e-07
 -0.47853863 0.87806654 -3.4927844e-08
 -8.7422777e-08 0 -1
 0 3 2 1
 7.5942512 -7.0648532 12.787683
 -0.68670678 -0.72693443 1.2358444e-07
 -0.72693437 0.68670702 3.5167886e-09
 -8.7422777e-08 0 -1
 0 3 2 2
 7.5942502 -7.0648532 6.4122839
 -0.68670678 -0.72693443 1.2358444e-07
 -0.72693437 0.68670702 3.5167886e-09
 -8.7422777e-08 0 -1
 0 3 2 3
 7.5942497 -7.0648532 0.036883
 -0.68670678 -0.72693443 1.2358444e-07
 -0.72693437 0.68670702 3.5167886e-09
 -8.7422777e-08 0 -1
 0 3 2 4
 7.5942492 -7.0648532 -6.3385162
 -0.68670678 -0.72693443 1.2358444e-07
 -0.72693437 0.68670702 3.5167886e-09
 -8.7422777e-08 0 -1
 0 3 2 5
 7.5942488 -7.0648532 -12.713918
 -0.68670678 -0.72693443 1.2358444e-07
 -0.72693437 0.68670702 3.5167886e-09
 -8.7422777e-08 0 -1
 0 3 3 1
 11.483568 -5.5293736 12.806242
 -0.44166213 -0.89718139 1.1704542e-07
 -0.89718139 0.4416624 3.982273e-08
 -8.7422777e-08 0 -1
 0 3 3 2
 11.483568 -5.5293736 6.4308429
 -0.44166213 -0.89718139 1.1704542e-07
 -0.89718139 0.4416624 3.982273e-08
 -8.7422777e-08 0 -1
 0 3 3 3
 11.483564 -5.5293736 0.055442665
 -0.44166213 -0.89718139 1.1704542e-07
 -0.89718139 0.4416624 3.982273e-08
 -8.7422777e-08 0 -1
 0 3 3 4
 11.483564 -5.5293736 -6.3199573
 -0.44166213 -0.89718139 1.1704542e-07
 -0.89718139 0.4416624 3.982273e-08
 -8.7422777e-08 0 -1
 0 3 3 5
 11.483564 -5.5293736 -12.695359
 -0.44166213 -0.89718139 1.1704542e-07
 -0.89718139 0.4416624 3.982273e-08
 -8.7422777e-08 0 -1
 0 3 4 1
 11.620815 -1.9818951 12.801639
 -0.17622556 -0.98434979 1.0146073e-07
 -0.98434979 0.17622574 7.0648454e-08
 -8.7422777e-08 0 -1
 0 3 4 2
 11.620813 -1.9818951 6.4262371
 -0.17622556 -0.98434979 1.0146073e-07
 -0.98434979 0.17622574 7.0648454e-08
 -8.7422777e-08 0 -1
 0 3 4 3
 11.620813 -1.9818951 0.050837129
 -0.17622556 -0.98434979 1.0146073e-07
 -0.98434979 0.17622574 7.0648454e-08
 -8.7422777e-08 0 -1
 0 3 4 4
 11.620813 -1.9818951 -6.324563
 -0.17622556 -0.98434979 1.0146073e-07
 -0.98434979 0.17622574 7.0648454e-08
 -8.7422777e-08 0 -1
 0 3 4 5
 11.620813 -1.9818951 -12.699963
 -0.17622556 -0.98434979 1.0146073e-07
 -0.98434979 0.17622574 7.0648454e-08
 -8.7422777e-08 0 -1
 0 3 5 1
 10.142539 1.4967269 12.797941
 0.13727199 -0.99053341 7.4594489e-08
 -0.99053341 -0.13727181 9.8595862e-08
 -8.7422777e-08 0 -1
 0 3 5 2
 10.142539 1.4967269 6.4225426
 0.13727199 -0.99053341 7.4594489e-08
 -0.99053341 -0.13727181 9.8595862e-08
 -8.7422777e-08 0 -1
 0 3 5 3
 10.142535 1.4967269 0.047141694
 0.13727199 -0.99053341 7.4594489e-08
 -0.99053341 -0.13727181 9.8595862e-08
 -8.7422777e-08 0 -1
 0 3 5 4
 10.142535 1.4967269 -6.3282576
 0.13727199 -0.99053341 7.4594489e-08
 -0.99053341 -0.13727181 9.8595862e-08
 -8.7422777e-08 0 -1
 0 3 5 5
 10.142535 1.4967269 -12.703659
 0.13727199 -0.99053341 7.4594489e-08
 -0.99053341 -0.13727181 9.8595862e-08
 -8.7422777e-08 0 -1
 0 3 6 1
 11.530899 5.5339308 12.808146
 0.42340913 -0.90593863 4.2184073e-08
 -0.90593857 -0.42340899 1.1621526e-07
 -8.7422777e-08 0 -1
 0 3 6 2
 11.530895 5.5339308 6.4327474
 0.42340913 -0.90593863 4.2184073e-08
 -0.90593857 -0.42340899 1.1621526e-07
 -8.7422777e-08 0 -1
 0 3 6 3
 11.530895 5.5339308 0.057348091
 0.42340913 -0.90593863 4.2184073e-08
 -0.90593857 -0.42340899 1.1621526e-07
 -8.7422777e-08 0 -1
 0 3 6 4
 11.530895 5.5339308 -6.3180528
 0.42340913 -0.90593863 4.2184073e-08
 -0.90593857 -0.42340899 1.1621526e-07
 -8.7422777e-08 0 -1
 0 3 6 5
 11.530895 5.5339308 -12.693453
 0.42340913 -0.90593863 4.2184073e-08
 -0.90593857 -0.42340899 1.1621526e-07
 -8.7422777e-08 0 -1
 0 3 7 1
 8.7422562 7.8040614 12.810963
 0.65750682 -0.75344861 8.3875022e-09
 -0.75344855 -0.6575067 1.2334964e-07
 -8.7422777e-08 0 -1
 0 3 7 2
 8.7422562 7.8040614 6.4355621
 0.65750682 -0.75344861 8.3875022e-09
 -0.75344855 -0.6575067 1.2334964e-07
 -8.7422777e-08 0 -1
 0 3 7 3
 8.7422562 7.8040614 0.060161978
 0.65750682 -0.75344861 8.3875022e-09
 -0.75344855 -0.6575067 1.2334964e-07
 -8.7422777e-08 0 -1
 0 3 7 4
 8.7422543 7.8040614 -6.315238
 0.65750682 -0.75344861 8.3875022e-09
 -0.75344855 -0.6575067 1.2334964e-07
 -8.7422777e-08 0 -1
 0 3 7 5
 8.7422543 7.8040614 -12.690638
 0.65750682 -0.75344861 8.3875022e-09
 -0.75344855 -0.6575067 1.2334964e-07
 -8.7422777e-08 0 -1
 0 3 8 1
 5.1460733 8.8690491 12.807055
 0.8585127 -0.51279235 -3.0223823e-08
 -0.51279235 -0.85851264 1.1988328e-07
 -8.7422777e-08 0 -1
 0 3 8 2
 5.1460729 8.8690491 6.4316554
 0.8585127 -0.51279235 -3.0223823e-08
 -0.51279235 -0.85851264 1.1988328e-07
 -8.7422777e-08 0 -1
 0 3 8 3
 5.1460724 8.8690491 0.056255326
 0.8585127 -0.51279235 -3.0223823e-08
 -0.51279235 -0.85851264 1.1988328e-07
 -8.7422777e-08 0 -1
 0 3 8 4
 5.1460714 8.8690491 -6.3191447
 0.8585127 -0.51279235 -3.0223823e-08
 -0.51279235 -0.85851264 1.1988328e-07
 -8.7422777e-08 0 -1
 0 3 8 5
 5.146071 8.8690491 -12.694545
 0.8585127 -0.51279235 -3.0223823e-08
 -0.51279235 -0.85851264 1.1988328e-07
 -8.7422777e-08 0 -1
 0 3 9 1
 -5.2488265 8.8991718 -12.667875
 -0.85851264 -0.51279235 3.246052e-08
 0.51279253 -0.85851264 -5.7198957e-08
 0 0 1
 0 3 9 2
 -5.2488265 8.8991718 -6.2924733
 -0.85851264 -0.51279235 3.246052e-08
 0.51279253 -0.85851264 -5.7198957e-08
 0 0 1
 0 3 9 3
 -5.2488265 8.8991718 0.082926281
 -0.85851264 -0.51279235 3.246052e-08
 0.51279253 -0.85851264 -5.7198957e-08
 0 0 1
 0 3 9 4
 -5.2488265 8.8991718 6.4583268
 -0.85851264 -0.51279235 3.246052e-08
 0.51279253 -0.85851264 -5.7198957e-08
 0 0 1
 0 3 9 5
 -5.2488265 8.8991718 12.833725
 -0.85851264 -0.51279235 3.246052e-08
 0.51279253 -0.85851264 -5.7198957e-08
 0 0 1
 0 3 10 1
 -8.8432379 7.8216558 -12.664661
 -0.6575067 -0.75344861 3.592686e-08
 0.75344872 -0.6575067 -9.5810293e-08
 0 0 1
 0 3 10 2
 -8.8432379 7.8216558 -6.2892618
 -0.6575067 -0.75344861 3.592686e-08
 0.75344872 -0.6575067 -9.5810293e-08
 0 0 1
 0 3 10 3
 -8.8432379 7.8216558 0.086138867
 -0.6575067 -0.75344861 3.592686e-08
 0.75344872 -0.6575067 -9.5810293e-08
 0 0 1
 0 3 10 4
 -8.8432379 7.8216558 6.4615383
 -0.6575067 -0.75344861 3.592686e-08
 0.75344872 -0.6575067 -9.5810293e-08
 0 0 1
 0 3 10 5
 -8.8432379 7.8216558 12.836939
 -0.6575067 -0.75344861 3.592686e-08
 0.75344872 -0.6575067 -9.5810293e-08
 0 0 1
 0 3 11 1
 -11.617105 5.538301 -12.660284
 -0.42340893 -0.90593863 2.8792485e-08
 0.90593868 -0.42340901 -1.2960686e-07
 0 0 1
 0 3 11 2
 -11.617105 5.538301 -6.2848811
 -0.42340893 -0.90593863 2.8792485e-08
 0.90593868 -0.42340901 -1.2960686e-07
 0 0 1
 0 3 11 3
 -11.617105 5.538301 0.090518333
 -0.42340893 -0.90593863 2.8792485e-08
 0.90593868 -0.42340901 -1.2960686e-07
 0 0 1
 0 3 11 4
 -11.617105 5.538301 6.465919
 -0.42340893 -0.90593863 2.8792485e-08
 0.90593868 -0.42340901 -1.2960686e-07
 0 0 1
 0 3 11 5
 -11.617105 5.538301 12.841318
 -0.42340893 -0.90593863 2.8792485e-08
 0.90593868 -0.42340901 -1.2960686e-07
 0 0 1
 0 3 12 1
 -10.249647 1.5026891 -12.664376
 -0.13727154 -0.99053347 1.1173078e-08
 0.99053341 -0.13727161 -1.6201729e-07
 0 0 1
 0 3 12 2
 -10.249647 1.5026891 -6.2889771
 -0.13727154 -0.99053347 1.1173078e-08
 0.99053341 -0.13727161 -1.6201729e-07
 0 0 1
 0 3 12 3
 -10.249647 1.5026891 0.086422093
 -0.13727154 -0.99053347 1.1173078e-08
 0.99053341 -0.13727161 -1.6201729e-07
 0 0 1
 0 3 12 4
 -10.249647 1.5026891 6.461823
 -0.13727154 -0.99053347 1.1173078e-08
 0.99053341 -0.13727161 -1.6201729e-07
 0 0 1
 0 3 12 5
 -10.249647 1.5026891 12.837221
 -0.13727154 -0.99053347 1.1173078e-08
 0.99053341 -0.13727161 -1.6201729e-07
 0 0 1
 0 3 13 1
 -11.629282 -1.974802 -12.672789
 0.17622589 -0.98434979 -1.6774337e-08
 0.98434979 0.17622587 -1.8888352e-07
 0 0 1
 0 3 13 2
 -11.629282 -1.974802 -6.2973847
 0.17622589 -0.98434979 -1.6774337e-08
 0.98434979 0.17622587 -1.8888352e-07
 0 0 1
 0 3 13 3
 -11.629282 -1.974802 0.078014515
 0.17622589 -0.98434979 -1.6774337e-08
 0.98434979 0.17622587 -1.8888352e-07
 0 0 1
 0 3 13 4
 -11.629282 -1.974802 6.4534154
 0.17622589 -0.98434979 -1.6774337e-08
 0.98434979 0.17622587 -1.8888352e-07
 0 0 1
 0 3 13 5
 -11.629282 -1.974802 12.828815
 0.17622589 -0.98434979 -1.6774337e-08
 0.98434979 0.17622587 -1.8888352e-07
 0 0 1
 0 3 14 1
 -11.588093 -5.5653915 -12.678217
 0.44166255 -0.89718127 -4.7600057e-08
 0.89718127 0.44166246 -2.0446822e-07
 0 0 1
 0 3 14 2
 -11.588093 -5.5653915 -6.3028154
 0.44166255 -0.89718127 -4.7600057e-08
 0.89718127 0.44166246 -2.0446822e-07
 0 0 1
 0 3 14 3
 -11.588093 -5.5653915 0.072584182
 0.44166255 -0.89718127 -4.7600057e-08
 0.89718127 0.44166246 -2.0446822e-07
 0 0 1
 0 3 14 4
 -11.588093 -5.5653915 6.4479847
 0.44166255 -0.89718127 -4.7600057e-08
 0.89718127 0.44166246 -2.0446822e-07
 0 0 1
 0 3 14 5
 -11.588093 -5.5653915 12.823383
 0.44166255 -0.89718127 -4.7600057e-08
 0.89718127 0.44166246 -2.0446822e-07
 0 0 1
 0 3 15 1
 -7.6088653 -7.0303054 -12.692518
 0.68670696 -0.72693437 -8.3905981e-08
 0.72693431 0.68670696 -2.1100723e-07
 0 0 1
 0 3 15 2
 -7.6088653 -7.0303054 -6.3171215
 0.68670696 -0.72693437 -8.3905981e-08
 0.72693431 0.68670696 -2.1100723e-07
 0 0 1
 0 3 15 3
 -7.6088653 -7.0303054 0.058278587
 0.68670696 -0.72693437 -8.3905981e-08
 0.72693431 0.68670696 -2.1100723e-07
 0 0 1
 0 3 15 4
 -7.6088653 -7.0303054 6.4336786
 0.68670696 -0.72693437 -8.3905981e-08
 0.72693431 0.68670696 -2.1100723e-07
 0 0 1
 0 3 15 5
 -7.6088653 -7.0303054 12.809083
 0.68670696 -0.72693437 -8.3905981e-08
 0.72693431 0.68670696 -2.1100723e-07
 0 0 1
 0 3 16 1
 -5.8484273 -10.205788 -12.697533
 0.8780666 -0.47853857 -1.2235063e-07
 0.47853842 0.87806654 -2.0602096e-07
 0 0 1
 0 3 16 2
 -5.8484273 -10.205788 -6.3221307
 0.8780666 -0.47853857 -1.2235063e-07
 0.47853842 0.87806654 -2.0602096e-07
 0 0 1
 0 3 16 3
 -5.8484273 -10.205788 0.053269517
 0.8780666 -0.47853857 -1.2235063e-07
 0.47853842 0.87806654 -2.0602096e-07
 0 0 1
 0 3 16 4
 -5.8484273 -10.205788 6.4286695
 0.8780666 -0.47853857 -1.2235063e-07
 0.47853842 0.87806654 -2.0602096e-07
 0 0 1
 0 3 16 5
 -5.8484273 -10.205788 12.804069
 0.8780666 -0.47853857 -1.2235063e-07
 0.47853842 0.87806654 -2.0602096e-07
 0 0 1
 0 4 1 1
 6.6571116 -13.968414 -16.012497
 0.90726435 0.42056072 -2.0350495e-07
 -0.42056099 0.90726435 -1.2997174e-07
 0 0 1
 0 4 1 2
 6.6571116 -13.968414 -9.6370983
 0.90726435 0.42056072 -2.0350495e-07
 -0.42056099 0.90726435 -1.2997174e-07
 0 0 1
 0 4 1 3
 6.6571116 -13.968414 -3.2616982
 0.90726435 0.42056072 -2.0350495e-07
 -0.42056099 0.90726435 -1.2997174e-07
 0 0 1
 0 4 1 4
 6.6571116 -13.968414 3.1137018
 0.90726435 0.42056072 -2.0350495e-07
 -0.42056099 0.90726435 -1.2997174e-07
 0 0 1
 0 4 1 5
 6.6571116 -13.968414 9.4891014
 0.90726435 0.42056072 -2.0350495e-07
 -0.42056099 0.90726435 -1.2997174e-07
 0 0 1
 0 4 1 6
 6.6571116 -13.968414 15.864502
 0.90726435 0.42056072 -2.0350495e-07
 -0.42056099 0.90726435 -1.2997174e-07
 0 0 1
 0 4 2 1
 10.238892 -13.177229 -15.913185
 0.79536754 0.60612732 -2.0994537e-07
 -0.6061272 0.79536784 -1.0396672e-07
 0 0 1
 0 4 2 2
 10.238892 -13.177229 -9.5377836
 0.79536754 0.60612732 -2.0994537e-07
 -0.6061272 0.79536784 -1.0396672e-07
 0 0 1
 0 4 2 3
 10.238892 -13.177229 -3.1623828
 0.79536754 0.60612732 -2.0994537e-07
 -0.6061272 0.79536784 -1.0396672e-07
 0 0 1
 0 4 2 4
 10.238892 -13.177229 3.2130172
 0.79536754 0.60612732 -2.0994537e-07
 -0.6061272 0.79536784 -1.0396672e-07
 0 0 1
 0 4 2 5
 10.238892 -13.177229 9.5884161
 0.79536754 0.60612732 -2.0994537e-07
 -0.6061272 0.79536784 -1.0396672e-07
 0 0 1
 0 4 2 6
 10.238892 -13.177229 15.963817
 0.79536754 0.60612732 -2.0994537e-07
 -0.6061272 0.79536784 -1.0396672e-07
 0 0 1
 0 4 3 1
 13.591786 -11.650816 -15.909459
 0.65763831 0.75333381 -2.1077389e-07
 -0.75333399 0.65763813 -7.9056782e-08
 0 0 1
 0 4 3 2
 13.591786 -11.650816 -9.5340605
 0.65763831 0.75333381 -2.1077389e-07
 -0.75333399 0.65763813 -7.9056782e-08
 0 0 1
 0 4 3 3
 13.591786 -11.650816 -3.1586595
 0.65763831 0.75333381 -2.1077389e-07
 -0.75333399 0.65763813 -7.9056782e-08
 0 0 1
 0 4 3 4
 13.591786 -11.650816 3.2167406
 0.65763831 0.75333381 -2.1077389e-07
 -0.75333399 0.65763813 -7.9056782e-08
 0 0 1
 0 4 3 5
 13.591786 -11.650816 9.5921392
 0.65763831 0.75333381 -2.1077389e-07
 -0.75333399 0.65763813 -7.9056782e-08
 0 0 1
 0 4 3 6
 13.591786 -11.650816 15.967541
 0.65763831 0.75333381 -2.1077389e-07
 -0.75333399 0.65763813 -7.9056782e-08
 0 0 1
 0 4 4 1
 13.53207 -7.370944 -15.900576
 0.48603019 0.87394196 -2.0631532e-07
 -0.87394214 0.4860301 -5.351043e-08
 0 0 1
 0 4 4 2
 13.53207 -7.370944 -9.5251751
 0.48603019 0.87394196 -2.0631532e-07
 -0.87394214 0.4860301 -5.351043e-08
 0 0 1
 0 4 4 3
 13.53207 -7.370944 -3.1497724
 0.48603019 0.87394196 -2.0631532e-07
 -0.87394214 0.4860301 -5.351043e-08
 0 0 1
 0 4 4 4
 13.53207 -7.370944 3.2256277
 0.48603019 0.87394196 -2.0631532e-07
 -0.87394214 0.4860301 -5.351043e-08
 0 0 1
 0 4 4 5
 13.53207 -7.370944 9.6010246
 0.48603019 0.87394196 -2.0631532e-07
 -0.87394214 0.4860301 -5.351043e-08
 0 0 1
 0 4 4 6
 13.53207 -7.370944 15.976425
 0.48603019 0.87394196 -2.0631532e-07
 -0.87394214 0.4860301 -5.351043e-08
 0 0 1
 0 4 5 1
 16.157999 -4.676188 -15.902197
 0.28635693 0.95812297 -1.9621868e-07
 -0.95812297 0.28635705 -2.869513e-08
 0 0 1
 0 4 5 2
 16.157999 -4.676188 -9.5267954
 0.28635693 0.95812297 -1.9621868e-07
 -0.95812297 0.28635705 -2.869513e-08
 0 0 1
 0 4 5 3
 16.157999 -4.676188 -3.1513946
 0.28635693 0.95812297 -1.9621868e-07
 -0.95812297 0.28635705 -2.869513e-08
 0 0 1
 0 4 5 4
 16.157999 -4.676188 3.2240055
 0.28635693 0.95812297 -1.9621868e-07
 -0.95812297 0.28635705 -2.869513e-08
 0 0 1
 0 4 5 5
 16.157999 -4.676188 9.5994043
 0.28635693 0.95812297 -1.9621868e-07
 -0.95812297 0.28635705 -2.869513e-08
 0 0 1
 0 4 5 6
 16.157999 -4.676188 15.974806
 0.28635693 0.95812297 -1.9621868e-07
 -0.95812297 0.28635705 -2.869513e-08
 0 0 1
 0 4 6 1
 17.867523 -1.4383911 -15.897524
 0.088372588 0.99608749 -1.8222929e-07
 -0.99608743 0.088372946 -8.0678504e-09
 0 0 1
 0 4 6 2
 17.867523 -1.4383911 -9.5221262
 0.088372588 0.99608749 -1.8222929e-07
 -0.99608743 0.088372946 -8.0678504e-09
 0 0 1
 0 4 6 3
 17.867523 -1.4383911 -3.1467245
 0.088372588 0.99608749 -1.8222929e-07
 -0.99608743 0.088372946 -8.0678504e-09
 0 0 1
 0 4 6 4
 17.867523 -1.4383911 3.2286756
 0.088372588 0.99608749 -1.8222929e-07
 -0.99608743 0.088372946 -8.0678504e-09
 0 0 1
 0 4 6 5
 17.867523 -1.4383911 9.6040735
 0.088372588 0.99608749 -1.8222929e-07
 -0.99608743 0.088372946 -8.0678504e-09
 0 0 1
 0 4 6 6
 17.867523 -1.4383911 15.979474
 0.088372588 0.99608749 -1.8222929e-07
 -0.99608743 0.088372946 -8.0678504e-09
 0 0 1
 0 4 7 1
 15.239736 1.997139 -15.894167
 -0.12134953 0.99260986 -1.6359078e-07
 -0.99260986 -0.12134964 9.9626511e-09
 0 0 1
 0 4 7 2
 15.239736 1.997139 -9.5187702
 -0.12134953 0.99260986 -1.6359078e-07
 -0.99260986 -0.12134964 9.9626511e-09
 0 0 1
 0 4 7 3
 15.239736 1.997139 -3.143368
 -0.12134953 0.99260986 -1.6359078e-07
 -0.99260986 -0.12134964 9.9626511e-09
 0 0 1
 0 4 7 4
 15.239736 1.997139 3.2320321
 -0.12134953 0.99260986 -1.6359078e-07
 -0.99260986 -0.12134964 9.9626511e-09
 0 0 1
 0 4 7 5
 15.239736 1.997139 9.6074295
 -0.12134953 0.99260986 -1.6359078e-07
 -0.99260986 -0.12134964 9.9626511e-09
 0 0 1
 0 4 7 6
 15.239736 1.997139 15.982829
 -0.12134953 0.99260986 -1.6359078e-07
 -0.99260986 -0.12134964 9.9626511e-09
 0 0 1
 0 4 8 1
 15.59731 5.6703963 -15.893703
 -0.33232591 0.94316465 -1.40824e-07
 -0.94316465 -0.33232576 2.4084137e-08
 0 0 1
 0 4 8 2
 15.59731 5.6703963 -9.5183058
 -0.33232591 0.94316465 -1.40824e-07
 -0.94316465 -0.33232576 2.4084137e-08
 0 0 1
 0 4 8 3
 15.59731 5.6703963 -3.1429029
 -0.33232591 0.94316465 -1.40824e-07
 -0.94316465 -0.33232576 2.4084137e-08
 0 0 1
 0 4 8 4
 15.59731 5.6703963 3.2324972
 -0.33232591 0.94316465 -1.40824e-07
 -0.94316465 -0.33232576 2.4084137e-08
 0 0 1
 0 4 8 5
 15.59731 5.6703963 9.6078939
 -0.33232591 0.94316465 -1.40824e-07
 -0.94316465 -0.33232576 2.4084137e-08
 0 0 1
 0 4 8 6
 15.59731 5.6703963 15.983294
 -0.33232591 0.94316465 -1.40824e-07
 -0.94316465 -0.33232576 2.4084137e-08
 0 0 1
 0 4 9 1
 15.174884 9.3354034 -15.890265
 -0.51473916 0.85734689 -1.173745e-07
 -0.85734683 -0.51473904 3.2528781e-08
 0 0 1
 0 4 9 2
 15.174884 9.3354034 -9.5148687
 -0.51473916 0.85734689 -1.173745e-07
 -0.85734683 -0.51473904 3.2528781e-08
 0 0 1
 0 4 9 3
 15.174884 9.3354034 -3.139468
 -0.51473916 0.85734689 -1.173745e-07
 -0.85734683 -0.51473904 3.2528781e-08
 0 0 1
 0 4 9 4
 15.174884 9.3354034 3.2359321
 -0.51473916 0.85734689 -1.173745e-07
 -0.85734683 -0.51473904 3.2528781e-08
 0 0 1
 0 4 9 5
 15.174884 9.3354034 9.611331
 -0.51473916 0.85734689 -1.173745e-07
 -0.85734683 -0.51473904 3.2528781e-08
 0 0 1
 0 4 9 6
 15.174884 9.3354034 15.986732
 -0.51473916 0.85734689 -1.173745e-07
 -0.85734683 -0.51473904 3.2528781e-08
 0 0 1
 0 4 10 1
 11.179456 10.652575 -15.896846
 -0.68225384 0.7311154 -9.1694396e-08
 -0.73111522 -0.68225396 3.6137891e-08
 0 0 1
 0 4 10 2
 11.179456 10.652575 -9.5214472
 -0.68225384 0.7311154 -9.1694396e-08
 -0.73111522 -0.68225396 3.6137891e-08
 0 0 1
 0 4 10 3
 11.179456 10.652575 -3.1460469
 -0.68225384 0.7311154 -9.1694396e-08
 -0.73111522 -0.68225396 3.6137891e-08
 0 0 1
 0 4 10 4
 11.179456 10.652575 3.2293532
 -0.68225384 0.7311154 -9.1694396e-08
 -0.73111522 -0.68225396 3.6137891e-08
 0 0 1
 0 4 10 5
 11.179456 10.652575 9.6047525
 -0.68225384 0.7311154 -9.1694396e-08
 -0.73111522 -0.68225396 3.6137891e-08
 0 0 1
 0 4 10 6
 11.179456 10.652575 15.980154
 -0.68225384 0.7311154 -9.1694396e-08
 -0.73111522 -0.68225396 3.6137891e-08
 0 0 1
 0 4 11 1
 9.306777 13.851009 -15.984099
 -0.82373065 0.56698143 -6.4977051e-08
 -0.5669812 -0.82373065 3.4157125e-08
 0 0 1
 0 4 11 2
 9.306777 13.851009 -9.6086988
 -0.82373065 0.56698143 -6.4977051e-08
 -0.5669812 -0.82373065 3.4157125e-08
 0 0 1
 0 4 11 3
 9.306777 13.851009 -3.2332973
 -0.82373065 0.56698143 -6.4977051e-08
 -0.5669812 -0.82373065 3.4157125e-08
 0 0 1
 0 4 11 4
 9.306777 13.851009 3.1421027
 -0.82373065 0.56698143 -6.4977051e-08
 -0.5669812 -0.82373065 3.4157125e-08
 0 0 1
 0 4 11 5
 9.306777 13.851009 9.5175009
 -0.82373065 0.56698143 -6.4977051e-08
 -0.5669812 -0.82373065 3.4157125e-08
 0 0 1
 0 4 11 6
 9.306777 13.851009 15.892901
 -0.82373065 0.56698143 -6.4977051e-08
 -0.5669812 -0.82373065 3.4157125e-08
 0 0 1
 0 4 12 1
 6.785605 16.565342 -15.879729
 -0.92070949 0.39024886 -4.1048438e-08
 -0.39024872 -0.92070943 2.7184839e-08
 0 0 1
 0 4 12 2
 6.785605 16.565342 -9.5043278
 -0.92070949 0.39024886 -4.1048438e-08
 -0.39024872 -0.92070943 2.7184839e-08
 0 0 1
 0 4 12 3
 6.785605 16.565342 -3.1289263
 -0.92070949 0.39024886 -4.1048438e-08
 -0.39024872 -0.92070943 2.7184839e-08
 0 0 1
 0 4 12 4
 6.785605 16.565342 3.2464738
 -0.92070949 0.39024886 -4.1048438e-08
 -0.39024872 -0.92070943 2.7184839e-08
 0 0 1
 0 4 12 5
 6.785605 16.565342 9.6218719
 -0.92070949 0.39024886 -4.1048438e-08
 -0.39024872 -0.92070943 2.7184839e-08
 0 0 1
 0 4 12 6
 6.785605 16.565342 15.997272
 -0.92070949 0.39024886 -4.1048438e-08
 -0.39024872 -0.92070943 2.7184839e-08
 0 0 1
 0 4 13 1
 -6.8690205 16.53031 16.057194
 0.92070925 0.39024913 -1.1460762e-07
 0.39024913 -0.92070931 4.6374314e-08
 -8.7422777e-08 0 -1
 0 4 13 2
 -6.8690205 16.53031 9.6817932
 0.92070925 0.39024913 -1.1460762e-07
 0.39024913 -0.92070931 4.6374314e-08
 -8.7422777e-08 0 -1
 0 4 13 3
 -6.8690214 16.53031 3.3063934
 0.92070925 0.39024913 -1.1460762e-07
 0.39024913 -0.92070931 4.6374314e-08
 -8.7422777e-08 0 -1
 0 4 13 4
 -6.8690224 16.53031 -3.0690067
 0.92070925 0.39024913 -1.1460762e-07
 0.39024913 -0.92070931 4.6374314e-08
 -8.7422777e-08 0 -1
 0 4 13 5
 -6.8690224 16.53031 -9.4444065
 0.92070925 0.39024913 -1.1460762e-07
 0.39024913 -0.92070931 4.6374314e-08
 -8.7422777e-08 0 -1
 0 4 13 6
 -6.8690233 16.53031 -15.819808
 0.92070925 0.39024913 -1.1460762e-07
 0.39024913 -0.92070931 4.6374314e-08
 -8.7422777e-08 0 -1
 0 4 14 1
 -9.3005161 13.701682 16.052172
 0.82373041 0.56698155 -1.2157989e-07
 0.56698155 -0.82373047 2.2445709e-08
 -8.7422777e-08 0 -1
 0 4 14 2
 -9.3005171 13.701682 9.6767712
 0.82373041 0.56698155 -1.2157989e-07
 0.56698155 -0.82373047 2.2445709e-08
 -8.7422777e-08 0 -1
 0 4 14 3
 -9.3005171 13.701682 3.3013713
 0.82373041 0.56698155 -1.2157989e-07
 0.56698155 -0.82373047 2.2445709e-08
 -8.7422777e-08 0 -1
 0 4 14 4
 -9.300518 13.701682 -3.0740287
 0.82373041 0.56698155 -1.2157989e-07
 0.56698155 -0.82373047 2.2445709e-08
 -8.7422777e-08 0 -1
 0 4 14 5
 -9.300519 13.701682 -9.4494286
 0.82373041 0.56698155 -1.2157989e-07
 0.56698155 -0.82373047 2.2445709e-08
 -8.7422777e-08 0 -1
 0 4 14 6
 -9.300519 13.701682 -15.824829
 0.82373041 0.56698155 -1.2157989e-07
 0.56698155 -0.82373047 2.2445709e-08
 -8.7422777e-08 0 -1
 0 4 15 1
 -11.255223 10.627159 16.052011
 0.6822536 0.73111552 -1.2356065e-07
 0.73111552 -0.68225372 -4.2716302e-09
 -8.7422777e-08 0 -1
 0 4 15 2
 -11.255223 10.627159 9.6766138
 0.6822536 0.73111552 -1.2356065e-07
 0.73111552 -0.68225372 -4.2716302e-09
 -8.7422777e-08 0 -1
 0 4 15 3
 -11.255224 10.627159 3.3012135
 0.6822536 0.73111552 -1.2356065e-07
 0.73111552 -0.68225372 -4.2716302e-09
 -8.7422777e-08 0 -1
 0 4 15 4
 -11.255224 10.627159 -3.0741866
 0.6822536 0.73111552 -1.2356065e-07
 0.73111552 -0.68225372 -4.2716302e-09
 -8.7422777e-08 0 -1
 0 4 15 5
 -11.255224 10.627159 -9.4495859
 0.6822536 0.73111552 -1.2356065e-07
 0.73111552 -0.68225372 -4.2716302e-09
 -8.7422777e-08 0 -1
 0 4 15 6
 -11.255224 10.627159 -15.824986
 0.6822536 0.73111552 -1.2356065e-07
 0.73111552 -0.68225372 -4.2716302e-09
 -8.7422777e-08 0 -1
 0 4 16 1
 -15.263775 9.3016357 16.056721
 0.51473868 0.85734707 -1.1995155e-07
 0.85734713 -0.51473886 -2.9951764e-08
 -8.7422777e-08 0 -1
 0 4 16 2
 -15.263775 9.3016357 9.6813221
 0.51473868 0.85734707 -1.1995155e-07
 0.85734713 -0.51473886 -2.9951764e-08
 -8.7422777e-08 0 -1
 0 4 16 3
 -15.263776 9.3016357 3.3059194
 0.51473868 0.85734707 -1.1995155e-07
 0.85734713 -0.51473886 -2.9951764e-08
 -8.7422777e-08 0 -1
 0 4 16 4
 -15.263776 9.3016357 -3.0694807
 0.51473868 0.85734707 -1.1995155e-07
 0.85734713 -0.51473886 -2.9951764e-08
 -8.7422777e-08 0 -1
 0 4 16 5
 -15.263777 9.3016357 -9.4448776
 0.51473868 0.85734707 -1.1995155e-07
 0.85734713 -0.51473886 -2.9951764e-08
 -8.7422777e-08 0 -1
 0 4 16 6
 -15.263777 9.3016357 -15.820278
 0.51473868 0.85734707 -1.1995155e-07
 0.85734713 -0.51473886 -2.9951764e-08
 -8.7422777e-08 0 -1
 0 4 17 1
 -15.692873 5.673594 16.004601
 0.3323257 0.94316465 -1.1150691e-07
 0.94316465 -0.33232585 -5.3401223e-08
 -8.7422777e-08 0 -1
 0 4 17 2
 -15.692874 5.673594 9.6292
 0.3323257 0.94316465 -1.1150691e-07
 0.94316465 -0.33232585 -5.3401223e-08
 -8.7422777e-08 0 -1
 0 4 17 3
 -15.692874 5.673594 3.2537999
 0.3323257 0.94316465 -1.1150691e-07
 0.94316465 -0.33232585 -5.3401223e-08
 -8.7422777e-08 0 -1
 0 4 17 4
 -15.692876 5.673594 -3.1216002
 0.3323257 0.94316465 -1.1150691e-07
 0.94316465 -0.33232585 -5.3401223e-08
 -8.7422777e-08 0 -1
 0 4 17 5
 -15.692878 5.6735945 -9.4969997
 0.3323257 0.94316465 -1.1150691e-07
 0.94316465 -0.33232585 -5.3401223e-08
 -8.7422777e-08 0 -1
 0 4 17 6
 -15.692878 5.6735945 -15.8724
 0.3323257 0.94316465 -1.1150691e-07
 0.94316465 -0.33232585 -5.3401223e-08
 -8.7422777e-08 0 -1
 0 4 18 1
 -15.319288 1.9668195 16.040192
 0.12134955 0.9926098 -9.7385431e-08
 0.9926098 -0.12134969 -7.6167971e-08
 -8.7422777e-08 0 -1
 0 4 18 2
 -15.319288 1.9668195 9.6647892
 0.12134955 0.9926098 -9.7385431e-08
 0.9926098 -0.12134969 -7.6167971e-08
 -8.7422777e-08 0 -1
 0 4 18 3
 -15.319288 1.9668195 3.2893896
 0.12134955 0.9926098 -9.7385431e-08
 0.9926098 -0.12134969 -7.6167971e-08
 -8.7422777e-08 0 -1
 0 4 18 4
 -15.319288 1.9668195 -3.0860105
 0.12134955 0.9926098 -9.7385431e-08
 0.9926098 -0.12134969 -7.6167971e-08
 -8.7422777e-08 0 -1
 0 4 18 5
 -15.319288 1.9668195 -9.4614105
 0.12134955 0.9926098 -9.7385431e-08
 0.9926098 -0.12134969 -7.6167971e-08
 -8.7422777e-08 0 -1
 0 4 18 6
 -15.31929 1.9668195 -15.836811
 0.12134955 0.9926098 -9.7385431e-08
 0.9926098 -0.12134969 -7.6167971e-08
 -8.7422777e-08 0 -1
 0 4 19 1
 -17.81555 -1.4725704 16.037598
 -0.088372804 0.99608749 -7.9354955e-08
 0.99608749 0.088372715 -9.4806531e-08
 -8.7422777e-08 0 -1
 0 4 19 2
 -17.81555 -1.4725704 9.6621952
 -0.088372804 0.99608749 -7.9354955e-08
 0.99608749 0.088372715 -9.4806531e-08
 -8.7422777e-08 0 -1
 0 4 19 3
 -17.81555 -1.4725704 3.286797
 -0.088372804 0.99608749 -7.9354955e-08
 0.99608749 0.088372715 -9.4806531e-08
 -8.7422777e-08 0 -1
 0 4 19 4
 -17.815552 -1.4725704 -3.088603
 -0.088372804 0.99608749 -7.9354955e-08
 0.99608749 0.088372715 -9.4806531e-08
 -8.7422777e-08 0 -1
 0 4 19 5
 -17.815552 -1.4725704 -9.4640045
 -0.088372804 0.99608749 -7.9354955e-08
 0.99608749 0.088372715 -9.4806531e-08
 -8.7422777e-08 0 -1
 0 4 19 6
 -17.815552 -1.4725704 -15.839405
 -0.088372804 0.99608749 -7.9354955e-08
 0.99608749 0.088372715 -9.4806531e-08
 -8.7422777e-08 0 -1
 0 4 20 1
 -16.096367 -4.6936893 16.034609
 -0.28635737 0.95812291 -5.8727615e-08
 0.95812291 0.28635728 -1.0879592e-07
 -8.7422777e-08 0 -1
 0 4 20 2
 -16.096367 -4.6936893 9.6592083
 -0.28635737 0.95812291 -5.8727615e-08
 0.95812291 0.28635728 -1.0879592e-07
 -8.7422777e-08 0 -1
 0 4 20 3
 -16.096367 -4.6936893 3.2838082
 -0.28635737 0.95812291 -5.8727615e-08
 0.95812291 0.28635728 -1.0879592e-07
 -8.7422777e-08 0 -1
 0 4 20 4
 -16.096367 -4.6936893 -3.0915918
 -0.28635737 0.95812291 -5.8727615e-08
 0.95812291 0.28635728 -1.0879592e-07
 -8.7422777e-08 0 -1
 0 4 20 5
 -16.096369 -4.6936893 -9.4669914
 -0.28635737 0.95812291 -5.8727615e-08
 0.95812291 0.28635728 -1.0879592e-07
 -8.7422777e-08 0 -1
 0 4 20 6
 -16.096369 -4.6936893 -15.842392
 -0.28635737 0.95812291 -5.8727615e-08
 0.95812291 0.28635728 -1.0879592e-07
 -8.7422777e-08 0 -1
 0 4 21 1
 -13.648447 -7.4570699 16.021791
 -0.48603049 0.8739419 -3.3912293e-08
 0.87394184 0.48603034 -1.1889255e-07
 -8.7422777e-08 0 -1
 0 4 21 2
 -13.648447 -7.4570699 9.6463919
 -0.48603049 0.8739419 -3.3912293e-08
 0.87394184 0.48603034 -1.1889255e-07
 -8.7422777e-08 0 -1
 0 4 21 3
 -13.648447 -7.4570699 3.2709923
 -0.48603049 0.8739419 -3.3912293e-08
 0.87394184 0.48603034 -1.1889255e-07
 -8.7422777e-08 0 -1
 0 4 21 4
 -13.648447 -7.4570699 -3.1044078
 -0.48603049 0.8739419 -3.3912293e-08
 0.87394184 0.48603034 -1.1889255e-07
 -8.7422777e-08 0 -1
 0 4 21 5
 -13.648447 -7.4570699 -9.4798079
 -0.48603049 0.8739419 -3.3912293e-08
 0.87394184 0.48603034 -1.1889255e-07
 -8.7422777e-08 0 -1
 0 4 21 6
 -13.648449 -7.4570699 -15.855208
 -0.48603049 0.8739419 -3.3912293e-08
 0.87394184 0.48603034 -1.1889255e-07
 -8.7422777e-08 0 -1
 0 4 22 1
 -13.583786 -11.680637 16.024567
