 SVX cage parameters:
     2.20000
     0.50000     0.20000
     0.00000
           6
   -40.00000   -26.50000   -26.50000    26.50000    26.50000    40.00000
    53.00000    53.00000    22.14782    22.14782    53.00000    53.00000
     0.00000     0.00000     0.00000
 SVX barrel parameters:
           4
     2.63000     5.19260    11.76500    16.68700     1.14100
     0.00000     0.00000     0.00000     0.00000
           4           4           5           6
     0.69600     0.69600     1.74500     1.74500
     0.01000     0.01000     0.03125     0.03125
     2.83600     2.83600     3.18770     3.18770
     0.01900     0.01900     0.00000     0.00000
     0.02000     0.02000     0.00000     0.00000
    26.70000    13.62600    17.00000    12.00000
   -13.00000   -12.98000     0.00000     0.00000
           2
           5           5
     0.00000   180.00000
           2
          10          10
     0.00000   180.00000
           2
           8           8
     0.00000   180.00000
           2
          12          12
     0.00000   180.00000
 SVX barrel sensor rotation matrices and translation vectors:
           0           1           1           1
     1.58309    -2.10648     8.59585
     0.64812     0.76154    -0.00040
    -0.76154     0.64812     0.00076
     0.00084    -0.00019     1.00000
           0           1           1           2
     1.57832    -2.10539     2.90385
     0.64812     0.76154    -0.00040
    -0.76154     0.64812     0.00076
     0.00084    -0.00019     1.00000
           0           1           1           3
     1.57356    -2.10431    -2.78815
     0.64812     0.76154    -0.00040
    -0.76154     0.64812     0.00076
     0.00084    -0.00019     1.00000
           0           1           1           4
     1.56879    -2.10322    -8.48015
     0.64812     0.76154    -0.00040
    -0.76154     0.64812     0.00076
     0.00084    -0.00019     1.00000
           0           1           2           1
     2.36459    -1.17678     8.59537
     0.23684     0.97155    -0.00001
    -0.97155     0.23684     0.00086
     0.00084    -0.00019     1.00000
           0           1           2           2
     2.35982    -1.17569     2.90337
     0.23684     0.97155    -0.00001
    -0.97155     0.23684     0.00086
     0.00084    -0.00019     1.00000
           0           1           2           3
     2.35506    -1.17461    -2.78862
     0.23684     0.97155    -0.00001
    -0.97155     0.23684     0.00086
     0.00084    -0.00019     1.00000
           0           1           2           4
     2.35029    -1.17352    -8.48062
     0.23684     0.97155    -0.00001
    -0.97155     0.23684     0.00086
     0.00084    -0.00019     1.00000
           0           1           3           1
     2.64502     0.00493     8.59536
    -0.22495     0.97437     0.00037
    -0.97437    -0.22495     0.00077
     0.00084    -0.00019     1.00000
           0           1           3           2
     2.64025     0.00602     2.90336
    -0.22495     0.97437     0.00037
    -0.97437    -0.22495     0.00077
     0.00084    -0.00019     1.00000
           0           1           3           3
     2.63549     0.00710    -2.78863
    -0.22495     0.97437     0.00037
    -0.97437    -0.22495     0.00077
     0.00084    -0.00019     1.00000
           0           1           3           4
     2.63072     0.00819    -8.48063
    -0.22495     0.97437     0.00037
    -0.97437    -0.22495     0.00077
     0.00084    -0.00019     1.00000
           0           1           4           1
     2.36459     1.18664     8.59582
    -0.63877     0.76940     0.00068
    -0.76940    -0.63877     0.00052
     0.00084    -0.00019     1.00000
           0           1           4           2
     2.35982     1.18773     2.90382
    -0.63877     0.76940     0.00068
    -0.76940    -0.63877     0.00052
     0.00084    -0.00019     1.00000
           0           1           4           3
     2.35506     1.18881    -2.78817
    -0.63877     0.76940     0.00068
    -0.76940    -0.63877     0.00052
     0.00084    -0.00019     1.00000
           0           1           4           4
     2.35029     1.18990    -8.48017
    -0.63877     0.76940     0.00068
    -0.76940    -0.63877     0.00052
     0.00084    -0.00019     1.00000
           0           1           5           1
     1.58309     2.11634     8.59665
    -0.91636     0.40035     0.00084
    -0.40035    -0.91636     0.00016
     0.00084    -0.00019     1.00000
           0           1           5           2
     1.57833     2.11743     2.90465
    -0.91636     0.40035     0.00084
    -0.40035    -0.91636     0.00016
     0.00084    -0.00019     1.00000
           0           1           5           3
     1.57356     2.11851    -2.78734
    -0.91636     0.40035     0.00084
    -0.40035    -0.91636     0.00016
     0.00084    -0.00019     1.00000
           0           1           5           4
     1.56879     2.11960    -8.47934
    -0.91636     0.40035     0.00084
    -0.40035    -0.91636     0.00016
     0.00084    -0.00019     1.00000
           0           1           6           1
    -1.59467     2.10513    -8.59193
     0.91636     0.40035    -0.00054
     0.40035    -0.91636    -0.00110
    -0.00093     0.00079    -1.00000
           0           1           6           2
    -1.58938     2.10062    -2.89993
     0.91636     0.40035    -0.00054
     0.40035    -0.91636    -0.00110
    -0.00093     0.00079    -1.00000
           0           1           6           3
    -1.58408     2.09610     2.79207
     0.91636     0.40035    -0.00054
     0.40035    -0.91636    -0.00110
    -0.00093     0.00079    -1.00000
           0           1           6           4
    -1.57878     2.09158     8.48406
     0.91636     0.40035    -0.00054
     0.40035    -0.91636    -0.00110
    -0.00093     0.00079    -1.00000
           0           1           7           1
    -2.37617     1.17543    -8.59194
     0.63877     0.76940     0.00002
     0.76940    -0.63877    -0.00122
    -0.00093     0.00079    -1.00000
           0           1           7           2
    -2.37088     1.17092    -2.89994
     0.63877     0.76940     0.00002
     0.76940    -0.63877    -0.00122
    -0.00093     0.00079    -1.00000
           0           1           7           3
    -2.36558     1.16640     2.79206
     0.63877     0.76940     0.00002
     0.76940    -0.63877    -0.00122
    -0.00093     0.00079    -1.00000
           0           1           7           4
    -2.36028     1.16189     8.48405
     0.63877     0.76940     0.00002
     0.76940    -0.63877    -0.00122
    -0.00093     0.00079    -1.00000
           0           1           8           1
    -2.65661    -0.00627    -8.59261
     0.22495     0.97437     0.00056
     0.97437    -0.22495    -0.00109
    -0.00093     0.00079    -1.00000
           0           1           8           2
    -2.65131    -0.01079    -2.90062
     0.22495     0.97437     0.00056
     0.97437    -0.22495    -0.00109
    -0.00093     0.00079    -1.00000
           0           1           8           3
    -2.64601    -0.01531     2.79138
     0.22495     0.97437     0.00056
     0.97437    -0.22495    -0.00109
    -0.00093     0.00079    -1.00000
           0           1           8           4
    -2.64071    -0.01982     8.48337
     0.22495     0.97437     0.00056
     0.97437    -0.22495    -0.00109
    -0.00093     0.00079    -1.00000
           0           1           9           1
    -2.37618    -1.18798    -8.59381
    -0.23684     0.97155     0.00099
     0.97155     0.23684    -0.00072
    -0.00093     0.00079    -1.00000
           0           1           9           2
    -2.37088    -1.19250    -2.90181
    -0.23684     0.97155     0.00099
     0.97155     0.23684    -0.00072
    -0.00093     0.00079    -1.00000
           0           1           9           3
    -2.36558    -1.19702     2.79018
    -0.23684     0.97155     0.00099
     0.97155     0.23684    -0.00072
    -0.00093     0.00079    -1.00000
           0           1           9           4
    -2.36029    -1.20153     8.48218
    -0.23684     0.97155     0.00099
     0.97155     0.23684    -0.00072
    -0.00093     0.00079    -1.00000
           0           1          10           1
    -1.59468    -2.11768    -8.59528
    -0.64812     0.76154     0.00121
     0.76154     0.64812    -0.00019
    -0.00093     0.00079    -1.00000
           0           1          10           2
    -1.58938    -2.12220    -2.90328
    -0.64812     0.76154     0.00121
     0.76154     0.64812    -0.00019
    -0.00093     0.00079    -1.00000
           0           1          10           3
    -1.58408    -2.12672     2.78872
    -0.64812     0.76154     0.00121
     0.76154     0.64812    -0.00019
    -0.00093     0.00079    -1.00000
           0           1          10           4
    -1.57879    -2.13123     8.48071
    -0.64812     0.76154     0.00121
     0.76154     0.64812    -0.00019
    -0.00093     0.00079    -1.00000
           0           2           1           1
     2.50728    -4.55048     8.59461
     0.74707     0.66475    -0.00050
    -0.66475     0.74707     0.00070
     0.00084    -0.00019     1.00000
           0           2           1           2
     2.50251    -4.54939     2.90261
     0.74707     0.66475    -0.00050
    -0.66475     0.74707     0.00070
     0.00084    -0.00019     1.00000
           0           2           1           3
     2.49775    -4.54831    -2.78939
     0.74707     0.66475    -0.00050
    -0.66475     0.74707     0.00070
     0.00084    -0.00019     1.00000
           0           2           1           4
     2.49298    -4.54722    -8.48138
     0.74707     0.66475    -0.00050
    -0.66475     0.74707     0.00070
     0.00084    -0.00019     1.00000
           0           2           2           1
     3.51031    -3.83513     8.59391
     0.56944     0.82203    -0.00032
    -0.82203     0.56944     0.00080
     0.00084    -0.00019     1.00000
           0           2           2           2
     3.50554    -3.83404     2.90191
     0.56944     0.82203    -0.00032
    -0.82203     0.56944     0.00080
     0.00084    -0.00019     1.00000
           0           2           2           3
     3.50078    -3.83296    -2.79009
     0.56944     0.82203    -0.00032
    -0.82203     0.56944     0.00080
     0.00084    -0.00019     1.00000
           0           2           2           4
     3.49601    -3.83187    -8.48209
     0.56944     0.82203    -0.00032
    -0.82203     0.56944     0.00080
     0.00084    -0.00019     1.00000
           0           2           3           1
     4.31658    -2.90362     8.59341
     0.35975     0.93305    -0.00012
    -0.93305     0.35975     0.00085
     0.00084    -0.00019     1.00000
           0           2           3           2
     4.31181    -2.90253     2.90141
     0.35975     0.93305    -0.00012
    -0.93305     0.35975     0.00085
     0.00084    -0.00019     1.00000
           0           2           3           3
     4.30705    -2.90145    -2.79059
     0.35975     0.93305    -0.00012
    -0.93305     0.35975     0.00085
     0.00084    -0.00019     1.00000
           0           2           3           4
     4.30228    -2.90036    -8.48259
     0.35975     0.93305    -0.00012
    -0.93305     0.35975     0.00085
     0.00084    -0.00019     1.00000
           0           2           4           1
     4.88072    -1.80838     8.59314
     0.12982     0.99154     0.00008
    -0.99154     0.12982     0.00085
     0.00084    -0.00019     1.00000
           0           2           4           2
     4.87595    -1.80729     2.90115
     0.12982     0.99154     0.00008
    -0.99154     0.12982     0.00085
     0.00084    -0.00019     1.00000
           0           2           4           3
     4.87119    -1.80621    -2.79085
     0.12982     0.99154     0.00008
    -0.99154     0.12982     0.00085
     0.00084    -0.00019     1.00000
           0           2           4           4
     4.86642    -1.80512    -8.48285
     0.12982     0.99154     0.00008
    -0.99154     0.12982     0.00085
     0.00084    -0.00019     1.00000
           0           2           5           1
     5.17095    -0.61106     8.59313
    -0.10743     0.99421     0.00028
    -0.99421    -0.10743     0.00081
     0.00084    -0.00019     1.00000
           0           2           5           2
     5.16618    -0.60997     2.90113
    -0.10743     0.99421     0.00028
    -0.99421    -0.10743     0.00081
     0.00084    -0.00019     1.00000
           0           2           5           3
     5.16142    -0.60889    -2.79087
    -0.10743     0.99421     0.00028
    -0.99421    -0.10743     0.00081
     0.00084    -0.00019     1.00000
           0           2           5           4
     5.15665    -0.60780    -8.48286
    -0.10743     0.99421     0.00028
    -0.99421    -0.10743     0.00081
     0.00084    -0.00019     1.00000
           0           2           6           1
     5.17095     0.62092     8.59336
    -0.33862     0.94092     0.00046
    -0.94092    -0.33862     0.00072
     0.00084    -0.00019     1.00000
           0           2           6           2
     5.16618     0.62201     2.90137
    -0.33862     0.94092     0.00046
    -0.94092    -0.33862     0.00072
     0.00084    -0.00019     1.00000
           0           2           6           3
     5.16142     0.62309    -2.79063
    -0.33862     0.94092     0.00046
    -0.94092    -0.33862     0.00072
     0.00084    -0.00019     1.00000
           0           2           6           4
     5.15665     0.62418    -8.48263
    -0.33862     0.94092     0.00046
    -0.94092    -0.33862     0.00072
     0.00084    -0.00019     1.00000
           0           2           7           1
     4.88072     1.81824     8.59383
    -0.55076     0.83467     0.00062
    -0.83467    -0.55076     0.00059
     0.00084    -0.00019     1.00000
           0           2           7           2
     4.87595     1.81933     2.90184
    -0.55076     0.83467     0.00062
    -0.83467    -0.55076     0.00059
     0.00084    -0.00019     1.00000
           0           2           7           3
     4.87119     1.82041    -2.79016
    -0.55076     0.83467     0.00062
    -0.83467    -0.55076     0.00059
     0.00084    -0.00019     1.00000
           0           2           7           4
     4.86642     1.82150    -8.48216
    -0.55076     0.83467     0.00062
    -0.83467    -0.55076     0.00059
     0.00084    -0.00019     1.00000
           0           2           8           1
     4.31658     2.91348     8.59452
    -0.73189     0.68142     0.00074
    -0.68142    -0.73189     0.00043
     0.00084    -0.00019     1.00000
           0           2           8           2
     4.31181     2.91457     2.90252
    -0.73189     0.68142     0.00074
    -0.68142    -0.73189     0.00043
     0.00084    -0.00019     1.00000
           0           2           8           3
     4.30705     2.91565    -2.78948
    -0.73189     0.68142     0.00074
    -0.68142    -0.73189     0.00043
     0.00084    -0.00019     1.00000
           0           2           8           4
     4.30228     2.91674    -8.48148
    -0.73189     0.68142     0.00074
    -0.68142    -0.73189     0.00043
     0.00084    -0.00019     1.00000
           0           2           9           1
     3.51031     3.84499     8.59537
    -0.87182     0.48982     0.00082
    -0.48982    -0.87182     0.00024
     0.00084    -0.00019     1.00000
           0           2           9           2
     3.50554     3.84608     2.90337
    -0.87182     0.48982     0.00082
    -0.48982    -0.87182     0.00024
     0.00084    -0.00019     1.00000
           0           2           9           3
     3.50078     3.84716    -2.78863
    -0.87182     0.48982     0.00082
    -0.48982    -0.87182     0.00024
     0.00084    -0.00019     1.00000
           0           2           9           4
     3.49601     3.84825    -8.48063
    -0.87182     0.48982     0.00082
    -0.48982    -0.87182     0.00024
     0.00084    -0.00019     1.00000
           0           2          10           1
     2.50728     4.56034     8.59634
    -0.96268     0.27065     0.00086
    -0.27065    -0.96268     0.00004
     0.00084    -0.00019     1.00000
           0           2          10           2
     2.50252     4.56143     2.90435
    -0.96268     0.27065     0.00086
    -0.27065    -0.96268     0.00004
     0.00084    -0.00019     1.00000
           0           2          10           3
     2.49775     4.56251    -2.78765
    -0.96268     0.27065     0.00086
    -0.27065    -0.96268     0.00004
     0.00084    -0.00019     1.00000
           0           2          10           4
     2.49298     4.56360    -8.47965
    -0.96268     0.27065     0.00086
    -0.27065    -0.96268     0.00004
     0.00084    -0.00019     1.00000
           0           2          11           1
    -2.51886     4.54913    -8.58913
     0.96268     0.27065    -0.00068
     0.27065    -0.96268    -0.00102
    -0.00093     0.00079    -1.00000
           0           2          11           2
    -2.51357     4.54462    -2.89713
     0.96268     0.27065    -0.00068
     0.27065    -0.96268    -0.00102
    -0.00093     0.00079    -1.00000
           0           2          11           3
    -2.50827     4.54010     2.79487
     0.96268     0.27065    -0.00068
     0.27065    -0.96268    -0.00102
    -0.00093     0.00079    -1.00000
           0           2          11           4
    -2.50297     4.53558     8.48686
     0.96268     0.27065    -0.00068
     0.27065    -0.96268    -0.00102
    -0.00093     0.00079    -1.00000
           0           2          12           1
    -3.52189     3.83378    -8.58876
     0.87182     0.48982    -0.00042
     0.48982    -0.87182    -0.00115
    -0.00093     0.00079    -1.00000
           0           2          12           2
    -3.51660     3.82927    -2.89676
     0.87182     0.48982    -0.00042
     0.48982    -0.87182    -0.00115
    -0.00093     0.00079    -1.00000
           0           2          12           3
    -3.51130     3.82475     2.79523
     0.87182     0.48982    -0.00042
     0.48982    -0.87182    -0.00115
    -0.00093     0.00079    -1.00000
           0           2          12           4
    -3.50600     3.82023     8.48723
     0.87182     0.48982    -0.00042
     0.48982    -0.87182    -0.00115
    -0.00093     0.00079    -1.00000
           0           2          13           1
    -4.32816     2.90227    -8.58875
     0.73189     0.68142    -0.00014
     0.68142    -0.73189    -0.00121
    -0.00093     0.00079    -1.00000
           0           2          13           2
    -4.32287     2.89776    -2.89675
     0.73189     0.68142    -0.00014
     0.68142    -0.73189    -0.00121
    -0.00093     0.00079    -1.00000
           0           2          13           3
    -4.31757     2.89324     2.79524
     0.73189     0.68142    -0.00014
     0.68142    -0.73189    -0.00121
    -0.00093     0.00079    -1.00000
           0           2          13           4
    -4.31227     2.88872     8.48724
     0.73189     0.68142    -0.00014
     0.68142    -0.73189    -0.00121
    -0.00093     0.00079    -1.00000
           0           2          14           1
    -4.89230     1.80703    -8.58909
     0.55076     0.83467     0.00015
     0.83466    -0.55076    -0.00121
    -0.00093     0.00079    -1.00000
           0           2          14           2
    -4.88701     1.80252    -2.89710
     0.55076     0.83467     0.00015
     0.83466    -0.55076    -0.00121
    -0.00093     0.00079    -1.00000
           0           2          14           3
    -4.88171     1.79800     2.79490
     0.55076     0.83467     0.00015
     0.83466    -0.55076    -0.00121
    -0.00093     0.00079    -1.00000
           0           2          14           4
    -4.87641     1.79349     8.48689
     0.55076     0.83467     0.00015
     0.83466    -0.55076    -0.00121
    -0.00093     0.00079    -1.00000
           0           2          15           1
    -5.18253     0.60973    -8.58977
     0.33862     0.94092     0.00043
     0.94092    -0.33862    -0.00114
    -0.00093     0.00079    -1.00000
           0           2          15           2
    -5.17724     0.60521    -2.89778
     0.33862     0.94092     0.00043
     0.94092    -0.33862    -0.00114
    -0.00093     0.00079    -1.00000
           0           2          15           3
    -5.17194     0.60069     2.79422
     0.33862     0.94092     0.00043
     0.94092    -0.33862    -0.00114
    -0.00093     0.00079    -1.00000
           0           2          15           4
    -5.16664     0.59618     8.48621
     0.33862     0.94092     0.00043
     0.94092    -0.33862    -0.00114
    -0.00093     0.00079    -1.00000
           0           2          16           1
    -5.18253    -0.62226    -8.59075
     0.10743     0.99421     0.00069
     0.99421    -0.10743    -0.00101
    -0.00093     0.00079    -1.00000
           0           2          16           2
    -5.17724    -0.62678    -2.89875
     0.10743     0.99421     0.00069
     0.99421    -0.10743    -0.00101
    -0.00093     0.00079    -1.00000
           0           2          16           3
    -5.17194    -0.63130     2.79324
     0.10743     0.99421     0.00069
     0.99421    -0.10743    -0.00101
    -0.00093     0.00079    -1.00000
           0           2          16           4
    -5.16664    -0.63581     8.48524
     0.10743     0.99421     0.00069
     0.99421    -0.10743    -0.00101
    -0.00093     0.00079    -1.00000
           0           2          17           1
    -4.89231    -1.81957    -8.59197
    -0.12982     0.99154     0.00091
     0.99154     0.12982    -0.00082
    -0.00093     0.00079    -1.00000
           0           2          17           2
    -4.88701    -1.82409    -2.89997
    -0.12982     0.99154     0.00091
     0.99154     0.12982    -0.00082
    -0.00093     0.00079    -1.00000
           0           2          17           3
    -4.88171    -1.82861     2.79202
    -0.12982     0.99154     0.00091
     0.99154     0.12982    -0.00082
    -0.00093     0.00079    -1.00000
           0           2          17           4
    -4.87642    -1.83312     8.48402
    -0.12982     0.99154     0.00091
     0.99154     0.12982    -0.00082
    -0.00093     0.00079    -1.00000
           0           2          18           1
    -4.32818    -2.91481    -8.59336
    -0.35975     0.93305     0.00108
     0.93305     0.35975    -0.00058
    -0.00093     0.00079    -1.00000
           0           2          18           2
    -4.32288    -2.91933    -2.90137
    -0.35975     0.93305     0.00108
     0.93305     0.35975    -0.00058
    -0.00093     0.00079    -1.00000
           0           2          18           3
    -4.31757    -2.92385     2.79063
    -0.35975     0.93305     0.00108
     0.93305     0.35975    -0.00058
    -0.00093     0.00079    -1.00000
           0           2          18           4
    -4.31228    -2.92836     8.48262
    -0.35975     0.93305     0.00108
     0.93305     0.35975    -0.00058
    -0.00093     0.00079    -1.00000
           0           2          19           1
    -3.52190    -3.84633    -8.59485
    -0.56944     0.82203     0.00118
     0.82203     0.56944    -0.00031
    -0.00093     0.00079    -1.00000
           0           2          19           2
    -3.51660    -3.85085    -2.90286
    -0.56944     0.82203     0.00118
     0.82203     0.56944    -0.00031
    -0.00093     0.00079    -1.00000
           0           2          19           3
    -3.51130    -3.85537     2.78914
    -0.56944     0.82203     0.00118
     0.82203     0.56944    -0.00031
    -0.00093     0.00079    -1.00000
           0           2          19           4
    -3.50601    -3.85988     8.48113
    -0.56944     0.82203     0.00118
     0.82203     0.56944    -0.00031
    -0.00093     0.00079    -1.00000
           0           2          20           1
    -2.51887    -4.56168    -8.59636
    -0.74707     0.66475     0.00122
     0.66475     0.74707    -0.00003
    -0.00093     0.00079    -1.00000
           0           2          20           2
    -2.51357    -4.56620    -2.90436
    -0.74707     0.66475     0.00122
     0.66475     0.74707    -0.00003
    -0.00093     0.00079    -1.00000
           0           2          20           3
    -2.50828    -4.57072     2.78764
    -0.74707     0.66475     0.00122
     0.66475     0.74707    -0.00003
    -0.00093     0.00079    -1.00000
           0           2          20           4
    -2.50298    -4.57523     8.47963
    -0.74707     0.66475     0.00122
     0.66475     0.74707    -0.00003
    -0.00093     0.00079    -1.00000
           0           3           1           1
     5.64855   -10.32632    12.80368
    -0.87807    -0.47854     0.00064
    -0.47854     0.87807     0.00057
    -0.00084     0.00019    -1.00000
           0           3           1           2
     5.64322   -10.32510     6.42828
    -0.87807    -0.47854     0.00064
    -0.47854     0.87807     0.00057
    -0.00084     0.00019    -1.00000
           0           3           1           3
     5.63788   -10.32389     0.05289
    -0.87807    -0.47854     0.00064
    -0.47854     0.87807     0.00057
    -0.00084     0.00019    -1.00000
           0           3           1           4
     5.63254   -10.32268    -6.32251
    -0.87807    -0.47854     0.00064
    -0.47854     0.87807     0.00057
    -0.00084     0.00019    -1.00000
           0           3           1           5
     5.62720   -10.32146   -12.69791
    -0.87807    -0.47854     0.00064
    -0.47854     0.87807     0.00057
    -0.00084     0.00019    -1.00000
           0           3           2           1
     7.56921    -7.12870    12.80268
    -0.68671    -0.72693     0.00044
    -0.72693     0.68671     0.00074
    -0.00084     0.00019    -1.00000
           0           3           2           2
     7.56388    -7.12748     6.42728
    -0.68671    -0.72693     0.00044
    -0.72693     0.68671     0.00074
    -0.00084     0.00019    -1.00000
           0           3           2           3
     7.55854    -7.12627     0.05189
    -0.68671    -0.72693     0.00044
    -0.72693     0.68671     0.00074
    -0.00084     0.00019    -1.00000
           0           3           2           4
     7.55320    -7.12506    -6.32351
    -0.68671    -0.72693     0.00044
    -0.72693     0.68671     0.00074
    -0.00084     0.00019    -1.00000
           0           3           2           5
     7.54786    -7.12384   -12.69891
    -0.68671    -0.72693     0.00044
    -0.72693     0.68671     0.00074
    -0.00084     0.00019    -1.00000
           0           3           3           1
    11.54553    -5.67035    12.79963
    -0.44166    -0.89718     0.00020
    -0.89718     0.44166     0.00084
    -0.00084     0.00019    -1.00000
           0           3           3           2
    11.54020    -5.66913     6.42423
    -0.44166    -0.89718     0.00020
    -0.89718     0.44166     0.00084
    -0.00084     0.00019    -1.00000
           0           3           3           3
    11.53485    -5.66792     0.04883
    -0.44166    -0.89718     0.00020
    -0.89718     0.44166     0.00084
    -0.00084     0.00019    -1.00000
           0           3           3           4
    11.52951    -5.66671    -6.32656
    -0.44166    -0.89718     0.00020
    -0.89718     0.44166     0.00084
    -0.00084     0.00019    -1.00000
           0           3           3           5
    11.52417    -5.66549   -12.70196
    -0.44166    -0.89718     0.00020
    -0.89718     0.44166     0.00084
    -0.00084     0.00019    -1.00000
           0           3           4           1
    11.59942    -2.06917    12.80027
    -0.17623    -0.98435    -0.00004
    -0.98435     0.17623     0.00086
    -0.00084     0.00019    -1.00000
           0           3           4           2
    11.59409    -2.06795     6.42487
    -0.17623    -0.98435    -0.00004
    -0.98435     0.17623     0.00086
    -0.00084     0.00019    -1.00000
           0           3           4           3
    11.58875    -2.06674     0.04948
    -0.17623    -0.98435    -0.00004
    -0.98435     0.17623     0.00086
    -0.00084     0.00019    -1.00000
           0           3           4           4
    11.58341    -2.06553    -6.32592
    -0.17623    -0.98435    -0.00004
    -0.98435     0.17623     0.00086
    -0.00084     0.00019    -1.00000
           0           3           4           5
    11.57807    -2.06431   -12.70132
    -0.17623    -0.98435    -0.00004
    -0.98435     0.17623     0.00086
    -0.00084     0.00019    -1.00000
           0           3           5           1
    10.30721     1.42997    12.80202
     0.13727    -0.99053    -0.00030
    -0.99053    -0.13727     0.00080
    -0.00084     0.00019    -1.00000
           0           3           5           2
    10.30188     1.43119     6.42662
     0.13727    -0.99053    -0.00030
    -0.99053    -0.13727     0.00080
    -0.00084     0.00019    -1.00000
           0           3           5           3
    10.29654     1.43240     0.05122
     0.13727    -0.99053    -0.00030
    -0.99053    -0.13727     0.00080
    -0.00084     0.00019    -1.00000
           0           3           5           4
    10.29120     1.43361    -6.32417
     0.13727    -0.99053    -0.00030
    -0.99053    -0.13727     0.00080
    -0.00084     0.00019    -1.00000
           0           3           5           5
    10.28586     1.43483   -12.69957
     0.13727    -0.99053    -0.00030
    -0.99053    -0.13727     0.00080
    -0.00084     0.00019    -1.00000
           0           3           6           1
    11.65804     5.44409    12.80165
     0.42341    -0.90594    -0.00053
    -0.90594    -0.42341     0.00068
    -0.00084     0.00019    -1.00000
           0           3           6           2
    11.65271     5.44531     6.42625
     0.42341    -0.90594    -0.00053
    -0.90594    -0.42341     0.00068
    -0.00084     0.00019    -1.00000
           0           3           6           3
    11.64737     5.44652     0.05086
     0.42341    -0.90594    -0.00053
    -0.90594    -0.42341     0.00068
    -0.00084     0.00019    -1.00000
           0           3           6           4
    11.64203     5.44773    -6.32454
     0.42341    -0.90594    -0.00053
    -0.90594    -0.42341     0.00068
    -0.00084     0.00019    -1.00000
           0           3           6           5
    11.63669     5.44895   -12.69994
     0.42341    -0.90594    -0.00053
    -0.90594    -0.42341     0.00068
    -0.00084     0.00019    -1.00000
           0           3           7           1
     8.88287     7.73970    12.80441
     0.65751    -0.75345    -0.00069
    -0.75345    -0.65751     0.00051
    -0.00084     0.00019    -1.00000
           0           3           7           2
     8.87753     7.74092     6.42902
     0.65751    -0.75345    -0.00069
    -0.75345    -0.65751     0.00051
    -0.00084     0.00019    -1.00000
           0           3           7           3
     8.87219     7.74213     0.05362
     0.65751    -0.75345    -0.00069
    -0.75345    -0.65751     0.00051
    -0.00084     0.00019    -1.00000
           0           3           7           4
     8.86685     7.74334    -6.32178
     0.65751    -0.75345    -0.00069
    -0.75345    -0.65751     0.00051
    -0.00084     0.00019    -1.00000
           0           3           7           5
     8.86152     7.74456   -12.69718
     0.65751    -0.75345    -0.00069
    -0.75345    -0.65751     0.00051
    -0.00084     0.00019    -1.00000
           0           3           8           1
     5.34492     8.92150    12.80760
     0.85851    -0.51279    -0.00082
    -0.51279    -0.85851     0.00027
    -0.00084     0.00019    -1.00000
           0           3           8           2
     5.33958     8.92272     6.43220
     0.85851    -0.51279    -0.00082
    -0.51279    -0.85851     0.00027
    -0.00084     0.00019    -1.00000
           0           3           8           3
     5.33424     8.92393     0.05680
     0.85851    -0.51279    -0.00082
    -0.51279    -0.85851     0.00027
    -0.00084     0.00019    -1.00000
           0           3           8           4
     5.32890     8.92514    -6.31859
     0.85851    -0.51279    -0.00082
    -0.51279    -0.85851     0.00027
    -0.00084     0.00019    -1.00000
           0           3           8           5
     5.32357     8.92636   -12.69399
     0.85851    -0.51279    -0.00082
    -0.51279    -0.85851     0.00027
    -0.00084     0.00019    -1.00000
           0           3           9           1
    -5.35689     8.91444   -12.79582
    -0.85851    -0.51279     0.00039
     0.51279    -0.85851    -0.00116
     0.00093    -0.00079     1.00000
           0           3           9           2
    -5.35096     8.90938    -6.42043
    -0.85851    -0.51279     0.00039
     0.51279    -0.85851    -0.00116
     0.00093    -0.00079     1.00000
           0           3           9           3
    -5.34502     8.90432    -0.04503
    -0.85851    -0.51279     0.00039
     0.51279    -0.85851    -0.00116
     0.00093    -0.00079     1.00000
           0           3           9           4
    -5.33909     8.89926     6.33036
    -0.85851    -0.51279     0.00039
     0.51279    -0.85851    -0.00116
     0.00093    -0.00079     1.00000
           0           3           9           5
    -5.33316     8.89420    12.70576
    -0.85851    -0.51279     0.00039
     0.51279    -0.85851    -0.00116
     0.00093    -0.00079     1.00000
           0           3          10           1
    -8.89484     7.73264   -12.79347
    -0.65751    -0.75345     0.00001
     0.75345    -0.65751    -0.00122
     0.00093    -0.00079     1.00000
           0           3          10           2
    -8.88890     7.72758    -6.41807
    -0.65751    -0.75345     0.00001
     0.75345    -0.65751    -0.00122
     0.00093    -0.00079     1.00000
           0           3          10           3
    -8.88297     7.72252    -0.04268
    -0.65751    -0.75345     0.00001
     0.75345    -0.65751    -0.00122
     0.00093    -0.00079     1.00000
           0           3          10           4
    -8.87704     7.71746     6.33272
    -0.65751    -0.75345     0.00001
     0.75345    -0.65751    -0.00122
     0.00093    -0.00079     1.00000
           0           3          10           5
    -8.87111     7.71240    12.70811
    -0.65751    -0.75345     0.00001
     0.75345    -0.65751    -0.00122
     0.00093    -0.00079     1.00000
           0           3          11           1
   -11.67002     5.43703   -12.79271
    -0.42341    -0.90594    -0.00032
     0.90594    -0.42341    -0.00118
     0.00093    -0.00079     1.00000
           0           3          11           2
   -11.66409     5.43197    -6.41731
    -0.42341    -0.90594    -0.00032
     0.90594    -0.42341    -0.00118
     0.00093    -0.00079     1.00000
           0           3          11           3
   -11.65815     5.42691    -0.04192
    -0.42341    -0.90594    -0.00032
     0.90594    -0.42341    -0.00118
     0.00093    -0.00079     1.00000
           0           3          11           4
   -11.65222     5.42185     6.33348
    -0.42341    -0.90594    -0.00032
     0.90594    -0.42341    -0.00118
     0.00093    -0.00079     1.00000
           0           3          11           5
   -11.64629     5.41679    12.70887
    -0.42341    -0.90594    -0.00032
     0.90594    -0.42341    -0.00118
     0.00093    -0.00079     1.00000
           0           3          12           1
   -10.31919     1.42291   -12.79715
    -0.13727    -0.99053    -0.00066
     0.99053    -0.13727    -0.00103
     0.00093    -0.00079     1.00000
           0           3          12           2
   -10.31326     1.41785    -6.42176
    -0.13727    -0.99053    -0.00066
     0.99053    -0.13727    -0.00103
     0.00093    -0.00079     1.00000
           0           3          12           3
   -10.30733     1.41279    -0.04636
    -0.13727    -0.99053    -0.00066
     0.99053    -0.13727    -0.00103
     0.00093    -0.00079     1.00000
           0           3          12           4
   -10.30139     1.40773     6.32903
    -0.13727    -0.99053    -0.00066
     0.99053    -0.13727    -0.00103
     0.00093    -0.00079     1.00000
           0           3          12           5
   -10.29546     1.40267    12.70443
    -0.13727    -0.99053    -0.00066
     0.99053    -0.13727    -0.00103
     0.00093    -0.00079     1.00000
           0           3          13           1
   -11.61140    -2.07623   -12.79873
     0.17623    -0.98435    -0.00095
     0.98435     0.17623    -0.00078
     0.00093    -0.00079     1.00000
           0           3          13           2
   -11.60547    -2.08129    -6.42333
     0.17623    -0.98435    -0.00095
     0.98435     0.17623    -0.00078
     0.00093    -0.00079     1.00000
           0           3          13           3
   -11.59954    -2.08635    -0.04793
     0.17623    -0.98435    -0.00095
     0.98435     0.17623    -0.00078
     0.00093    -0.00079     1.00000
           0           3          13           4
   -11.59361    -2.09141     6.32746
     0.17623    -0.98435    -0.00095
     0.98435     0.17623    -0.00078
     0.00093    -0.00079     1.00000
           0           3          13           5
   -11.58767    -2.09647    12.70286
     0.17623    -0.98435    -0.00095
     0.98435     0.17623    -0.00078
     0.00093    -0.00079     1.00000
           0           3          14           1
   -11.55751    -5.67741   -12.80163
     0.44166    -0.89718    -0.00112
     0.89718     0.44166    -0.00048
     0.00093    -0.00079     1.00000
           0           3          14           2
   -11.55157    -5.68247    -6.42624
     0.44166    -0.89718    -0.00112
     0.89718     0.44166    -0.00048
     0.00093    -0.00079     1.00000
           0           3          14           3
   -11.54564    -5.68753    -0.05084
     0.44166    -0.89718    -0.00112
     0.89718     0.44166    -0.00048
     0.00093    -0.00079     1.00000
           0           3          14           4
   -11.53971    -5.69259     6.32455
     0.44166    -0.89718    -0.00112
     0.89718     0.44166    -0.00048
     0.00093    -0.00079     1.00000
           0           3          14           5
   -11.53378    -5.69765    12.69995
     0.44166    -0.89718    -0.00112
     0.89718     0.44166    -0.00048
     0.00093    -0.00079     1.00000
           0           3          15           1
    -7.58119    -7.13576   -12.80649
     0.68671    -0.72693    -0.00122
     0.72693     0.68671    -0.00013
     0.00093    -0.00079     1.00000
           0           3          15           2
    -7.57526    -7.14082    -6.43109
     0.68671    -0.72693    -0.00122
     0.72693     0.68671    -0.00013
     0.00093    -0.00079     1.00000
           0           3          15           3
    -7.56932    -7.14588    -0.05570
     0.68671    -0.72693    -0.00122
     0.72693     0.68671    -0.00013
     0.00093    -0.00079     1.00000
           0           3          15           4
    -7.56339    -7.15094     6.31970
     0.68671    -0.72693    -0.00122
     0.72693     0.68671    -0.00013
     0.00093    -0.00079     1.00000
           0           3          15           5
    -7.55746    -7.15599    12.69509
     0.68671    -0.72693    -0.00122
     0.72693     0.68671    -0.00013
     0.00093    -0.00079     1.00000
           0           3          16           1
    -5.66053   -10.33338   -12.81081
     0.87807    -0.47854    -0.00120
     0.47854     0.87807     0.00025
     0.00093    -0.00079     1.00000
           0           3          16           2
    -5.65460   -10.33844    -6.43542
     0.87807    -0.47854    -0.00120
     0.47854     0.87807     0.00025
     0.00093    -0.00079     1.00000
           0           3          16           3
