 SVX cage parameters:
     2.20000
     0.50000     0.20000
     0.00000
           6
   -40.00000   -26.50000   -26.50000    26.50000    26.50000    40.00000
    53.00000    53.00000    22.14782    22.14782    53.00000    53.00000
     0.00000     0.00000     0.00000
 SVX barrel parameters:
           4
     2.63000     5.19260    11.76500    16.68700     1.14100
     0.00000     0.00000     0.00000     0.00000
           4           4           5           6
     0.69600     0.69600     1.74500     1.74500
     0.01000     0.01000     0.03125     0.03125
     2.83600     2.83600     3.18770     3.18770
     0.01900     0.01900     0.00000     0.00000
     0.02000     0.02000     0.00000     0.00000
    26.70000    13.62600    17.00000    12.00000
   -13.00000   -12.98000     0.00000     0.00000
           2
           5           5
     0.00000   180.00000
           2
          10          10
     0.00000   180.00000
           2
           8           8
     0.00000   180.00000
           2
          12          12
     0.00000   180.00000
 SVX barrel sensor rotation matrices and translation vectors:
           0           1           1           1
     1.60357    -2.12514     8.59957
     0.63839     0.76972     0.00000
    -0.76972     0.63839     0.00084
     0.00065    -0.00054     1.00000
           0           1           1           2
     1.59859    -2.12362     2.90757
     0.63837     0.76973     0.00000
    -0.76973     0.63837     0.00084
     0.00065    -0.00054     1.00000
           0           1           1           3
     1.59363    -2.12210    -2.78443
     0.63836     0.76974     0.00000
    -0.76974     0.63836     0.00084
     0.00065    -0.00054     1.00000
           0           1           1           4
     1.58866    -2.12056    -8.47643
     0.63835     0.76975     0.00000
    -0.76975     0.63835     0.00084
     0.00065    -0.00054     1.00000
           0           1           2           1
     2.37417    -1.18355     8.60492
     0.22365     0.97467    -0.00000
    -0.97467     0.22365     0.00091
     0.00089    -0.00020     1.00000
           0           1           2           2
     2.36919    -1.18201     2.91292
     0.22363     0.97467    -0.00000
    -0.97467     0.22363     0.00091
     0.00089    -0.00020     1.00000
           0           1           2           3
     2.36422    -1.18047    -2.77907
     0.22360     0.97468    -0.00000
    -0.97468     0.22360     0.00091
     0.00089    -0.00020     1.00000
           0           1           2           4
     2.35924    -1.17890    -8.47107
     0.22356     0.97469    -0.00000
    -0.97469     0.22356     0.00091
     0.00089    -0.00020     1.00000
           0           1           3           1
     2.64338    -0.00030     8.60508
    -0.23735     0.97142    -0.00001
    -0.97142    -0.23735     0.00079
     0.00076     0.00020     1.00000
           0           1           3           2
     2.63838     0.00127     2.91308
    -0.23738     0.97142    -0.00001
    -0.97142    -0.23738     0.00079
     0.00076     0.00020     1.00000
           0           1           3           3
     2.63337     0.00282    -2.77891
    -0.23740     0.97141    -0.00001
    -0.97141    -0.23740     0.00079
     0.00076     0.00020     1.00000
           0           1           3           4
     2.62836     0.00439    -8.47091
    -0.23743     0.97140    -0.00001
    -0.97140    -0.23743     0.00079
     0.00076     0.00020     1.00000
           0           1           4           1
     2.34990     1.17898     8.61032
    -0.64797     0.76167    -0.00002
    -0.76167    -0.64797     0.00049
     0.00037     0.00033     1.00000
           0           1           4           2
     2.34487     1.18053     2.91833
    -0.64798     0.76166    -0.00002
    -0.76166    -0.64798     0.00049
     0.00037     0.00033     1.00000
           0           1           4           3
     2.33984     1.18208    -2.77366
    -0.64800     0.76164    -0.00002
    -0.76164    -0.64800     0.00049
     0.00037     0.00033     1.00000
           0           1           4           4
     2.33481     1.18364    -8.46566
    -0.64801     0.76163    -0.00002
    -0.76163    -0.64801     0.00049
     0.00037     0.00033     1.00000
           0           1           5           1
     1.55277     2.10173     8.60548
    -0.92142     0.38856    -0.00002
    -0.38856    -0.92142     0.00010
     0.00002     0.00010     1.00000
           0           1           5           2
     1.54773     2.10324     2.91348
    -0.92143     0.38855    -0.00002
    -0.38855    -0.92143     0.00010
     0.00002     0.00010     1.00000
           0           1           5           3
     1.54269     2.10476    -2.77851
    -0.92143     0.38854    -0.00002
    -0.38854    -0.92143     0.00010
     0.00002     0.00010     1.00000
           0           1           5           4
     1.53767     2.10629    -8.47051
    -0.92143     0.38854    -0.00002
    -0.38854    -0.92143     0.00010
     0.00002     0.00010     1.00000
           0           1           6           1
    -1.55732     2.06985    -8.57328
     0.92052     0.39069    -0.00003
     0.39069    -0.92052    -0.00128
    -0.00053     0.00117    -1.00000
           0           1           6           2
    -1.55013     2.06500    -2.88128
     0.92053     0.39066    -0.00003
     0.39066    -0.92053    -0.00128
    -0.00053     0.00117    -1.00000
           0           1           6           3
    -1.54292     2.06015     2.81072
     0.92054     0.39065    -0.00003
     0.39065    -0.92054    -0.00128
    -0.00053     0.00117    -1.00000
           0           1           6           4
    -1.53572     2.05529     8.50271
     0.92055     0.39062    -0.00003
     0.39062    -0.92055    -0.00128
    -0.00053     0.00117    -1.00000
           0           1           7           1
    -2.33328     1.15574    -8.57779
     0.64773     0.76187    -0.00002
     0.76187    -0.64773    -0.00151
    -0.00116     0.00096    -1.00000
           0           1           7           2
    -2.32609     1.15094    -2.88580
     0.64776     0.76185    -0.00002
     0.76185    -0.64776    -0.00151
    -0.00116     0.00096    -1.00000
           0           1           7           3
    -2.31888     1.14614     2.80620
     0.64778     0.76182    -0.00002
     0.76182    -0.64778    -0.00151
    -0.00116     0.00096    -1.00000
           0           1           7           4
    -2.31169     1.14133     8.49819
     0.64781     0.76181    -0.00002
     0.76180    -0.64781    -0.00151
    -0.00116     0.00096    -1.00000
           0           1           8           1
    -2.63066    -0.00765    -8.59044
     0.23679     0.97156    -0.00000
     0.97156    -0.23679    -0.00142
    -0.00138     0.00034    -1.00000
           0           1           8           2
    -2.62350    -0.01243    -2.89844
     0.23682     0.97155    -0.00000
     0.97155    -0.23682    -0.00142
    -0.00138     0.00034    -1.00000
           0           1           8           3
    -2.61634    -0.01721     2.79355
     0.23684     0.97155    -0.00000
     0.97155    -0.23684    -0.00142
    -0.00138     0.00034    -1.00000
           0           1           8           4
    -2.60918    -0.02200     8.48553
     0.23686     0.97154    -0.00000
     0.97154    -0.23686    -0.00142
    -0.00138     0.00034    -1.00000
           0           1           9           1
    -2.35881    -1.18338    -8.58268
    -0.22688     0.97392     0.00001
     0.97392     0.22688    -0.00103
    -0.00101    -0.00022    -1.00000
           0           1           9           2
    -2.35171    -1.18816    -2.89068
    -0.22688     0.97392     0.00001
     0.97392     0.22688    -0.00103
    -0.00101    -0.00022    -1.00000
           0           1           9           3
    -2.34458    -1.19293     2.80131
    -0.22687     0.97393     0.00001
     0.97392     0.22687    -0.00103
    -0.00101    -0.00022    -1.00000
           0           1           9           4
    -2.33748    -1.19771     8.49330
    -0.22686     0.97393     0.00001
     0.97393     0.22686    -0.00103
    -0.00101    -0.00022    -1.00000
           0           1          10           1
    -1.60457    -2.11586    -8.58821
    -0.63931     0.76895     0.00003
     0.76895     0.63931    -0.00041
    -0.00033    -0.00024    -1.00000
           0           1          10           2
    -1.59747    -2.12070    -2.89621
    -0.63931     0.76895     0.00003
     0.76895     0.63931    -0.00041
    -0.00033    -0.00024    -1.00000
           0           1          10           3
    -1.59035    -2.12554     2.79579
    -0.63931     0.76895     0.00003
     0.76895     0.63931    -0.00041
    -0.00033    -0.00024    -1.00000
           0           1          10           4
    -1.58326    -2.13040     8.48778
    -0.63931     0.76895     0.00003
     0.76895     0.63931    -0.00041
    -0.00033    -0.00024    -1.00000
           0           2           1           1
     2.52655    -4.56836     8.60827
     0.74558     0.66641     0.00001
    -0.66641     0.74558     0.00078
     0.00052    -0.00059     1.00000
           0           2           1           2
     2.52156    -4.56681     2.91627
     0.74558     0.66641     0.00001
    -0.66641     0.74558     0.00078
     0.00052    -0.00059     1.00000
           0           2           1           3
     2.51655    -4.56528    -2.77573
     0.74557     0.66642     0.00001
    -0.66642     0.74557     0.00078
     0.00052    -0.00059     1.00000
           0           2           1           4
     2.51156    -4.56372    -8.46772
     0.74557     0.66642     0.00001
    -0.66642     0.74557     0.00078
     0.00052    -0.00059     1.00000
           0           2           2           1
     3.52444    -3.85088     8.61732
     0.56824     0.82286     0.00000
    -0.82286     0.56824     0.00088
     0.00073    -0.00050     1.00000
           0           2           2           2
     3.51946    -3.84933     2.92532
     0.56824     0.82286     0.00000
    -0.82286     0.56824     0.00088
     0.00073    -0.00050     1.00000
           0           2           2           3
     3.51445    -3.84778    -2.76668
     0.56824     0.82286     0.00000
    -0.82286     0.56824     0.00088
     0.00073    -0.00050     1.00000
           0           2           2           4
     3.50947    -3.84623    -8.45868
     0.56824     0.82286     0.00000
    -0.82286     0.56824     0.00088
     0.00073    -0.00050     1.00000
           0           2           3           1
     4.33763    -2.91551     8.61275
     0.35732     0.93398    -0.00000
    -0.93398     0.35732     0.00091
     0.00085    -0.00032     1.00000
           0           2           3           2
     4.33264    -2.91395     2.92075
     0.35732     0.93398    -0.00000
    -0.93398     0.35732     0.00091
     0.00085    -0.00032     1.00000
           0           2           3           3
     4.32765    -2.91240    -2.77125
     0.35731     0.93399    -0.00000
    -0.93399     0.35731     0.00091
     0.00085    -0.00032     1.00000
           0           2           3           4
     4.32266    -2.91085    -8.46325
     0.35731     0.93399    -0.00000
    -0.93399     0.35731     0.00091
     0.00085    -0.00032     1.00000
           0           2           4           1
     4.89338    -1.81863     8.61646
     0.12796     0.99178    -0.00001
    -0.99178     0.12796     0.00090
     0.00090    -0.00011     1.00000
           0           2           4           2
     4.88839    -1.81707     2.92447
     0.12796     0.99178    -0.00001
    -0.99178     0.12796     0.00090
     0.00090    -0.00011     1.00000
           0           2           4           3
     4.88339    -1.81552    -2.76753
     0.12795     0.99178    -0.00001
    -0.99178     0.12795     0.00090
     0.00090    -0.00011     1.00000
           0           2           4           4
     4.87841    -1.81396    -8.45953
     0.12795     0.99178    -0.00001
    -0.99178     0.12795     0.00090
     0.00090    -0.00011     1.00000
           0           2           5           1
     5.19571    -0.61776     8.61687
    -0.11005     0.99393    -0.00001
    -0.99393    -0.11005     0.00084
     0.00083     0.00010     1.00000
           0           2           5           2
     5.19072    -0.61619     2.92487
    -0.11004     0.99393    -0.00001
    -0.99393    -0.11004     0.00084
     0.00083     0.00010     1.00000
           0           2           5           3
     5.18572    -0.61464    -2.76713
    -0.11004     0.99393    -0.00001
    -0.99393    -0.11004     0.00084
     0.00083     0.00010     1.00000
           0           2           5           4
     5.18073    -0.61308    -8.45911
    -0.11004     0.99393    -0.00001
    -0.99393    -0.11004     0.00084
     0.00083     0.00010     1.00000
           0           2           6           1
     5.18858     0.61406     8.61867
    -0.34042     0.94027    -0.00001
    -0.94027    -0.34042     0.00073
     0.00068     0.00026     1.00000
           0           2           6           2
     5.18359     0.61563     2.92668
    -0.34042     0.94027    -0.00001
    -0.94027    -0.34042     0.00073
     0.00068     0.00026     1.00000
           0           2           6           3
     5.17858     0.61718    -2.76532
    -0.34042     0.94027    -0.00001
    -0.94027    -0.34042     0.00073
     0.00068     0.00026     1.00000
           0           2           6           4
     5.17359     0.61875    -8.45732
    -0.34042     0.94027    -0.00001
    -0.94027    -0.34042     0.00073
     0.00068     0.00026     1.00000
           0           2           7           1
     4.89469     1.81497     8.61620
    -0.55258     0.83346    -0.00002
    -0.83346    -0.55258     0.00058
     0.00048     0.00033     1.00000
           0           2           7           2
     4.88969     1.81653     2.92421
    -0.55258     0.83346    -0.00002
    -0.83346    -0.55258     0.00058
     0.00048     0.00033     1.00000
           0           2           7           3
     4.88469     1.81809    -2.76779
    -0.55258     0.83346    -0.00002
    -0.83346    -0.55258     0.00058
     0.00048     0.00033     1.00000
           0           2           7           4
     4.87970     1.81965    -8.45979
    -0.55258     0.83346    -0.00002
    -0.83346    -0.55258     0.00058
     0.00048     0.00033     1.00000
           0           2           8           1
     4.32225     2.90321     8.61702
    -0.73280     0.68044    -0.00002
    -0.68044    -0.73280     0.00040
     0.00026     0.00030     1.00000
           0           2           8           2
     4.31726     2.90477     2.92502
    -0.73280     0.68044    -0.00002
    -0.68044    -0.73280     0.00040
     0.00026     0.00030     1.00000
           0           2           8           3
     4.31225     2.90632    -2.76698
    -0.73280     0.68045    -0.00002
    -0.68045    -0.73280     0.00040
     0.00026     0.00030     1.00000
           0           2           8           4
     4.30725     2.90788    -8.45897
    -0.73280     0.68045    -0.00002
    -0.68045    -0.73280     0.00040
     0.00026     0.00030     1.00000
           0           2           9           1
     3.51544     3.84343     8.61209
    -0.87295     0.48780    -0.00002
    -0.48780    -0.87295     0.00019
     0.00008     0.00017     1.00000
           0           2           9           2
     3.51044     3.84499     2.92009
    -0.87295     0.48780    -0.00002
    -0.48780    -0.87295     0.00019
     0.00008     0.00017     1.00000
           0           2           9           3
     3.50542     3.84654    -2.77191
    -0.87295     0.48780    -0.00002
    -0.48780    -0.87295     0.00019
     0.00008     0.00017     1.00000
           0           2           9           4
     3.50041     3.84810    -8.46390
    -0.87296     0.48779    -0.00002
    -0.48779    -0.87296     0.00019
     0.00008     0.00017     1.00000
           0           2          10           1
     2.50210     4.53921     8.62411
    -0.96312     0.26906    -0.00002
    -0.26906    -0.96312    -0.00003
    -0.00002    -0.00002     1.00000
           0           2          10           2
     2.49712     4.54076     2.93212
    -0.96313     0.26905    -0.00002
    -0.26905    -0.96313    -0.00003
    -0.00002    -0.00002     1.00000
           0           2          10           3
     2.49211     4.54230    -2.75987
    -0.96313     0.26905    -0.00002
    -0.26905    -0.96313    -0.00003
    -0.00002    -0.00002     1.00000
           0           2          10           4
     2.48714     4.54385    -8.45187
    -0.96313     0.26905    -0.00002
    -0.26905    -0.96313    -0.00003
    -0.00002    -0.00002     1.00000
           0           2          11           1
    -2.51572     4.53185    -8.57528
     0.96329     0.26845    -0.00003
     0.26845    -0.96329    -0.00117
    -0.00034     0.00111    -1.00000
           0           2          11           2
    -2.50851     4.52702    -2.88329
     0.96330     0.26844    -0.00003
     0.26844    -0.96330    -0.00117
    -0.00034     0.00111    -1.00000
           0           2          11           3
    -2.50130     4.52219     2.80871
     0.96330     0.26844    -0.00003
     0.26844    -0.96330    -0.00117
    -0.00034     0.00111    -1.00000
           0           2          11           4
    -2.49409     4.51735     8.50070
     0.96329     0.26845    -0.00003
     0.26845    -0.96329    -0.00117
    -0.00034     0.00111    -1.00000
           0           2          12           1
    -3.52130     3.82443    -8.58011
     0.87312     0.48750    -0.00003
     0.48750    -0.87312    -0.00136
    -0.00069     0.00118    -1.00000
           0           2          12           2
    -3.51410     3.81961    -2.88812
     0.87313     0.48749    -0.00003
     0.48749    -0.87313    -0.00136
    -0.00069     0.00118    -1.00000
           0           2          12           3
    -3.50687     3.81479     2.80387
     0.87313     0.48749    -0.00003
     0.48749    -0.87313    -0.00136
    -0.00069     0.00118    -1.00000
           0           2          12           4
    -3.49966     3.80995     8.49587
     0.87313     0.48749    -0.00003
     0.48749    -0.87313    -0.00136
    -0.00069     0.00118    -1.00000
           0           2          13           1
    -4.31829     2.88696    -8.58261
     0.73367     0.67950    -0.00002
     0.67950    -0.73367    -0.00148
    -0.00102     0.00107    -1.00000
           0           2          13           2
    -4.31110     2.88214    -2.89062
     0.73368     0.67949    -0.00002
     0.67949    -0.73368    -0.00148
    -0.00102     0.00107    -1.00000
           0           2          13           3
    -4.30389     2.87732     2.80137
     0.73368     0.67949    -0.00002
     0.67949    -0.73368    -0.00148
    -0.00102     0.00107    -1.00000
           0           2          13           4
    -4.29668     2.87248     8.49337
     0.73368     0.67949    -0.00002
     0.67949    -0.73368    -0.00148
    -0.00102     0.00107    -1.00000
           0           2          14           1
    -4.88601     1.80222    -8.58072
     0.55372     0.83270    -0.00001
     0.83270    -0.55372    -0.00152
    -0.00127     0.00083    -1.00000
           0           2          14           2
    -4.87882     1.79740    -2.88873
     0.55372     0.83270    -0.00001
     0.83270    -0.55372    -0.00152
    -0.00127     0.00083    -1.00000
           0           2          14           3
    -4.87161     1.79260     2.80327
     0.55373     0.83269    -0.00001
     0.83269    -0.55373    -0.00152
    -0.00127     0.00083    -1.00000
           0           2          14           4
    -4.86441     1.78777     8.49526
     0.55373     0.83269    -0.00001
     0.83269    -0.55373    -0.00152
    -0.00127     0.00083    -1.00000
           0           2          15           1
    -5.19162     0.60691    -8.58218
     0.34148     0.93989    -0.00001
     0.93989    -0.34148    -0.00147
    -0.00139     0.00050    -1.00000
           0           2          15           2
    -5.18443     0.60208    -2.89019
     0.34148     0.93989    -0.00001
     0.93989    -0.34148    -0.00147
    -0.00139     0.00050    -1.00000
           0           2          15           3
    -5.17722     0.59726     2.80181
     0.34148     0.93989    -0.00001
     0.93989    -0.34148    -0.00147
    -0.00139     0.00050    -1.00000
           0           2          15           4
    -5.17002     0.59243     8.49380
     0.34148     0.93989    -0.00001
     0.93989    -0.34148    -0.00147
    -0.00139     0.00050    -1.00000
           0           2          16           1
    -5.17982    -0.62517    -8.57950
     0.11013     0.99392     0.00000
     0.99392    -0.11013    -0.00135
    -0.00135     0.00015    -1.00000
           0           2          16           2
    -5.17263    -0.62999    -2.88750
     0.11013     0.99392     0.00000
     0.99392    -0.11013    -0.00135
    -0.00135     0.00015    -1.00000
           0           2          16           3
    -5.16543    -0.63480     2.80449
     0.11013     0.99392     0.00000
     0.99392    -0.11013    -0.00135
    -0.00135     0.00015    -1.00000
           0           2          16           4
    -5.15824    -0.63962     8.49649
     0.11013     0.99392     0.00000
     0.99392    -0.11013    -0.00135
    -0.00135     0.00015    -1.00000
           0           2          17           1
    -4.88915    -1.82036    -8.58306
    -0.12748     0.99184     0.00001
     0.99184     0.12748    -0.00114
    -0.00114    -0.00014    -1.00000
           0           2          17           2
    -4.88195    -1.82517    -2.89106
    -0.12748     0.99184     0.00001
     0.99184     0.12748    -0.00114
    -0.00114    -0.00014    -1.00000
           0           2          17           3
    -4.87476    -1.82997     2.80093
    -0.12748     0.99184     0.00001
     0.99184     0.12748    -0.00114
    -0.00114    -0.00014    -1.00000
           0           2          17           4
    -4.86758    -1.83478     8.49292
    -0.12748     0.99184     0.00001
     0.99184     0.12748    -0.00114
    -0.00114    -0.00014    -1.00000
           0           2          18           1
    -4.33379    -2.91606    -8.58724
    -0.35756     0.93389     0.00002
     0.93389     0.35756    -0.00087
    -0.00082    -0.00029    -1.00000
           0           2          18           2
    -4.32661    -2.92088    -2.89525
    -0.35756     0.93389     0.00002
     0.93389     0.35756    -0.00087
    -0.00082    -0.00029    -1.00000
           0           2          18           3
    -4.31940    -2.92570     2.79674
    -0.35756     0.93389     0.00002
     0.93389     0.35756    -0.00087
    -0.00082    -0.00029    -1.00000
           0           2          18           4
    -4.31224    -2.93052     8.48872
    -0.35756     0.93389     0.00002
     0.93389     0.35756    -0.00087
    -0.00082    -0.00029    -1.00000
           0           2          19           1
    -3.53222    -3.84750    -8.58779
    -0.56749     0.82338     0.00002
     0.82338     0.56749    -0.00055
    -0.00047    -0.00029    -1.00000
           0           2          19           2
    -3.52503    -3.85233    -2.89580
    -0.56749     0.82338     0.00002
     0.82338     0.56749    -0.00055
    -0.00047    -0.00029    -1.00000
           0           2          19           3
    -3.51784    -3.85715     2.79620
    -0.56749     0.82338     0.00002
     0.82338     0.56749    -0.00055
    -0.00047    -0.00029    -1.00000
           0           2          19           4
    -3.51068    -3.86198     8.48818
    -0.56750     0.82338     0.00002
     0.82338     0.56750    -0.00055
    -0.00047    -0.00029    -1.00000
           0           2          20           1
    -2.53923    -4.57223    -8.58980
    -0.74536     0.66666     0.00003
     0.66666     0.74536    -0.00022
    -0.00017    -0.00014    -1.00000
           0           2          20           2
    -2.53203    -4.57707    -2.89780
    -0.74536     0.66666     0.00003
     0.66666     0.74536    -0.00022
    -0.00017    -0.00014    -1.00000
           0           2          20           3
    -2.52484    -4.58191     2.79420
    -0.74536     0.66666     0.00003
     0.66666     0.74536    -0.00022
    -0.00017    -0.00014    -1.00000
           0           2          20           4
    -2.51765    -4.58675     8.48619
    -0.74536     0.66666     0.00003
     0.66666     0.74536    -0.00022
    -0.00017    -0.00014    -1.00000
           0           3           1           1
     5.64697   -10.34011    12.80788
    -0.87821    -0.47828    -0.00001
    -0.47828     0.87821     0.00067
    -0.00031     0.00059    -1.00000
           0           3           1           2
     5.64137   -10.33836     6.43246
    -0.87821    -0.47828    -0.00001
    -0.47828     0.87821     0.00067
    -0.00031     0.00059    -1.00000
           0           3           1           3
     5.63577   -10.33663     0.05707
    -0.87821    -0.47828    -0.00001
    -0.47828     0.87821     0.00067
    -0.00031     0.00059    -1.00000
           0           3           1           4
     5.63017   -10.33488    -6.31833
    -0.87821    -0.47828    -0.00001
    -0.47828     0.87821     0.00067
    -0.00031     0.00059    -1.00000
           0           3           1           5
     5.62457   -10.33313   -12.69373
    -0.87821    -0.47828    -0.00001
    -0.47828     0.87821     0.00067
    -0.00031     0.00059    -1.00000
           0           3           2           1
     7.56232    -7.14196    12.80268
    -0.68751    -0.72618    -0.00000
    -0.72618     0.68751     0.00082
    -0.00059     0.00057    -1.00000
           0           3           2           2
     7.55673    -7.14020     6.42728
    -0.68751    -0.72618    -0.00000
    -0.72618     0.68751     0.00082
    -0.00059     0.00057    -1.00000
           0           3           2           3
     7.55113    -7.13847     0.05189
    -0.68751    -0.72618    -0.00000
    -0.72618     0.68751     0.00082
    -0.00059     0.00057    -1.00000
           0           3           2           4
     7.54554    -7.13672    -6.32351
    -0.68751    -0.72618    -0.00000
    -0.72618     0.68751     0.00082
    -0.00059     0.00057    -1.00000
           0           3           2           5
     7.53994    -7.13497   -12.69891
    -0.68751    -0.72617    -0.00000
    -0.72617     0.68751     0.00082
    -0.00059     0.00057    -1.00000
           0           3           3           1
    11.54727    -5.65814    12.81594
    -0.44076    -0.89762     0.00000
    -0.89762     0.44076     0.00091
    -0.00082     0.00040    -1.00000
           0           3           3           2
    11.54168    -5.65639     6.44053
    -0.44076    -0.89762     0.00000
    -0.89762     0.44076     0.00091
    -0.00082     0.00040    -1.00000
           0           3           3           3
    11.53608    -5.65466     0.06513
    -0.44076    -0.89762     0.00000
    -0.89762     0.44076     0.00091
    -0.00082     0.00040    -1.00000
           0           3           3           4
    11.53049    -5.65291    -6.31026
    -0.44076    -0.89762     0.00000
    -0.89762     0.44076     0.00091
    -0.00082     0.00040    -1.00000
           0           3           3           5
    11.52490    -5.65116   -12.68565
    -0.44076    -0.89762     0.00000
    -0.89762     0.44076     0.00091
    -0.00082     0.00040    -1.00000
           0           3           4           1
    11.59502    -2.05978    12.81499
    -0.17558    -0.98447     0.00001
    -0.98446     0.17558     0.00091
    -0.00090     0.00015    -1.00000
           0           3           4           2
    11.58943    -2.05803     6.43960
    -0.17558    -0.98447     0.00001
    -0.98446     0.17558     0.00091
    -0.00090     0.00015    -1.00000
           0           3           4           3
    11.58384    -2.05630     0.06421
    -0.17558    -0.98447     0.00001
    -0.98446     0.17558     0.00091
    -0.00090     0.00015    -1.00000
           0           3           4           4
    11.57825    -2.05455    -6.31120
    -0.17558    -0.98447     0.00001
    -0.98446     0.17558     0.00091
    -0.00090     0.00015    -1.00000
           0           3           4           5
    11.57265    -2.05280   -12.68659
    -0.17558    -0.98447     0.00001
    -0.98446     0.17558     0.00091
    -0.00090     0.00015    -1.00000
           0           3           5           1
    10.29278     1.42623    12.80612
     0.13686    -0.99059     0.00001
    -0.99059    -0.13686     0.00083
    -0.00082    -0.00012    -1.00000
           0           3           5           2
    10.28719     1.42798     6.43072
     0.13686    -0.99059     0.00001
    -0.99059    -0.13686     0.00083
    -0.00082    -0.00012    -1.00000
           0           3           5           3
    10.28160     1.42970     0.05532
     0.13686    -0.99059     0.00001
    -0.99059    -0.13686     0.00083
    -0.00082    -0.00012    -1.00000
           0           3           5           4
    10.27600     1.43145    -6.32007
     0.13686    -0.99059     0.00001
    -0.99059    -0.13686     0.00083
    -0.00082    -0.00012    -1.00000
           0           3           5           5
    10.27041     1.43320   -12.69547
     0.13686    -0.99059     0.00001
    -0.99059    -0.13686     0.00083
    -0.00082    -0.00012    -1.00000
           0           3           6           1
    11.66029     5.43953    12.81769
     0.42276    -0.90624     0.00001
    -0.90624    -0.42276     0.00068
    -0.00061    -0.00030    -1.00000
           0           3           6           2
    11.65471     5.44128     6.44229
     0.42276    -0.90624     0.00001
    -0.90624    -0.42276     0.00068
    -0.00061    -0.00030    -1.00000
           0           3           6           3
    11.64912     5.44301     0.06690
     0.42276    -0.90624     0.00001
    -0.90624    -0.42276     0.00068
    -0.00061    -0.00030    -1.00000
           0           3           6           4
    11.64353     5.44477    -6.30850
     0.42276    -0.90624     0.00001
    -0.90624    -0.42276     0.00068
    -0.00061    -0.00030    -1.00000
           0           3           6           5
    11.63793     5.44652   -12.68390
     0.42276    -0.90624     0.00001
    -0.90624    -0.42276     0.00068
    -0.00061    -0.00030    -1.00000
           0           3           7           1
     8.87886     7.73514    12.81291
     0.65711    -0.75379     0.00002
    -0.75379    -0.65711     0.00048
    -0.00035    -0.00033    -1.00000
           0           3           7           2
     8.87327     7.73689     6.43752
     0.65711    -0.75379     0.00002
    -0.75379    -0.65711     0.00048
    -0.00035    -0.00033    -1.00000
           0           3           7           3
     8.86768     7.73862     0.06212
     0.65711    -0.75379     0.00002
    -0.75379    -0.65711     0.00048
    -0.00035    -0.00033    -1.00000
           0           3           7           4
     8.86209     7.74037    -6.31328
     0.65711    -0.75379     0.00002
    -0.75379    -0.65711     0.00048
    -0.00035    -0.00033    -1.00000
           0           3           7           5
     8.85650     7.74212   -12.68868
     0.65711    -0.75379     0.00002
    -0.75379    -0.65711     0.00048
    -0.00035    -0.00033    -1.00000
           0           3           8           1
     5.32211     8.90126    12.82437
     0.85866    -0.51254     0.00002
    -0.51254    -0.85866     0.00022
    -0.00010    -0.00020    -1.00000
           0           3           8           2
     5.31651     8.90300     6.44897
     0.85866    -0.51254     0.00002
    -0.51254    -0.85866     0.00022
    -0.00010    -0.00020    -1.00000
           0           3           8           3
     5.31095     8.90472     0.07357
     0.85866    -0.51254     0.00002
    -0.51254    -0.85866     0.00022
    -0.00010    -0.00020    -1.00000
           0           3           8           4
     5.30536     8.90646    -6.30182
     0.85866    -0.51254     0.00002
    -0.51254    -0.85866     0.00022
    -0.00010    -0.00020    -1.00000
           0           3           8           5
     5.29979     8.90820   -12.67722
     0.85866    -0.51254     0.00002
    -0.51254    -0.85866     0.00022
    -0.00010    -0.00020    -1.00000
           0           3           9           1
    -5.35261     8.90496   -12.79218
    -0.85781    -0.51397     0.00003
     0.51397    -0.85781    -0.00138
     0.00073    -0.00117     1.00000
           0           3           9           2
    -5.34456     8.89955    -6.41680
    -0.85781    -0.51397     0.00003
     0.51397    -0.85781    -0.00138
     0.00073    -0.00117     1.00000
           0           3           9           3
    -5.33649     8.89414    -0.04140
    -0.85781    -0.51397     0.00003
     0.51397    -0.85781    -0.00138
     0.00073    -0.00117     1.00000
           0           3           9           4
    -5.32841     8.88873     6.33399
    -0.85781    -0.51397     0.00003
     0.51397    -0.85781    -0.00138
     0.00073    -0.00117     1.00000
           0           3           9           5
    -5.32036     8.88334    12.70939
    -0.85781    -0.51397     0.00003
     0.51397    -0.85781    -0.00138
     0.00073    -0.00117     1.00000
           0           3          10           1
    -8.88812     7.73591   -12.78506
    -0.65685    -0.75402     0.00002
     0.75402    -0.65685    -0.00151
     0.00115    -0.00098     1.00000
           0           3          10           2
    -8.88005     7.73050    -6.40966
    -0.65685    -0.75402     0.00002
     0.75402    -0.65685    -0.00151
     0.00115    -0.00098     1.00000
           0           3          10           3
    -8.87198     7.72509    -0.03427
    -0.65685    -0.75402     0.00002
     0.75402    -0.65685    -0.00151
     0.00115    -0.00098     1.00000
           0           3          10           4
    -8.86390     7.71968     6.34113
    -0.65685    -0.75402     0.00002
     0.75402    -0.65685    -0.00151
     0.00115    -0.00098     1.00000
           0           3          10           5
    -8.85583     7.71428    12.71651
    -0.65685    -0.75402     0.00002
     0.75402    -0.65685    -0.00151
     0.00115    -0.00098     1.00000
           0           3          11           1
   -11.69463     5.46676   -12.78942
    -0.42321    -0.90603     0.00001
     0.90603    -0.42321    -0.00150
     0.00137    -0.00063     1.00000
           0           3          11           2
   -11.68657     5.46135    -6.41402
    -0.42321    -0.90603     0.00001
     0.90603    -0.42321    -0.00150
     0.00137    -0.00063     1.00000
           0           3          11           3
   -11.67850     5.45594    -0.03863
    -0.42321    -0.90603     0.00001
     0.90603    -0.42321    -0.00150
     0.00137    -0.00063     1.00000
           0           3          11           4
   -11.67042     5.45052     6.33676
    -0.42321    -0.90603     0.00001
     0.90603    -0.42321    -0.00150
     0.00137    -0.00063     1.00000
           0           3          11           5
   -11.66235     5.44513    12.71215
    -0.42321    -0.90603     0.00001
     0.90603    -0.42321    -0.00150
     0.00137    -0.00063     1.00000
           0           3          12           1
   -10.31322     1.42792   -12.78232
    -0.13591    -0.99072    -0.00000
     0.99072    -0.13591    -0.00137
     0.00136    -0.00019     1.00000
           0           3          12           2
   -10.30516     1.42251    -6.40693
    -0.13591    -0.99072    -0.00000
     0.99072    -0.13591    -0.00137
     0.00136    -0.00019     1.00000
           0           3          12           3
   -10.29709     1.41710    -0.03153
    -0.13591    -0.99072    -0.00000
     0.99072    -0.13591    -0.00137
     0.00136    -0.00019     1.00000
           0           3          12           4
   -10.28899     1.41170     6.34385
    -0.13590    -0.99072    -0.00000
     0.99072    -0.13590    -0.00137
     0.00136    -0.00019     1.00000
           0           3          12           5
   -10.28092     1.40631    12.71925
    -0.13590    -0.99072    -0.00000
     0.99072    -0.13590    -0.00137
     0.00136    -0.00019     1.00000
           0           3          13           1
   -11.58386    -2.05920   -12.78271
     0.17682    -0.98424    -0.00001
     0.98424     0.17682    -0.00110
     0.00109     0.00018     1.00000
           0           3          13           2
   -11.57580    -2.06459    -6.40731
     0.17682    -0.98424    -0.00001
     0.98424     0.17682    -0.00110
     0.00109     0.00018     1.00000
           0           3          13           3
   -11.56773    -2.06999    -0.03191
     0.17682    -0.98424    -0.00001
     0.98424     0.17682    -0.00110
     0.00109     0.00018     1.00000
           0           3          13           4
   -11.55965    -2.07539     6.34347
     0.17682    -0.98424    -0.00001
     0.98424     0.17682    -0.00110
     0.00109     0.00018     1.00000
           0           3          13           5
   -11.55158    -2.08078    12.71887
     0.17682    -0.98424    -0.00001
     0.98424     0.17682    -0.00110
     0.00109     0.00018     1.00000
           0           3          14           1
   -11.55198    -5.65729   -12.79851
     0.44171    -0.89716    -0.00002
     0.89716     0.44171    -0.00076
     0.00069     0.00032     1.00000
           0           3          14           2
   -11.54390    -5.66270    -6.42312
     0.44171    -0.89716    -0.00002
     0.89716     0.44171    -0.00076
     0.00069     0.00032     1.00000
           0           3          14           3
   -11.53584    -5.66811    -0.04773
     0.44171    -0.89716    -0.00002
     0.89716     0.44171    -0.00076
     0.00069     0.00032     1.00000
           0           3          14           4
   -11.52776    -5.67350     6.32766
     0.44171    -0.89716    -0.00002
     0.89716     0.44171    -0.00076
     0.00069     0.00032     1.00000
           0           3          14           5
   -11.51968    -5.67889    12.70306
     0.44172    -0.89715    -0.00002
     0.89715     0.44172    -0.00076
     0.00069     0.00032     1.00000
           0           3          15           1
    -7.53608    -7.10275   -12.79652
     0.68805    -0.72566    -0.00003
     0.72566     0.68805    -0.00034
     0.00027     0.00021     1.00000
           0           3          15           2
    -7.52803    -7.10812    -6.42112
     0.68805    -0.72566    -0.00003
     0.72566     0.68805    -0.00034
     0.00027     0.00021     1.00000
           0           3          15           3
    -7.51995    -7.11350    -0.04574
     0.68805    -0.72566    -0.00003
     0.72566     0.68805    -0.00034
     0.00027     0.00021     1.00000
           0           3          15           4
    -7.51190    -7.11886     6.32966
     0.68805    -0.72566    -0.00003
     0.72566     0.68805    -0.00034
     0.00027     0.00021     1.00000
           0           3          15           5
    -7.50383    -7.12422    12.70505
     0.68805    -0.72566    -0.00003
     0.72566     0.68805    -0.00034
     0.00027     0.00021     1.00000
           0           3          16           1
    -5.65927   -10.33908   -12.79944
     0.87850    -0.47775    -0.00003
     0.47775     0.87850     0.00014
    -0.00004    -0.00014     1.00000
           0           3          16           2
    -5.65119   -10.34448    -6.42405
     0.87850    -0.47775    -0.00003
     0.47775     0.87850     0.00014
    -0.00004    -0.00014     1.00000
           0           3          16           3
