 SVX cage parameters:
     2.20000
     0.50000     0.20000
     0.00000
           6
   -40.00000   -26.50000   -26.50000    26.50000    26.50000    40.00000
    53.00000    53.00000    22.14782    22.14782    53.00000    53.00000
     0.00000     0.00000     0.00000
 SVX barrel parameters:
           4
     2.63000     5.19260    11.76500    16.68700     1.14100
     0.00000     0.00000     0.00000     0.00000
           4           4           5           6
     0.69600     0.69600     1.74500     1.74500
     0.01000     0.01000     0.03125     0.03125
     2.83600     2.83600     3.18770     3.18770
     0.01900     0.01900     0.00000     0.00000
     0.02000     0.02000     0.00000     0.00000
    26.70000    13.62600    17.00000    12.00000
   -13.00000   -12.98000     0.00000     0.00000
           2
           5           5
     0.00000   180.00000
           2
          10          10
     0.00000   180.00000
           2
           8           8
     0.00000   180.00000
           2
          12          12
     0.00000   180.00000
 SVX barrel sensor rotation matrices and translation vectors:
           0           1           1           1
     1.60627    -2.12409     8.59004
     0.63841     0.76970     0.00000
    -0.76970     0.63841     0.00076
     0.00058    -0.00049     1.00000
           0           1           1           2
     1.60139    -2.12323     2.89805
     0.63838     0.76972     0.00000
    -0.76972     0.63838     0.00076
     0.00058    -0.00049     1.00000
           0           1           1           3
     1.59652    -2.12239    -2.79395
     0.63837     0.76973     0.00000
    -0.76973     0.63837     0.00076
     0.00058    -0.00049     1.00000
           0           1           1           4
     1.59165    -2.12155    -8.48595
     0.63836     0.76974     0.00000
    -0.76974     0.63836     0.00076
     0.00058    -0.00049     1.00000
           0           1           2           1
     2.37594    -1.18446     8.58951
     0.22446     0.97448     0.00000
    -0.97448     0.22446     0.00087
     0.00085    -0.00020     1.00000
           0           1           2           2
     2.37106    -1.18358     2.89753
     0.22444     0.97449     0.00000
    -0.97449     0.22444     0.00087
     0.00085    -0.00020     1.00000
           0           1           2           3
     2.36618    -1.18271    -2.79448
     0.22441     0.97450     0.00000
    -0.97450     0.22441     0.00087
     0.00085    -0.00020     1.00000
           0           1           2           4
     2.36131    -1.18184    -8.48647
     0.22439     0.97450     0.00000
    -0.97450     0.22439     0.00087
     0.00085    -0.00020     1.00000
           0           1           3           1
     2.64131     0.00089     8.58947
    -0.23739     0.97141     0.00000
    -0.97141    -0.23739     0.00080
     0.00078     0.00019     1.00000
           0           1           3           2
     2.63640     0.00178     2.89746
    -0.23741     0.97141     0.00000
    -0.97141    -0.23741     0.00080
     0.00078     0.00019     1.00000
           0           1           3           3
     2.63149     0.00266    -2.79453
    -0.23744     0.97140     0.00000
    -0.97140    -0.23744     0.00080
     0.00078     0.00019     1.00000
           0           1           3           4
     2.62659     0.00354    -8.48654
    -0.23747     0.97140     0.00000
    -0.97140    -0.23747     0.00080
     0.00078     0.00019     1.00000
           0           1           4           1
     2.34570     1.17909     8.58988
    -0.64862     0.76112     0.00000
    -0.76112    -0.64862     0.00056
     0.00043     0.00036     1.00000
           0           1           4           2
     2.34077     1.17997     2.89789
    -0.64863     0.76111     0.00000
    -0.76111    -0.64863     0.00056
     0.00043     0.00036     1.00000
           0           1           4           3
     2.33584     1.18083    -2.79412
    -0.64865     0.76109     0.00000
    -0.76109    -0.64865     0.00056
     0.00043     0.00036     1.00000
           0           1           4           4
     2.33091     1.18169    -8.48610
    -0.64866     0.76108     0.00000
    -0.76108    -0.64866     0.00056
     0.00043     0.00036     1.00000
           0           1           5           1
     1.55216     2.09878     8.59070
    -0.92147     0.38846     0.00000
    -0.38846    -0.92147     0.00020
     0.00008     0.00018     1.00000
           0           1           5           2
     1.54721     2.09962     2.89871
    -0.92147     0.38845     0.00000
    -0.38845    -0.92147     0.00020
     0.00008     0.00018     1.00000
           0           1           5           3
     1.54228     2.10045    -2.79329
    -0.92147     0.38844     0.00000
    -0.38844    -0.92147     0.00020
     0.00008     0.00018     1.00000
           0           1           5           4
     1.53735     2.10129    -8.48530
    -0.92148     0.38843     0.00000
    -0.38843    -0.92148     0.00020
     0.00008     0.00018     1.00000
           0           1           6           1
    -1.56652     2.09057    -8.60105
     0.92098     0.38961    -0.00000
     0.38961    -0.92098    -0.00114
    -0.00044     0.00105    -1.00000
           0           1           6           2
    -1.56107     2.08584    -2.90905
     0.92099     0.38958    -0.00000
     0.38958    -0.92099    -0.00114
    -0.00044     0.00105    -1.00000
           0           1           6           3
    -1.55564     2.08111     2.78294
     0.92100     0.38955    -0.00000
     0.38955    -0.92100    -0.00114
    -0.00044     0.00105    -1.00000
           0           1           6           4
    -1.55021     2.07639     8.47494
     0.92102     0.38952    -0.00000
     0.38952    -0.92102    -0.00114
    -0.00044     0.00105    -1.00000
           0           1           7           1
    -2.35894     1.16985    -8.60107
     0.64765     0.76194    -0.00000
     0.76194    -0.64765    -0.00126
    -0.00096     0.00082    -1.00000
           0           1           7           2
    -2.35353     1.16515    -2.90908
     0.64767     0.76192    -0.00000
     0.76192    -0.64767    -0.00126
    -0.00096     0.00082    -1.00000
           0           1           7           3
    -2.34812     1.16045     2.78292
     0.64770     0.76190    -0.00000
     0.76190    -0.64770    -0.00126
    -0.00096     0.00082    -1.00000
           0           1           7           4
    -2.34272     1.15575     8.47491
     0.64772     0.76188    -0.00000
     0.76188    -0.64772    -0.00126
    -0.00096     0.00082    -1.00000
           0           1           8           1
    -2.65305    -0.00875    -8.60178
     0.23615     0.97172    -0.00000
     0.97172    -0.23615    -0.00111
    -0.00108     0.00026    -1.00000
           0           1           8           2
    -2.64769    -0.01346    -2.90979
     0.23618     0.97171    -0.00000
     0.97171    -0.23618    -0.00111
    -0.00108     0.00026    -1.00000
           0           1           8           3
    -2.64231    -0.01817     2.78221
     0.23620     0.97170    -0.00000
     0.97170    -0.23620    -0.00111
    -0.00108     0.00026    -1.00000
           0           1           8           4
    -2.63695    -0.02288     8.47420
     0.23622     0.97170    -0.00000
     0.97170    -0.23622    -0.00111
    -0.00108     0.00026    -1.00000
           0           1           9           1
    -2.38618    -1.19376    -8.60303
    -0.22569     0.97420    -0.00000
     0.97420     0.22569    -0.00073
    -0.00071    -0.00016    -1.00000
           0           1           9           2
    -2.38082    -1.19850    -2.91103
    -0.22568     0.97420    -0.00000
     0.97420     0.22568    -0.00073
    -0.00071    -0.00016    -1.00000
           0           1           9           3
    -2.37548    -1.20325     2.78096
    -0.22567     0.97420    -0.00000
     0.97420     0.22567    -0.00073
    -0.00071    -0.00016    -1.00000
           0           1           9           4
    -2.37011    -1.20799     8.47296
    -0.22566     0.97421    -0.00000
     0.97421     0.22566    -0.00073
    -0.00071    -0.00016    -1.00000
           0           1          10           1
    -1.61532    -2.13239    -8.60454
    -0.63937     0.76890    -0.00000
     0.76890     0.63937    -0.00019
    -0.00015    -0.00012    -1.00000
           0           1          10           2
    -1.60995    -2.13716    -2.91255
    -0.63937     0.76890    -0.00000
     0.76890     0.63937    -0.00019
    -0.00015    -0.00012    -1.00000
           0           1          10           3
    -1.60458    -2.14195     2.77945
    -0.63938     0.76889    -0.00000
     0.76889     0.63938    -0.00019
    -0.00015    -0.00012    -1.00000
           0           1          10           4
    -1.59921    -2.14672     8.47144
    -0.63938     0.76889    -0.00000
     0.76889     0.63938    -0.00019
    -0.00015    -0.00012    -1.00000
           0           2           1           1
     2.52510    -4.56259     8.60280
     0.74576     0.66622     0.00000
    -0.66622     0.74576     0.00069
     0.00046    -0.00051     1.00000
           0           2           1           2
     2.52021    -4.56170     2.91080
     0.74575     0.66622     0.00000
    -0.66622     0.74575     0.00069
     0.00046    -0.00051     1.00000
           0           2           1           3
     2.51531    -4.56083    -2.78120
     0.74575     0.66622     0.00000
    -0.66622     0.74575     0.00069
     0.00046    -0.00051     1.00000
           0           2           1           4
     2.51043    -4.55996    -8.47320
     0.74575     0.66623     0.00000
    -0.66623     0.74575     0.00069
     0.00046    -0.00051     1.00000
           0           2           2           1
     3.52672    -3.84526     8.60204
     0.56781     0.82316     0.00000
    -0.82316     0.56781     0.00080
     0.00066    -0.00045     1.00000
           0           2           2           2
     3.52182    -3.84438     2.91005
     0.56781     0.82316     0.00000
    -0.82316     0.56781     0.00080
     0.00066    -0.00045     1.00000
           0           2           2           3
     3.51693    -3.84350    -2.78195
     0.56782     0.82316     0.00000
    -0.82316     0.56781     0.00080
     0.00066    -0.00045     1.00000
           0           2           2           4
     3.51204    -3.84263    -8.47395
     0.56782     0.82316     0.00000
    -0.82316     0.56782     0.00080
     0.00066    -0.00045     1.00000
           0           2           3           1
     4.33115    -2.91216     8.60150
     0.35791     0.93376     0.00000
    -0.93376     0.35791     0.00086
     0.00080    -0.00031     1.00000
           0           2           3           2
     4.32625    -2.91127     2.90950
     0.35791     0.93376     0.00000
    -0.93376     0.35791     0.00086
     0.00080    -0.00031     1.00000
           0           2           3           3
     4.32135    -2.91040    -2.78250
     0.35790     0.93376     0.00000
    -0.93376     0.35790     0.00086
     0.00080    -0.00031     1.00000
           0           2           3           4
     4.31646    -2.90952    -8.47450
     0.35790     0.93376     0.00000
    -0.93376     0.35790     0.00086
     0.00080    -0.00031     1.00000
           0           2           4           1
     4.89312    -1.81581     8.60118
     0.12786     0.99179     0.00000
    -0.99179     0.12786     0.00087
     0.00086    -0.00011     1.00000
           0           2           4           2
     4.88822    -1.81493     2.90918
     0.12786     0.99179     0.00000
    -0.99179     0.12786     0.00087
     0.00086    -0.00011     1.00000
           0           2           4           3
     4.88332    -1.81405    -2.78281
     0.12785     0.99179     0.00000
    -0.99179     0.12785     0.00087
     0.00086    -0.00011     1.00000
           0           2           4           4
     4.87843    -1.81317    -8.47481
     0.12785     0.99179     0.00000
    -0.99179     0.12785     0.00087
     0.00086    -0.00011     1.00000
           0           2           5           1
     5.18098    -0.61792     8.60112
    -0.10940     0.99400     0.00000
    -0.99400    -0.10940     0.00084
     0.00083     0.00009     1.00000
           0           2           5           2
     5.17608    -0.61703     2.90912
    -0.10940     0.99400     0.00000
    -0.99400    -0.10940     0.00084
     0.00083     0.00009     1.00000
           0           2           5           3
     5.17118    -0.61615    -2.78288
    -0.10940     0.99400     0.00000
    -0.99400    -0.10940     0.00084
     0.00083     0.00009     1.00000
           0           2           5           4
     5.16629    -0.61527    -8.47488
    -0.10940     0.99400     0.00000
    -0.99400    -0.10940     0.00084
     0.00083     0.00009     1.00000
           0           2           6           1
     5.17855     0.61406     8.60131
    -0.34048     0.94025     0.00000
    -0.94025    -0.34048     0.00076
     0.00071     0.00026     1.00000
           0           2           6           2
     5.17364     0.61495     2.90931
    -0.34048     0.94025     0.00000
    -0.94025    -0.34048     0.00076
     0.00071     0.00026     1.00000
           0           2           6           3
     5.16875     0.61583    -2.78269
    -0.34049     0.94025     0.00000
    -0.94025    -0.34049     0.00076
     0.00071     0.00026     1.00000
           0           2           6           4
     5.16386     0.61671    -8.47469
    -0.34049     0.94025     0.00000
    -0.94025    -0.34049     0.00076
     0.00071     0.00026     1.00000
           0           2           7           1
     4.88595     1.81082     8.60174
    -0.55241     0.83358     0.00000
    -0.83358    -0.55241     0.00063
     0.00053     0.00035     1.00000
           0           2           7           2
     4.88104     1.81170     2.90975
    -0.55241     0.83357     0.00000
    -0.83357    -0.55241     0.00063
     0.00053     0.00035     1.00000
           0           2           7           3
     4.87614     1.81258    -2.78225
    -0.55241     0.83357     0.00000
    -0.83357    -0.55241     0.00063
     0.00053     0.00035     1.00000
           0           2           7           4
     4.87125     1.81346    -8.47425
    -0.55241     0.83357     0.00000
    -0.83357    -0.55241     0.00063
     0.00053     0.00035     1.00000
           0           2           8           1
     4.31964     2.90495     8.60240
    -0.73324     0.67997     0.00000
    -0.67997    -0.73324     0.00047
     0.00032     0.00034     1.00000
           0           2           8           2
     4.31474     2.90584     2.91040
    -0.73324     0.67997     0.00000
    -0.67997    -0.73324     0.00047
     0.00032     0.00034     1.00000
           0           2           8           3
     4.30983     2.90671    -2.78160
    -0.73324     0.67997     0.00000
    -0.67997    -0.73324     0.00047
     0.00032     0.00034     1.00000
           0           2           8           4
     4.30493     2.90759    -8.47359
    -0.73324     0.67997     0.00000
    -0.67997    -0.73324     0.00047
     0.00032     0.00034     1.00000
           0           2           9           1
     3.51152     3.83487     8.60324
    -0.87279     0.48809     0.00000
    -0.48809    -0.87279     0.00029
     0.00014     0.00025     1.00000
           0           2           9           2
     3.50661     3.83575     2.91124
    -0.87279     0.48809     0.00000
    -0.48809    -0.87279     0.00029
     0.00014     0.00025     1.00000
           0           2           9           3
     3.50171     3.83663    -2.78076
    -0.87279     0.48809     0.00000
    -0.48809    -0.87279     0.00029
     0.00014     0.00025     1.00000
           0           2           9           4
     3.49681     3.83751    -8.47276
    -0.87280     0.48809     0.00000
    -0.48809    -0.87280     0.00029
     0.00014     0.00025     1.00000
           0           2          10           1
     2.50706     4.54824     8.60421
    -0.96321     0.26874     0.00000
    -0.26874    -0.96321     0.00008
     0.00002     0.00008     1.00000
           0           2          10           2
     2.50216     4.54912     2.91221
    -0.96321     0.26873     0.00000
    -0.26873    -0.96321     0.00008
     0.00002     0.00008     1.00000
           0           2          10           3
     2.49725     4.54999    -2.77978
    -0.96321     0.26873     0.00000
    -0.26873    -0.96321     0.00008
     0.00002     0.00008     1.00000
           0           2          10           4
     2.49236     4.55087    -8.47178
    -0.96321     0.26873     0.00000
    -0.26873    -0.96321     0.00008
     0.00002     0.00008     1.00000
           0           2          11           1
    -2.51430     4.53794    -8.59720
     0.96342     0.26798    -0.00000
     0.26798    -0.96342    -0.00105
    -0.00028     0.00101    -1.00000
           0           2          11           2
    -2.50888     4.53322    -2.90520
     0.96342     0.26798    -0.00000
     0.26798    -0.96342    -0.00105
    -0.00028     0.00101    -1.00000
           0           2          11           3
    -2.50345     4.52851     2.78679
     0.96343     0.26797    -0.00000
     0.26797    -0.96343    -0.00105
    -0.00028     0.00101    -1.00000
           0           2          11           4
    -2.49803     4.52379     8.47879
     0.96343     0.26797    -0.00000
     0.26797    -0.96343    -0.00105
    -0.00028     0.00101    -1.00000
           0           2          12           1
    -3.51933     3.82535    -8.59683
     0.87317     0.48741    -0.00000
     0.48741    -0.87317    -0.00119
    -0.00058     0.00104    -1.00000
           0           2          12           2
    -3.51391     3.82064    -2.90484
     0.87318     0.48741    -0.00000
     0.48741    -0.87317    -0.00119
    -0.00058     0.00104    -1.00000
           0           2          12           3
    -3.50848     3.81593     2.78716
     0.87318     0.48741    -0.00000
     0.48741    -0.87317    -0.00119
    -0.00058     0.00104    -1.00000
           0           2          12           4
    -3.50306     3.81122     8.47914
     0.87318     0.48741    -0.00000
     0.48741    -0.87317    -0.00119
    -0.00058     0.00104    -1.00000
           0           2          13           1
    -4.32819     2.89605    -8.59685
     0.73377     0.67940    -0.00000
     0.67940    -0.73377    -0.00125
    -0.00085     0.00092    -1.00000
           0           2          13           2
    -4.32277     2.89134    -2.90484
     0.73377     0.67940    -0.00000
     0.67940    -0.73377    -0.00125
    -0.00085     0.00092    -1.00000
           0           2          13           3
    -4.31735     2.88663     2.78716
     0.73377     0.67940    -0.00000
     0.67940    -0.73377    -0.00125
    -0.00085     0.00092    -1.00000
           0           2          13           4
    -4.31193     2.88192     8.47914
     0.73378     0.67939    -0.00000
     0.67939    -0.73378    -0.00125
    -0.00085     0.00092    -1.00000
           0           2          14           1
    -4.89536     1.80234    -8.59720
     0.55305     0.83315    -0.00000
     0.83314    -0.55305    -0.00125
    -0.00104     0.00069    -1.00000
           0           2          14           2
    -4.88994     1.79763    -2.90521
     0.55305     0.83315    -0.00000
     0.83314    -0.55305    -0.00125
    -0.00104     0.00069    -1.00000
           0           2          14           3
    -4.88452     1.79292     2.78679
     0.55306     0.83314    -0.00000
     0.83314    -0.55306    -0.00125
    -0.00104     0.00069    -1.00000
           0           2          14           4
    -4.87911     1.78822     8.47877
     0.55306     0.83314    -0.00000
     0.83314    -0.55306    -0.00125
    -0.00104     0.00069    -1.00000
           0           2          15           1
    -5.18889     0.60581    -8.59792
     0.34121     0.93999    -0.00000
     0.93999    -0.34121    -0.00118
    -0.00111     0.00040    -1.00000
           0           2          15           2
    -5.18347     0.60111    -2.90592
     0.34121     0.93999    -0.00000
     0.93999    -0.34121    -0.00118
    -0.00111     0.00040    -1.00000
           0           2          15           3
    -5.17806     0.59640     2.78607
     0.34121     0.93999    -0.00000
     0.93998    -0.34121    -0.00118
    -0.00111     0.00040    -1.00000
           0           2          15           4
    -5.17265     0.59169     8.47807
     0.34122     0.93998    -0.00000
     0.93998    -0.34122    -0.00118
    -0.00111     0.00040    -1.00000
           0           2          16           1
    -5.19228    -0.62619    -8.59895
     0.11016     0.99391    -0.00000
     0.99391    -0.11016    -0.00104
    -0.00103     0.00011    -1.00000
           0           2          16           2
    -5.18687    -0.63090    -2.90694
     0.11016     0.99391    -0.00000
     0.99391    -0.11016    -0.00104
    -0.00103     0.00011    -1.00000
           0           2          16           3
    -5.18146    -0.63561     2.78505
     0.11017     0.99391    -0.00000
     0.99391    -0.11017    -0.00104
    -0.00103     0.00011    -1.00000
           0           2          16           4
    -5.17605    -0.64032     8.47704
     0.11017     0.99391    -0.00000
     0.99391    -0.11017    -0.00104
    -0.00103     0.00011    -1.00000
           0           2          17           1
    -4.90533    -1.82430    -8.60020
    -0.12710     0.99189    -0.00000
     0.99189     0.12710    -0.00084
    -0.00083    -0.00011    -1.00000
           0           2          17           2
    -4.89992    -1.82902    -2.90821
    -0.12709     0.99189    -0.00000
     0.99189     0.12709    -0.00084
    -0.00083    -0.00011    -1.00000
           0           2          17           3
    -4.89452    -1.83373     2.78379
    -0.12709     0.99189    -0.00000
     0.99189     0.12709    -0.00084
    -0.00083    -0.00011    -1.00000
           0           2          17           4
    -4.88911    -1.83845     8.47578
    -0.12709     0.99189    -0.00000
     0.99189     0.12709    -0.00084
    -0.00083    -0.00011    -1.00000
           0           2          18           1
    -4.34420    -2.92108    -8.60165
    -0.35719     0.93403    -0.00000
     0.93403     0.35719    -0.00059
    -0.00055    -0.00021    -1.00000
           0           2          18           2
    -4.33880    -2.92580    -2.90966
    -0.35719     0.93403    -0.00000
     0.93403     0.35719    -0.00059
    -0.00055    -0.00021    -1.00000
           0           2          18           3
    -4.33339    -2.93052     2.78234
    -0.35719     0.93403    -0.00000
     0.93403     0.35719    -0.00059
    -0.00055    -0.00021    -1.00000
           0           2          18           4
    -4.32798    -2.93524     8.47434
    -0.35719     0.93403    -0.00000
     0.93403     0.35719    -0.00059
    -0.00055    -0.00021    -1.00000
           0           2          19           1
    -3.54049    -3.85481    -8.60319
    -0.56718     0.82359    -0.00000
     0.82359     0.56718    -0.00031
    -0.00026    -0.00018    -1.00000
           0           2          19           2
    -3.53508    -3.85953    -2.91119
    -0.56718     0.82359    -0.00000
     0.82359     0.56718    -0.00031
    -0.00026    -0.00018    -1.00000
           0           2          19           3
    -3.52967    -3.86426     2.78080
    -0.56718     0.82359    -0.00000
     0.82359     0.56718    -0.00031
    -0.00026    -0.00018    -1.00000
           0           2          19           4
    -3.52427    -3.86898     8.47280
    -0.56718     0.82359    -0.00000
     0.82359     0.56718    -0.00031
    -0.00026    -0.00018    -1.00000
           0           2          20           1
    -2.53943    -4.57290    -8.60473
    -0.74524     0.66680    -0.00000
     0.66680     0.74524    -0.00002
    -0.00001    -0.00001    -1.00000
           0           2          20           2
    -2.53402    -4.57763    -2.91274
    -0.74524     0.66680    -0.00000
     0.66680     0.74524    -0.00002
    -0.00001    -0.00001    -1.00000
           0           2          20           3
    -2.52861    -4.58236     2.77926
    -0.74524     0.66679    -0.00000
     0.66679     0.74524    -0.00002
    -0.00001    -0.00001    -1.00000
           0           2          20           4
    -2.52320    -4.58708     8.47125
    -0.74524     0.66679    -0.00000
     0.66679     0.74524    -0.00002
    -0.00001    -0.00001    -1.00000
           0           3           1           1
     5.64335   -10.32359    12.80497
    -0.87813    -0.47843     0.00000
    -0.47843     0.87813     0.00055
    -0.00026     0.00048    -1.00000
           0           3           1           2
     5.63786   -10.32260     6.42957
    -0.87813    -0.47843     0.00000
    -0.47843     0.87813     0.00055
    -0.00026     0.00048    -1.00000
           0           3           1           3
     5.63238   -10.32161     0.05417
    -0.87813    -0.47843     0.00000
    -0.47843     0.87813     0.00055
    -0.00026     0.00048    -1.00000
           0           3           1           4
     5.62690   -10.32062    -6.32122
    -0.87813    -0.47843     0.00000
    -0.47843     0.87813     0.00055
    -0.00026     0.00048    -1.00000
           0           3           1           5
     5.62141   -10.31963   -12.69662
    -0.87813    -0.47843     0.00000
    -0.47843     0.87813     0.00055
    -0.00026     0.00048    -1.00000
           0           3           2           1
     7.56430    -7.12636    12.80381
    -0.68681    -0.72683     0.00000
    -0.72683     0.68681     0.00073
    -0.00053     0.00050    -1.00000
           0           3           2           2
     7.55881    -7.12537     6.42842
    -0.68681    -0.72683     0.00000
    -0.72683     0.68681     0.00073
    -0.00053     0.00050    -1.00000
           0           3           2           3
     7.55333    -7.12438     0.05302
    -0.68681    -0.72683     0.00000
    -0.72683     0.68681     0.00073
    -0.00053     0.00050    -1.00000
           0           3           2           4
     7.54784    -7.12339    -6.32238
    -0.68681    -0.72683     0.00000
    -0.72683     0.68681     0.00073
    -0.00053     0.00050    -1.00000
           0           3           2           5
     7.54236    -7.12239   -12.69778
    -0.68681    -0.72683     0.00000
    -0.72683     0.68681     0.00073
    -0.00053     0.00050    -1.00000
           0           3           3           1
    11.54100    -5.66826    12.80062
    -0.44177    -0.89713     0.00000
    -0.89713     0.44177     0.00084
    -0.00075     0.00037    -1.00000
           0           3           3           2
    11.53551    -5.66727     6.42522
    -0.44177    -0.89713     0.00000
    -0.89713     0.44177     0.00084
    -0.00075     0.00037    -1.00000
           0           3           3           3
    11.53001    -5.66628     0.04982
    -0.44177    -0.89713     0.00000
    -0.89713     0.44177     0.00084
    -0.00075     0.00037    -1.00000
           0           3           3           4
    11.52453    -5.66529    -6.32557
    -0.44177    -0.89713     0.00000
    -0.89713     0.44177     0.00084
    -0.00075     0.00037    -1.00000
           0           3           3           5
    11.51904    -5.66430   -12.70097
    -0.44177    -0.89713     0.00000
    -0.89713     0.44177     0.00084
    -0.00075     0.00037    -1.00000
           0           3           4           1
    11.59529    -2.06721    12.80113
    -0.17636    -0.98433     0.00000
    -0.98433     0.17636     0.00087
    -0.00086     0.00015    -1.00000
           0           3           4           2
    11.58980    -2.06622     6.42573
    -0.17636    -0.98433     0.00000
    -0.98433     0.17636     0.00087
    -0.00086     0.00015    -1.00000
           0           3           4           3
    11.58432    -2.06523     0.05034
    -0.17636    -0.98433     0.00000
    -0.98433     0.17636     0.00087
    -0.00086     0.00015    -1.00000
           0           3           4           4
    11.57882    -2.06424    -6.32506
    -0.17636    -0.98433     0.00000
    -0.98433     0.17636     0.00087
    -0.00086     0.00015    -1.00000
           0           3           4           5
    11.57335    -2.06325   -12.70046
    -0.17636    -0.98433     0.00000
    -0.98433     0.17636     0.00087
    -0.00086     0.00015    -1.00000
           0           3           5           1
    10.30355     1.43192    12.80278
     0.13712    -0.99055     0.00000
    -0.99055    -0.13712     0.00083
    -0.00082    -0.00011    -1.00000
           0           3           5           2
    10.29806     1.43291     6.42739
     0.13712    -0.99055     0.00000
    -0.99055    -0.13712     0.00083
    -0.00082    -0.00011    -1.00000
           0           3           5           3
    10.29258     1.43390     0.05199
     0.13712    -0.99055     0.00000
    -0.99055    -0.13712     0.00083
    -0.00082    -0.00011    -1.00000
           0           3           5           4
    10.28709     1.43489    -6.32341
     0.13712    -0.99055     0.00000
    -0.99055    -0.13712     0.00083
    -0.00082    -0.00011    -1.00000
           0           3           5           5
    10.28161     1.43588   -12.69880
     0.13712    -0.99055     0.00000
    -0.99055    -0.13712     0.00083
    -0.00082    -0.00011    -1.00000
           0           3           6           1
    11.65481     5.44616    12.80225
     0.42330    -0.90599     0.00000
    -0.90599    -0.42330     0.00071
    -0.00064    -0.00030    -1.00000
           0           3           6           2
    11.64932     5.44715     6.42685
     0.42330    -0.90599     0.00000
    -0.90599    -0.42330     0.00071
    -0.00064    -0.00030    -1.00000
           0           3           6           3
    11.64384     5.44814     0.05145
     0.42330    -0.90599     0.00000
    -0.90599    -0.42330     0.00071
    -0.00064    -0.00030    -1.00000
           0           3           6           4
    11.63835     5.44913    -6.32394
     0.42330    -0.90599     0.00000
    -0.90599    -0.42330     0.00071
    -0.00064    -0.00030    -1.00000
           0           3           6           5
    11.63287     5.45012   -12.69934
     0.42330    -0.90599     0.00000
    -0.90599    -0.42330     0.00071
    -0.00064    -0.00030    -1.00000
           0           3           7           1
     8.87999     7.74201    12.80499
     0.65742    -0.75353     0.00000
    -0.75353    -0.65742     0.00055
    -0.00041    -0.00036    -1.00000
           0           3           7           2
     8.87450     7.74300     6.42959
     0.65742    -0.75353     0.00000
    -0.75353    -0.65742     0.00055
    -0.00041    -0.00036    -1.00000
           0           3           7           3
     8.86902     7.74399     0.05420
     0.65742    -0.75353     0.00000
    -0.75353    -0.65742     0.00055
    -0.00041    -0.00036    -1.00000
           0           3           7           4
     8.86354     7.74498    -6.32120
     0.65742    -0.75353     0.00000
    -0.75353    -0.65742     0.00055
    -0.00041    -0.00036    -1.00000
           0           3           7           5
     8.85805     7.74597   -12.69660
     0.65742    -0.75353     0.00000
    -0.75353    -0.65742     0.00055
    -0.00041    -0.00036    -1.00000
           0           3           8           1
     5.34234     8.92418    12.80822
     0.85844    -0.51292     0.00000
    -0.51292    -0.85844     0.00031
    -0.00016    -0.00027    -1.00000
           0           3           8           2
     5.33686     8.92517     6.43282
     0.85844    -0.51292     0.00000
    -0.51292    -0.85844     0.00031
    -0.00016    -0.00027    -1.00000
           0           3           8           3
     5.33137     8.92615     0.05742
     0.85844    -0.51292     0.00000
    -0.51292    -0.85844     0.00031
    -0.00016    -0.00027    -1.00000
           0           3           8           4
     5.32589     8.92714    -6.31797
     0.85844    -0.51292     0.00000
    -0.51292    -0.85844     0.00031
    -0.00016    -0.00027    -1.00000
           0           3           8           5
     5.32040     8.92813   -12.69337
     0.85844    -0.51292     0.00000
    -0.51292    -0.85844     0.00031
    -0.00016    -0.00027    -1.00000
           0           3           9           1
    -5.36231     8.93071   -12.79951
    -0.85791    -0.51381    -0.00000
     0.51381    -0.85790    -0.00120
     0.00062    -0.00103     1.00000
           0           3           9           2
    -5.35625     8.92544    -6.42412
    -0.85791    -0.51381    -0.00000
     0.51381    -0.85790    -0.00120
     0.00062    -0.00103     1.00000
           0           3           9           3
    -5.35018     8.92016    -0.04872
    -0.85791    -0.51381    -0.00000
     0.51381    -0.85790    -0.00120
     0.00062    -0.00103     1.00000
           0           3           9           4
    -5.34410     8.91489     6.32667
    -0.85791    -0.51381    -0.00000
     0.51381    -0.85790    -0.00120
     0.00062    -0.00103     1.00000
           0           3           9           5
    -5.33803     8.90961    12.70207
    -0.85791    -0.51381    -0.00000
     0.51381    -0.85790    -0.00120
     0.00062    -0.00103     1.00000
           0           3          10           1
    -8.89778     7.74595   -12.79712
    -0.65672    -0.75414    -0.00000
     0.75414    -0.65672    -0.00126
     0.00095    -0.00083     1.00000
           0           3          10           2
    -8.89172     7.74068    -6.42173
    -0.65672    -0.75414    -0.00000
     0.75414    -0.65672    -0.00126
     0.00095    -0.00083     1.00000
           0           3          10           3
    -8.88564     7.73540    -0.04633
    -0.65672    -0.75414    -0.00000
     0.75414    -0.65672    -0.00126
     0.00095    -0.00083     1.00000
           0           3          10           4
    -8.87956     7.73013     6.32906
    -0.65672    -0.75414    -0.00000
     0.75414    -0.65672    -0.00126
     0.00095    -0.00083     1.00000
           0           3          10           5
    -8.87350     7.72485    12.70446
    -0.65672    -0.75414    -0.00000
     0.75414    -0.65672    -0.00126
     0.00095    -0.00083     1.00000
           0           3          11           1
   -11.67008     5.44847   -12.79638
    -0.42254    -0.90634    -0.00000
     0.90634    -0.42254    -0.00121
     0.00110    -0.00051     1.00000
           0           3          11           2
   -11.66401     5.44320    -6.42098
    -0.42254    -0.90634    -0.00000
     0.90634    -0.42254    -0.00121
     0.00110    -0.00051     1.00000
           0           3          11           3
   -11.65794     5.43792    -0.04559
    -0.42254    -0.90634    -0.00000
     0.90634    -0.42254    -0.00121
     0.00110    -0.00051     1.00000
           0           3          11           4
   -11.65186     5.43265     6.32981
    -0.42254    -0.90634    -0.00000
     0.90634    -0.42254    -0.00121
     0.00110    -0.00051     1.00000
           0           3          11           5
   -11.64579     5.42737    12.70520
    -0.42254    -0.90634    -0.00000
     0.90634    -0.42254    -0.00121
     0.00110    -0.00051     1.00000
           0           3          12           1
   -10.31575     1.43330   -12.80099
    -0.13610    -0.99070    -0.00000
     0.99069    -0.13610    -0.00106
     0.00105    -0.00014     1.00000
           0           3          12           2
   -10.30967     1.42803    -6.42559
    -0.13610    -0.99070    -0.00000
     0.99069    -0.13610    -0.00106
     0.00105    -0.00014     1.00000
           0           3          12           3
   -10.30359     1.42275    -0.05020
    -0.13610    -0.99070    -0.00000
     0.99069    -0.13610    -0.00106
     0.00105    -0.00014     1.00000
           0           3          12           4
   -10.29751     1.41748     6.32520
    -0.13610    -0.99070    -0.00000
     0.99069    -0.13610    -0.00106
     0.00105    -0.00014     1.00000
           0           3          12           5
   -10.29144     1.41220    12.70059
    -0.13610    -0.99070    -0.00000
     0.99069    -0.13610    -0.00106
     0.00105    -0.00014     1.00000
           0           3          13           1
   -11.60411    -2.06576   -12.80265
     0.17726    -0.98416    -0.00000
     0.98416     0.17726    -0.00079
     0.00078     0.00014     1.00000
           0           3          13           2
   -11.59803    -2.07103    -6.42726
     0.17726    -0.98416    -0.00000
     0.98416     0.17726    -0.00079
     0.00078     0.00014     1.00000
           0           3          13           3
   -11.59194    -2.07631    -0.05186
     0.17726    -0.98416    -0.00000
     0.98416     0.17726    -0.00079
     0.00078     0.00014     1.00000
           0           3          13           4
   -11.58586    -2.08158     6.32353
     0.17726    -0.98416    -0.00000
     0.98416     0.17726    -0.00079
     0.00078     0.00014     1.00000
           0           3          13           5
   -11.57978    -2.08685    12.69893
     0.17726    -0.98416    -0.00000
     0.98416     0.17726    -0.00079
     0.00078     0.00014     1.00000
           0           3          14           1
   -11.54693    -5.66587   -12.80568
     0.44252    -0.89676    -0.00000
     0.89676     0.44252    -0.00049
     0.00044     0.00022     1.00000
           0           3          14           2
   -11.54086    -5.67114    -6.43029
     0.44252    -0.89676    -0.00000
     0.89676     0.44252    -0.00049
     0.00044     0.00022     1.00000
           0           3          14           3
   -11.53478    -5.67641    -0.05489
     0.44252    -0.89676    -0.00000
     0.89676     0.44252    -0.00049
     0.00044     0.00022     1.00000
           0           3          14           4
   -11.52870    -5.68169     6.32050
     0.44252    -0.89676    -0.00000
     0.89676     0.44252    -0.00049
     0.00044     0.00022     1.00000
           0           3          14           5
   -11.52262    -5.68696    12.69590
     0.44252    -0.89676    -0.00000
     0.89676     0.44252    -0.00049
     0.00044     0.00022     1.00000
           0           3          15           1
    -7.56760    -7.12212   -12.81068
     0.68757    -0.72611    -0.00000
     0.72611     0.68757    -0.00012
     0.00009     0.00008     1.00000
           0           3          15           2
    -7.56152    -7.12740    -6.43528
     0.68757    -0.72611    -0.00000
     0.72611     0.68757    -0.00012
     0.00009     0.00008     1.00000
           0           3          15           3
    -7.55544    -7.13266    -0.05989
     0.68757    -0.72611    -0.00000
     0.72611     0.68757    -0.00012
     0.00009     0.00008     1.00000
           0           3          15           4
    -7.54937    -7.13794     6.31551
     0.68757    -0.72611    -0.00000
     0.72611     0.68757    -0.00012
     0.00009     0.00008     1.00000
           0           3          15           5
    -7.54327    -7.14320    12.69090
     0.68757    -0.72611    -0.00000
     0.72611     0.68757    -0.00012
     0.00009     0.00008     1.00000
           0           3          16           1
    -5.64458   -10.31669   -12.81515
     0.87857    -0.47762     0.00000
     0.47762     0.87857     0.00027
    -0.00013    -0.00024     1.00000
           0           3          16           2
    -5.63849   -10.32197    -6.43976
     0.87857    -0.47762     0.00000
     0.47762     0.87857     0.00027
    -0.00013    -0.00024     1.00000
           0           3          16           3
