 SVX cage parameters:
     2.20000
     0.50000     0.20000
     0.00000
           6
   -40.00000   -26.50000   -26.50000    26.50000    26.50000    40.00000
    53.00000    53.00000    22.14782    22.14782    53.00000    53.00000
     0.00000     0.00000     0.00000
 SVX barrel parameters:
           4
     2.63000     5.19260    11.76500    16.68700     1.14100
     0.00000     0.00000     0.00000     0.00000
           4           4           5           6
     0.69600     0.69600     1.74500     1.74500
     0.01000     0.01000     0.03125     0.03125
     2.83600     2.83600     3.18770     3.18770
     0.01900     0.01900     0.00000     0.00000
     0.02000     0.02000     0.00000     0.00000
    26.70000    13.62600    17.00000    12.00000
   -13.00000   -12.98000     0.00000     0.00000
           2
           5           5
     0.00000   180.00000
           2
          10          10
     0.00000   180.00000
           2
           8           8
     0.00000   180.00000
           2
          12          12
     0.00000   180.00000
 SVX barrel sensor rotation matrices and translation vectors:
           0           1           1           1
     1.60598    -2.12512     8.59649
     0.63839     0.76972     0.00000
    -0.76972     0.63839     0.00086
     0.00066    -0.00055     1.00000
           0           1           1           2
     1.60091    -2.12355     2.90449
     0.63837     0.76973     0.00000
    -0.76973     0.63837     0.00086
     0.00066    -0.00055     1.00000
           0           1           1           3
     1.59587    -2.12198    -2.78751
     0.63836     0.76974     0.00000
    -0.76974     0.63836     0.00086
     0.00066    -0.00055     1.00000
           0           1           1           4
     1.59081    -2.12039    -8.47951
     0.63835     0.76975     0.00000
    -0.76975     0.63835     0.00086
     0.00066    -0.00055     1.00000
           0           1           2           1
     2.37658    -1.18353     8.60184
     0.22365     0.97467     0.00000
    -0.97467     0.22365     0.00093
     0.00091    -0.00021     1.00000
           0           1           2           2
     2.37151    -1.18194     2.90984
     0.22363     0.97468     0.00000
    -0.97467     0.22363     0.00093
     0.00091    -0.00021     1.00000
           0           1           2           3
     2.36646    -1.18035    -2.78215
     0.22360     0.97468     0.00000
    -0.97468     0.22360     0.00093
     0.00091    -0.00021     1.00000
           0           1           2           4
     2.36139    -1.17873    -8.47415
     0.22356     0.97469     0.00000
    -0.97469     0.22356     0.00093
     0.00091    -0.00021     1.00000
           0           1           3           1
     2.64579    -0.00028     8.60201
    -0.23735     0.97142     0.00000
    -0.97142    -0.23735     0.00080
     0.00078     0.00019     1.00000
           0           1           3           2
     2.64070     0.00134     2.91001
    -0.23738     0.97142     0.00000
    -0.97142    -0.23738     0.00080
     0.00078     0.00019     1.00000
           0           1           3           3
     2.63561     0.00294    -2.78198
    -0.23740     0.97141     0.00000
    -0.97141    -0.23740     0.00080
     0.00078     0.00019     1.00000
           0           1           3           4
     2.63051     0.00456    -8.47398
    -0.23743     0.97140     0.00000
    -0.97140    -0.23743     0.00080
     0.00078     0.00019     1.00000
           0           1           4           1
     2.35231     1.17900     8.60726
    -0.64797     0.76167     0.00000
    -0.76167    -0.64797     0.00050
     0.00038     0.00032     1.00000
           0           1           4           2
     2.34719     1.18060     2.91527
    -0.64798     0.76166     0.00000
    -0.76166    -0.64798     0.00050
     0.00038     0.00032     1.00000
           0           1           4           3
     2.34208     1.18220    -2.77672
    -0.64800     0.76164     0.00000
    -0.76164    -0.64800     0.00050
     0.00038     0.00032     1.00000
           0           1           4           4
     2.33696     1.18381    -8.46872
    -0.64801     0.76163     0.00000
    -0.76163    -0.64801     0.00050
     0.00038     0.00032     1.00000
           0           1           5           1
     1.55518     2.10175     8.60244
    -0.92142     0.38856     0.00000
    -0.38856    -0.92142     0.00010
     0.00004     0.00009     1.00000
           0           1           5           2
     1.55005     2.10331     2.91044
    -0.92143     0.38855     0.00000
    -0.38855    -0.92143     0.00010
     0.00004     0.00009     1.00000
           0           1           5           3
     1.54493     2.10488    -2.78155
    -0.92143     0.38854     0.00000
    -0.38854    -0.92143     0.00010
     0.00004     0.00009     1.00000
           0           1           5           4
     1.53982     2.10646    -8.47355
    -0.92143     0.38854     0.00000
    -0.38854    -0.92143     0.00010
     0.00004     0.00009     1.00000
           0           1           6           1
    -1.55758     2.07004    -8.57700
     0.92052     0.39069    -0.00000
     0.39069    -0.92052    -0.00126
    -0.00049     0.00116    -1.00000
           0           1           6           2
    -1.55058     2.06523    -2.88500
     0.92053     0.39066    -0.00000
     0.39066    -0.92053    -0.00126
    -0.00049     0.00116    -1.00000
           0           1           6           3
    -1.54357     2.06041     2.80700
     0.92054     0.39065    -0.00000
     0.39065    -0.92054    -0.00126
    -0.00049     0.00116    -1.00000
           0           1           6           4
    -1.53656     2.05559     8.49899
     0.92055     0.39062    -0.00000
     0.39062    -0.92055    -0.00126
    -0.00049     0.00116    -1.00000
           0           1           7           1
    -2.33354     1.15593    -8.58153
     0.64773     0.76187    -0.00000
     0.76187    -0.64773    -0.00148
    -0.00113     0.00096    -1.00000
           0           1           7           2
    -2.32654     1.15117    -2.88954
     0.64776     0.76185    -0.00000
     0.76185    -0.64775    -0.00148
    -0.00113     0.00096    -1.00000
           0           1           7           3
    -2.31953     1.14640     2.80246
     0.64778     0.76182    -0.00000
     0.76182    -0.64778    -0.00148
    -0.00113     0.00096    -1.00000
           0           1           7           4
    -2.31253     1.14163     8.49445
     0.64781     0.76181    -0.00000
     0.76180    -0.64780    -0.00148
    -0.00113     0.00096    -1.00000
           0           1           8           1
    -2.63092    -0.00746    -8.59418
     0.23679     0.97156    -0.00000
     0.97156    -0.23679    -0.00139
    -0.00135     0.00033    -1.00000
           0           1           8           2
    -2.62395    -0.01220    -2.90219
     0.23682     0.97155    -0.00000
     0.97155    -0.23682    -0.00139
    -0.00135     0.00033    -1.00000
           0           1           8           3
    -2.61699    -0.01695     2.78980
     0.23684     0.97155    -0.00000
     0.97155    -0.23684    -0.00139
    -0.00135     0.00033    -1.00000
           0           1           8           4
    -2.61002    -0.02170     8.48179
     0.23686     0.97154    -0.00000
     0.97154    -0.23686    -0.00139
    -0.00135     0.00033    -1.00000
           0           1           9           1
    -2.35907    -1.18319    -8.58641
    -0.22688     0.97392    -0.00000
     0.97392     0.22688    -0.00100
    -0.00097    -0.00023    -1.00000
           0           1           9           2
    -2.35216    -1.18793    -2.89441
    -0.22688     0.97392    -0.00000
     0.97392     0.22688    -0.00100
    -0.00097    -0.00023    -1.00000
           0           1           9           3
    -2.34523    -1.19267     2.79758
    -0.22687     0.97393    -0.00000
     0.97392     0.22687    -0.00100
    -0.00097    -0.00023    -1.00000
           0           1           9           4
    -2.33832    -1.19741     8.48957
    -0.22686     0.97393    -0.00000
     0.97393     0.22686    -0.00100
    -0.00097    -0.00023    -1.00000
           0           1          10           1
    -1.60483    -2.11567    -8.59191
    -0.63931     0.76895    -0.00000
     0.76895     0.63931    -0.00039
    -0.00030    -0.00025    -1.00000
           0           1          10           2
    -1.59792    -2.12047    -2.89991
    -0.63931     0.76895    -0.00000
     0.76895     0.63931    -0.00039
    -0.00030    -0.00025    -1.00000
           0           1          10           3
    -1.59100    -2.12528     2.79209
    -0.63931     0.76895    -0.00000
     0.76895     0.63931    -0.00039
    -0.00030    -0.00025    -1.00000
           0           1          10           4
    -1.58410    -2.13010     8.48408
    -0.63931     0.76895    -0.00000
     0.76895     0.63931    -0.00039
    -0.00030    -0.00025    -1.00000
           0           2           1           1
     2.52896    -4.56834     8.60516
     0.74558     0.66641     0.00000
    -0.66641     0.74558     0.00080
     0.00053    -0.00060     1.00000
           0           2           1           2
     2.52388    -4.56674     2.91316
     0.74558     0.66641     0.00000
    -0.66641     0.74558     0.00080
     0.00053    -0.00060     1.00000
           0           2           1           3
     2.51879    -4.56516    -2.77884
     0.74557     0.66642     0.00000
    -0.66642     0.74557     0.00080
     0.00053    -0.00060     1.00000
           0           2           1           4
     2.51371    -4.56355    -8.47083
     0.74557     0.66642     0.00000
    -0.66642     0.74557     0.00080
     0.00053    -0.00060     1.00000
           0           2           2           1
     3.52685    -3.85086     8.61420
     0.56824     0.82286     0.00000
    -0.82286     0.56824     0.00090
     0.00074    -0.00051     1.00000
           0           2           2           2
     3.52178    -3.84926     2.92220
     0.56824     0.82286     0.00000
    -0.82286     0.56824     0.00090
     0.00074    -0.00051     1.00000
           0           2           2           3
     3.51669    -3.84766    -2.76980
     0.56824     0.82286     0.00000
    -0.82286     0.56824     0.00090
     0.00074    -0.00051     1.00000
           0           2           2           4
     3.51162    -3.84606    -8.46180
     0.56824     0.82286     0.00000
    -0.82286     0.56824     0.00090
     0.00074    -0.00051     1.00000
           0           2           3           1
     4.34004    -2.91549     8.60963
     0.35732     0.93398     0.00000
    -0.93398     0.35732     0.00093
     0.00087    -0.00033     1.00000
           0           2           3           2
     4.33496    -2.91388     2.91763
     0.35732     0.93398     0.00000
    -0.93398     0.35732     0.00093
     0.00087    -0.00033     1.00000
           0           2           3           3
     4.32989    -2.91228    -2.77437
     0.35731     0.93399     0.00000
    -0.93399     0.35731     0.00093
     0.00087    -0.00033     1.00000
           0           2           3           4
     4.32481    -2.91068    -8.46637
     0.35731     0.93399     0.00000
    -0.93399     0.35731     0.00093
     0.00087    -0.00033     1.00000
           0           2           4           1
     4.89579    -1.81861     8.61334
     0.12796     0.99178     0.00000
    -0.99178     0.12796     0.00092
     0.00091    -0.00012     1.00000
           0           2           4           2
     4.89071    -1.81700     2.92135
     0.12796     0.99178     0.00000
    -0.99178     0.12796     0.00092
     0.00091    -0.00012     1.00000
           0           2           4           3
     4.88563    -1.81540    -2.77065
     0.12795     0.99178     0.00000
    -0.99178     0.12795     0.00092
     0.00091    -0.00012     1.00000
           0           2           4           4
     4.88056    -1.81379    -8.46265
     0.12795     0.99178     0.00000
    -0.99178     0.12795     0.00092
     0.00091    -0.00012     1.00000
           0           2           5           1
     5.19812    -0.61774     8.61375
    -0.11005     0.99393     0.00000
    -0.99393    -0.11005     0.00085
     0.00084     0.00009     1.00000
           0           2           5           2
     5.19304    -0.61612     2.92175
    -0.11004     0.99393     0.00000
    -0.99393    -0.11004     0.00085
     0.00084     0.00009     1.00000
           0           2           5           3
     5.18796    -0.61452    -2.77025
    -0.11004     0.99393     0.00000
    -0.99393    -0.11004     0.00085
     0.00084     0.00009     1.00000
           0           2           5           4
     5.18288    -0.61291    -8.46223
    -0.11004     0.99393     0.00000
    -0.99393    -0.11004     0.00085
     0.00084     0.00009     1.00000
           0           2           6           1
     5.19099     0.61408     8.61556
    -0.34042     0.94027     0.00000
    -0.94027    -0.34042     0.00074
     0.00070     0.00025     1.00000
           0           2           6           2
     5.18591     0.61570     2.92357
    -0.34042     0.94028     0.00000
    -0.94027    -0.34042     0.00074
     0.00070     0.00025     1.00000
           0           2           6           3
     5.18082     0.61730    -2.76843
    -0.34042     0.94027     0.00000
    -0.94027    -0.34042     0.00074
     0.00070     0.00025     1.00000
           0           2           6           4
     5.17574     0.61892    -8.46043
    -0.34042     0.94027     0.00000
    -0.94027    -0.34042     0.00074
     0.00070     0.00025     1.00000
           0           2           7           1
     4.89710     1.81499     8.61311
    -0.55258     0.83346     0.00000
    -0.83346    -0.55258     0.00059
     0.00049     0.00033     1.00000
           0           2           7           2
     4.89201     1.81660     2.92112
    -0.55258     0.83346     0.00000
    -0.83346    -0.55258     0.00059
     0.00049     0.00033     1.00000
           0           2           7           3
     4.88693     1.81821    -2.77088
    -0.55258     0.83346     0.00000
    -0.83346    -0.55258     0.00059
     0.00049     0.00033     1.00000
           0           2           7           4
     4.88185     1.81982    -8.46288
    -0.55258     0.83346     0.00000
    -0.83346    -0.55258     0.00059
     0.00049     0.00033     1.00000
           0           2           8           1
     4.32466     2.90323     8.61395
    -0.73280     0.68044     0.00000
    -0.68044    -0.73280     0.00040
     0.00027     0.00029     1.00000
           0           2           8           2
     4.31958     2.90484     2.92195
    -0.73280     0.68044     0.00000
    -0.68044    -0.73280     0.00040
     0.00027     0.00029     1.00000
           0           2           8           3
     4.31449     2.90644    -2.77005
    -0.73280     0.68045     0.00000
    -0.68045    -0.73280     0.00040
     0.00027     0.00029     1.00000
           0           2           8           4
     4.30940     2.90805    -8.46204
    -0.73280     0.68045     0.00000
    -0.68045    -0.73280     0.00040
     0.00027     0.00029     1.00000
           0           2           9           1
     3.51785     3.84345     8.60904
    -0.87295     0.48780     0.00000
    -0.48780    -0.87295     0.00019
     0.00009     0.00017     1.00000
           0           2           9           2
     3.51276     3.84506     2.91704
    -0.87295     0.48780     0.00000
    -0.48780    -0.87295     0.00019
     0.00009     0.00017     1.00000
           0           2           9           3
     3.50766     3.84666    -2.77496
    -0.87295     0.48780     0.00000
    -0.48780    -0.87295     0.00019
     0.00009     0.00017     1.00000
           0           2           9           4
     3.50256     3.84827    -8.46695
    -0.87296     0.48779     0.00000
    -0.48779    -0.87296     0.00019
     0.00009     0.00017     1.00000
           0           2          10           1
     2.50451     4.53923     8.62108
    -0.96312     0.26906    -0.00000
    -0.26906    -0.96312    -0.00003
    -0.00001    -0.00003     1.00000
           0           2          10           2
     2.49944     4.54083     2.92909
    -0.96313     0.26905    -0.00000
    -0.26905    -0.96313    -0.00003
    -0.00001    -0.00003     1.00000
           0           2          10           3
     2.49435     4.54242    -2.76290
    -0.96313     0.26905    -0.00000
    -0.26905    -0.96313    -0.00003
    -0.00001    -0.00003     1.00000
           0           2          10           4
     2.48929     4.54402    -8.45490
    -0.96313     0.26905    -0.00000
    -0.26905    -0.96313    -0.00003
    -0.00001    -0.00003     1.00000
           0           2          11           1
    -2.51598     4.53204    -8.57905
     0.96329     0.26845    -0.00000
     0.26845    -0.96329    -0.00115
    -0.00031     0.00111    -1.00000
           0           2          11           2
    -2.50896     4.52725    -2.88706
     0.96330     0.26844    -0.00000
     0.26844    -0.96329    -0.00115
    -0.00031     0.00111    -1.00000
           0           2          11           3
    -2.50195     4.52245     2.80494
     0.96330     0.26844    -0.00000
     0.26844    -0.96329    -0.00115
    -0.00031     0.00111    -1.00000
           0           2          11           4
    -2.49493     4.51765     8.49693
     0.96329     0.26845    -0.00000
     0.26845    -0.96329    -0.00115
    -0.00031     0.00111    -1.00000
           0           2          12           1
    -3.52156     3.82462    -8.58391
     0.87312     0.48750    -0.00000
     0.48750    -0.87312    -0.00134
    -0.00065     0.00117    -1.00000
           0           2          12           2
    -3.51455     3.81984    -2.89192
     0.87313     0.48749    -0.00000
     0.48749    -0.87313    -0.00134
    -0.00065     0.00117    -1.00000
           0           2          12           3
    -3.50752     3.81505     2.80007
     0.87313     0.48749    -0.00000
     0.48749    -0.87313    -0.00134
    -0.00065     0.00117    -1.00000
           0           2          12           4
    -3.50050     3.81025     8.49207
     0.87313     0.48749    -0.00000
     0.48749    -0.87313    -0.00134
    -0.00065     0.00117    -1.00000
           0           2          13           1
    -4.31855     2.88715    -8.58643
     0.73367     0.67950    -0.00000
     0.67950    -0.73367    -0.00145
    -0.00099     0.00106    -1.00000
           0           2          13           2
    -4.31155     2.88237    -2.89444
     0.73368     0.67949    -0.00000
     0.67949    -0.73368    -0.00145
    -0.00099     0.00106    -1.00000
           0           2          13           3
    -4.30454     2.87758     2.79755
     0.73368     0.67949    -0.00000
     0.67949    -0.73368    -0.00145
    -0.00099     0.00106    -1.00000
           0           2          13           4
    -4.29752     2.87278     8.48955
     0.73368     0.67949    -0.00000
     0.67949    -0.73368    -0.00145
    -0.00099     0.00106    -1.00000
           0           2          14           1
    -4.88627     1.80241    -8.58455
     0.55372     0.83270    -0.00000
     0.83270    -0.55372    -0.00149
    -0.00124     0.00083    -1.00000
           0           2          14           2
    -4.87927     1.79763    -2.89256
     0.55372     0.83270    -0.00000
     0.83270    -0.55372    -0.00149
    -0.00124     0.00083    -1.00000
           0           2          14           3
    -4.87226     1.79286     2.79944
     0.55373     0.83269    -0.00000
     0.83269    -0.55373    -0.00149
    -0.00124     0.00083    -1.00000
           0           2          14           4
    -4.86525     1.78807     8.49143
     0.55373     0.83269    -0.00000
     0.83269    -0.55373    -0.00149
    -0.00124     0.00083    -1.00000
           0           2          15           1
    -5.19188     0.60710    -8.58602
     0.34148     0.93989    -0.00000
     0.93989    -0.34148    -0.00144
    -0.00135     0.00049    -1.00000
           0           2          15           2
    -5.18488     0.60231    -2.89403
     0.34148     0.93989    -0.00000
     0.93989    -0.34148    -0.00144
    -0.00135     0.00049    -1.00000
           0           2          15           3
    -5.17787     0.59752     2.79797
     0.34148     0.93989    -0.00000
     0.93989    -0.34148    -0.00144
    -0.00135     0.00049    -1.00000
           0           2          15           4
    -5.17086     0.59273     8.48996
     0.34148     0.93989    -0.00000
     0.93989    -0.34148    -0.00144
    -0.00135     0.00049    -1.00000
           0           2          16           1
    -5.18008    -0.62498    -8.58333
     0.11013     0.99392    -0.00000
     0.99392    -0.11013    -0.00132
    -0.00131     0.00015    -1.00000
           0           2          16           2
    -5.17308    -0.62976    -2.89133
     0.11013     0.99392    -0.00000
     0.99392    -0.11013    -0.00132
    -0.00131     0.00015    -1.00000
           0           2          16           3
    -5.16608    -0.63454     2.80066
     0.11013     0.99392    -0.00000
     0.99392    -0.11013    -0.00132
    -0.00131     0.00015    -1.00000
           0           2          16           4
    -5.15908    -0.63932     8.49266
     0.11013     0.99392    -0.00000
     0.99392    -0.11013    -0.00132
    -0.00131     0.00015    -1.00000
           0           2          17           1
    -4.88941    -1.82017    -8.58687
    -0.12748     0.99184    -0.00000
     0.99184     0.12748    -0.00111
    -0.00110    -0.00014    -1.00000
           0           2          17           2
    -4.88240    -1.82494    -2.89487
    -0.12748     0.99184    -0.00000
     0.99184     0.12748    -0.00111
    -0.00110    -0.00014    -1.00000
           0           2          17           3
    -4.87541    -1.82971     2.79712
    -0.12748     0.99184    -0.00000
     0.99184     0.12748    -0.00111
    -0.00110    -0.00014    -1.00000
           0           2          17           4
    -4.86842    -1.83448     8.48911
    -0.12748     0.99184    -0.00000
     0.99184     0.12748    -0.00111
    -0.00110    -0.00014    -1.00000
           0           2          18           1
    -4.33405    -2.91587    -8.59103
    -0.35756     0.93389    -0.00000
     0.93389     0.35756    -0.00084
    -0.00078    -0.00030    -1.00000
           0           2          18           2
    -4.32706    -2.92065    -2.89904
    -0.35756     0.93389    -0.00000
     0.93389     0.35756    -0.00084
    -0.00078    -0.00030    -1.00000
           0           2          18           3
    -4.32005    -2.92544     2.79295
    -0.35756     0.93389    -0.00000
     0.93389     0.35756    -0.00084
    -0.00078    -0.00030    -1.00000
           0           2          18           4
    -4.31308    -2.93022     8.48494
    -0.35756     0.93389    -0.00000
     0.93389     0.35756    -0.00084
    -0.00078    -0.00030    -1.00000
           0           2          19           1
    -3.53248    -3.84731    -8.59154
    -0.56749     0.82338    -0.00000
     0.82338     0.56749    -0.00053
    -0.00044    -0.00030    -1.00000
           0           2          19           2
    -3.52548    -3.85210    -2.89955
    -0.56749     0.82338    -0.00000
     0.82338     0.56749    -0.00053
    -0.00044    -0.00030    -1.00000
           0           2          19           3
    -3.51849    -3.85689     2.79245
    -0.56749     0.82338    -0.00000
     0.82338     0.56749    -0.00053
    -0.00044    -0.00030    -1.00000
           0           2          19           4
    -3.51152    -3.86168     8.48443
    -0.56750     0.82338    -0.00000
     0.82338     0.56749    -0.00053
    -0.00044    -0.00030    -1.00000
           0           2          20           1
    -2.53949    -4.57204    -8.59351
    -0.74536     0.66666    -0.00000
     0.66666     0.74536    -0.00020
    -0.00013    -0.00015    -1.00000
           0           2          20           2
    -2.53248    -4.57684    -2.90151
    -0.74536     0.66666    -0.00000
     0.66666     0.74536    -0.00020
    -0.00013    -0.00015    -1.00000
           0           2          20           3
    -2.52549    -4.58165     2.79049
    -0.74536     0.66666    -0.00000
     0.66666     0.74536    -0.00020
    -0.00013    -0.00015    -1.00000
           0           2          20           4
    -2.51849    -4.58645     8.48248
    -0.74536     0.66666    -0.00000
     0.66666     0.74536    -0.00020
    -0.00013    -0.00015    -1.00000
           0           3           1           1
     5.64944   -10.34012    12.80467
    -0.87821    -0.47828     0.00000
    -0.47828     0.87821     0.00068
    -0.00033     0.00060    -1.00000
           0           3           1           2
     5.64375   -10.33832     6.42926
    -0.87821    -0.47828     0.00000
    -0.47828     0.87821     0.00068
    -0.00033     0.00060    -1.00000
           0           3           1           3
     5.63805   -10.33653     0.05387
    -0.87821    -0.47828     0.00000
    -0.47828     0.87821     0.00068
    -0.00033     0.00060    -1.00000
           0           3           1           4
     5.63236   -10.33473    -6.32153
    -0.87821    -0.47828     0.00000
    -0.47828     0.87821     0.00068
    -0.00033     0.00060    -1.00000
           0           3           1           5
     5.62666   -10.33293   -12.69693
    -0.87821    -0.47828     0.00000
    -0.47828     0.87821     0.00068
    -0.00033     0.00060    -1.00000
           0           3           2           1
     7.56479    -7.14197    12.79947
    -0.68751    -0.72618     0.00000
    -0.72618     0.68751     0.00084
    -0.00061     0.00058    -1.00000
           0           3           2           2
     7.55911    -7.14016     6.42407
    -0.68751    -0.72618     0.00000
    -0.72618     0.68751     0.00084
    -0.00061     0.00058    -1.00000
           0           3           2           3
     7.55341    -7.13837     0.04868
    -0.68751    -0.72618     0.00000
    -0.72618     0.68751     0.00084
    -0.00061     0.00058    -1.00000
           0           3           2           4
     7.54772    -7.13657    -6.32672
    -0.68751    -0.72618     0.00000
    -0.72617     0.68751     0.00084
    -0.00061     0.00058    -1.00000
           0           3           2           5
     7.54203    -7.13477   -12.70212
    -0.68751    -0.72617     0.00000
    -0.72617     0.68751     0.00084
    -0.00061     0.00058    -1.00000
           0           3           3           1
    11.54974    -5.65815    12.81268
    -0.44076    -0.89762     0.00000
    -0.89762     0.44076     0.00093
    -0.00083     0.00041    -1.00000
           0           3           3           2
    11.54406    -5.65635     6.43728
    -0.44076    -0.89762     0.00000
    -0.89762     0.44076     0.00093
    -0.00083     0.00041    -1.00000
           0           3           3           3
    11.53836    -5.65456     0.06188
    -0.44076    -0.89762     0.00000
    -0.89762     0.44076     0.00093
    -0.00083     0.00041    -1.00000
           0           3           3           4
    11.53268    -5.65276    -6.31351
    -0.44076    -0.89762     0.00000
    -0.89762     0.44076     0.00093
    -0.00083     0.00041    -1.00000
           0           3           3           5
    11.52699    -5.65096   -12.68890
    -0.44076    -0.89762     0.00000
    -0.89762     0.44076     0.00093
    -0.00083     0.00041    -1.00000
           0           3           4           1
    11.59749    -2.05979    12.81176
    -0.17558    -0.98447     0.00000
    -0.98447     0.17558     0.00093
    -0.00092     0.00016    -1.00000
           0           3           4           2
    11.59181    -2.05799     6.43637
    -0.17558    -0.98447     0.00000
    -0.98447     0.17558     0.00093
    -0.00092     0.00016    -1.00000
           0           3           4           3
    11.58612    -2.05620     0.06098
    -0.17558    -0.98447     0.00000
    -0.98447     0.17558     0.00093
    -0.00092     0.00016    -1.00000
           0           3           4           4
    11.58043    -2.05440    -6.31442
    -0.17558    -0.98447     0.00000
    -0.98447     0.17558     0.00093
    -0.00092     0.00016    -1.00000
           0           3           4           5
    11.57474    -2.05260   -12.68982
    -0.17558    -0.98447     0.00000
    -0.98447     0.17558     0.00093
    -0.00092     0.00016    -1.00000
           0           3           5           1
    10.29525     1.42622    12.80294
     0.13686    -0.99059     0.00000
    -0.99059    -0.13686     0.00084
    -0.00083    -0.00011    -1.00000
           0           3           5           2
    10.28957     1.42802     6.42754
     0.13686    -0.99059     0.00000
    -0.99059    -0.13686     0.00084
    -0.00083    -0.00011    -1.00000
           0           3           5           3
    10.28388     1.42980     0.05214
     0.13686    -0.99059     0.00000
    -0.99059    -0.13686     0.00084
    -0.00083    -0.00011    -1.00000
           0           3           5           4
    10.27819     1.43160    -6.32325
     0.13686    -0.99059     0.00000
    -0.99059    -0.13686     0.00084
    -0.00083    -0.00011    -1.00000
           0           3           5           5
    10.27250     1.43340   -12.69865
     0.13686    -0.99059     0.00000
    -0.99059    -0.13686     0.00084
    -0.00083    -0.00011    -1.00000
           0           3           6           1
    11.66276     5.43952    12.81453
     0.42276    -0.90624     0.00000
    -0.90624    -0.42276     0.00069
    -0.00063    -0.00029    -1.00000
           0           3           6           2
    11.65709     5.44132     6.43913
     0.42276    -0.90624     0.00000
    -0.90624    -0.42276     0.00069
    -0.00063    -0.00029    -1.00000
           0           3           6           3
    11.65140     5.44311     0.06374
     0.42276    -0.90624     0.00000
    -0.90624    -0.42276     0.00069
    -0.00063    -0.00029    -1.00000
           0           3           6           4
    11.64571     5.44492    -6.31166
     0.42276    -0.90624     0.00000
    -0.90624    -0.42276     0.00069
    -0.00063    -0.00029    -1.00000
           0           3           6           5
    11.64002     5.44672   -12.68706
     0.42276    -0.90624     0.00000
    -0.90624    -0.42276     0.00069
    -0.00063    -0.00029    -1.00000
           0           3           7           1
     8.88133     7.73513    12.80981
     0.65711    -0.75379     0.00000
    -0.75379    -0.65711     0.00049
    -0.00037    -0.00032    -1.00000
           0           3           7           2
     8.87565     7.73693     6.43442
     0.65711    -0.75379     0.00000
    -0.75379    -0.65711     0.00049
    -0.00037    -0.00032    -1.00000
           0           3           7           3
     8.86996     7.73872     0.05902
     0.65711    -0.75379     0.00000
    -0.75379    -0.65711     0.00049
    -0.00037    -0.00032    -1.00000
           0           3           7           4
     8.86427     7.74052    -6.31638
     0.65711    -0.75379     0.00000
    -0.75379    -0.65711     0.00049
    -0.00037    -0.00032    -1.00000
           0           3           7           5
     8.85859     7.74232   -12.69178
     0.65711    -0.75379     0.00000
    -0.75379    -0.65711     0.00049
    -0.00037    -0.00032    -1.00000
           0           3           8           1
     5.32458     8.90125    12.82133
     0.85866    -0.51254     0.00000
    -0.51254    -0.85866     0.00022
    -0.00011    -0.00019    -1.00000
           0           3           8           2
     5.31889     8.90304     6.44593
     0.85866    -0.51254     0.00000
    -0.51254    -0.85866     0.00022
    -0.00011    -0.00019    -1.00000
           0           3           8           3
     5.31323     8.90482     0.07053
     0.85866    -0.51254     0.00000
    -0.51254    -0.85866     0.00022
    -0.00011    -0.00019    -1.00000
           0           3           8           4
     5.30755     8.90661    -6.30486
     0.85866    -0.51254     0.00000
    -0.51254    -0.85866     0.00022
    -0.00011    -0.00019    -1.00000
           0           3           8           5
     5.30188     8.90840   -12.68026
     0.85866    -0.51254     0.00000
    -0.51254    -0.85866     0.00022
    -0.00011    -0.00019    -1.00000
           0           3           9           1
    -5.35273     8.90513   -12.79607
    -0.85781    -0.51397    -0.00000
     0.51397    -0.85781    -0.00136
     0.00070    -0.00117     1.00000
           0           3           9           2
    -5.34489     8.89976    -6.42069
    -0.85781    -0.51397    -0.00000
     0.51397    -0.85781    -0.00136
     0.00070    -0.00117     1.00000
           0           3           9           3
    -5.33704     8.89439    -0.04529
    -0.85781    -0.51397    -0.00000
     0.51397    -0.85781    -0.00136
     0.00070    -0.00117     1.00000
           0           3           9           4
    -5.32918     8.88902     6.33010
    -0.85781    -0.51397    -0.00000
     0.51397    -0.85781    -0.00136
     0.00070    -0.00117     1.00000
           0           3           9           5
    -5.32135     8.88366    12.70550
    -0.85781    -0.51397    -0.00000
     0.51397    -0.85781    -0.00136
     0.00070    -0.00117     1.00000
           0           3          10           1
    -8.88824     7.73608   -12.78907
    -0.65685    -0.75402    -0.00000
     0.75402    -0.65685    -0.00148
     0.00112    -0.00097     1.00000
           0           3          10           2
    -8.88038     7.73071    -6.41367
    -0.65685    -0.75402    -0.00000
     0.75402    -0.65685    -0.00148
     0.00112    -0.00097     1.00000
           0           3          10           3
    -8.87253     7.72534    -0.03828
    -0.65685    -0.75402    -0.00000
     0.75402    -0.65685    -0.00148
     0.00112    -0.00097     1.00000
           0           3          10           4
    -8.86467     7.71997     6.33712
    -0.65685    -0.75402    -0.00000
     0.75402    -0.65685    -0.00148
     0.00112    -0.00097     1.00000
           0           3          10           5
    -8.85682     7.71461    12.71250
    -0.65685    -0.75402    -0.00000
     0.75402    -0.65685    -0.00148
     0.00112    -0.00097     1.00000
           0           3          11           1
   -11.69475     5.46693   -12.79351
    -0.42321    -0.90603    -0.00000
     0.90603    -0.42321    -0.00147
     0.00133    -0.00062     1.00000
           0           3          11           2
   -11.68690     5.46156    -6.41811
    -0.42321    -0.90603    -0.00000
     0.90603    -0.42321    -0.00147
     0.00133    -0.00062     1.00000
           0           3          11           3
   -11.67905     5.45619    -0.04272
    -0.42321    -0.90603    -0.00000
     0.90603    -0.42321    -0.00147
     0.00133    -0.00062     1.00000
           0           3          11           4
   -11.67119     5.45081     6.33267
    -0.42321    -0.90603    -0.00000
     0.90603    -0.42321    -0.00147
     0.00133    -0.00062     1.00000
           0           3          11           5
   -11.66334     5.44545    12.70806
    -0.42321    -0.90603    -0.00000
     0.90603    -0.42321    -0.00147
     0.00133    -0.00062     1.00000
           0           3          12           1
   -10.31334     1.42809   -12.78634
    -0.13591    -0.99072    -0.00000
     0.99072    -0.13591    -0.00134
     0.00133    -0.00018     1.00000
           0           3          12           2
   -10.30549     1.42272    -6.41095
    -0.13591    -0.99072    -0.00000
     0.99072    -0.13591    -0.00134
     0.00133    -0.00018     1.00000
           0           3          12           3
   -10.29764     1.41735    -0.03555
    -0.13591    -0.99072    -0.00000
     0.99072    -0.13591    -0.00134
     0.00133    -0.00018     1.00000
           0           3          12           4
   -10.28976     1.41199     6.33983
    -0.13590    -0.99072    -0.00000
     0.99072    -0.13590    -0.00134
     0.00133    -0.00018     1.00000
           0           3          12           5
   -10.28191     1.40663    12.71523
    -0.13590    -0.99072    -0.00000
     0.99072    -0.13590    -0.00134
     0.00133    -0.00018     1.00000
           0           3          13           1
   -11.58398    -2.05903   -12.78675
     0.17682    -0.98424    -0.00000
     0.98424     0.17682    -0.00107
     0.00105     0.00019     1.00000
           0           3          13           2
   -11.57613    -2.06438    -6.41135
     0.17682    -0.98424    -0.00000
     0.98424     0.17682    -0.00107
     0.00105     0.00019     1.00000
           0           3          13           3
   -11.56828    -2.06974    -0.03595
     0.17682    -0.98424    -0.00000
     0.98424     0.17682    -0.00107
     0.00105     0.00019     1.00000
           0           3          13           4
   -11.56042    -2.07510     6.33943
     0.17682    -0.98424    -0.00000
     0.98424     0.17682    -0.00107
     0.00105     0.00019     1.00000
           0           3          13           5
   -11.55257    -2.08045    12.71483
     0.17682    -0.98424    -0.00000
     0.98424     0.17682    -0.00107
     0.00105     0.00019     1.00000
           0           3          14           1
   -11.55210    -5.65712   -12.80253
     0.44171    -0.89716    -0.00000
     0.89716     0.44171    -0.00073
     0.00065     0.00032     1.00000
           0           3          14           2
   -11.54423    -5.66249    -6.42714
     0.44171    -0.89716    -0.00000
     0.89716     0.44171    -0.00073
     0.00065     0.00032     1.00000
           0           3          14           3
   -11.53639    -5.66786    -0.05175
     0.44171    -0.89716    -0.00000
     0.89716     0.44171    -0.00073
     0.00065     0.00032     1.00000
           0           3          14           4
   -11.52853    -5.67321     6.32364
     0.44171    -0.89716    -0.00000
     0.89716     0.44171    -0.00073
     0.00065     0.00032     1.00000
           0           3          14           5
   -11.52067    -5.67857    12.69904
     0.44172    -0.89715    -0.00000
     0.89715     0.44172    -0.00073
     0.00065     0.00032     1.00000
           0           3          15           1
    -7.53620    -7.10258   -12.80039
     0.68805    -0.72566    -0.00000
     0.72566     0.68805    -0.00032
     0.00023     0.00022     1.00000
           0           3          15           2
    -7.52836    -7.10791    -6.42499
     0.68805    -0.72566    -0.00000
     0.72566     0.68805    -0.00032
     0.00023     0.00022     1.00000
           0           3          15           3
    -7.52050    -7.11325    -0.04961
     0.68805    -0.72566    -0.00000
     0.72566     0.68805    -0.00032
     0.00023     0.00022     1.00000
           0           3          15           4
    -7.51267    -7.11857     6.32579
     0.68805    -0.72566    -0.00000
     0.72566     0.68805    -0.00032
     0.00023     0.00022     1.00000
           0           3          15           5
    -7.50482    -7.12390    12.70118
     0.68805    -0.72566    -0.00000
     0.72566     0.68805    -0.00032
     0.00023     0.00022     1.00000
           0           3          16           1
    -5.65939   -10.33891   -12.80323
     0.87850    -0.47775     0.00000
     0.47775     0.87850     0.00015
    -0.00007    -0.00013     1.00000
           0           3          16           2
    -5.65152   -10.34427    -6.42784
     0.87850    -0.47775     0.00000
     0.47775     0.87850     0.00015
    -0.00007    -0.00013     1.00000
           0           3          16           3
