 SVX cage parameters:
     2.20000
     0.50000     0.20000
     0.00000
           6
   -40.00000   -26.50000   -26.50000    26.50000    26.50000    40.00000
    53.00000    53.00000    22.14782    22.14782    53.00000    53.00000
     0.00000     0.00000     0.00000
 SVX barrel parameters:
           4
     2.63000     5.19260    11.76500    16.68700     1.14100
     0.00000     0.00000     0.00000     0.00000
           4           4           5           6
     0.69600     0.69600     1.74500     1.74500
     0.01000     0.01000     0.03125     0.03125
     2.83600     2.83600     3.18770     3.18770
     0.01900     0.01900     0.00000     0.00000
     0.02000     0.02000     0.00000     0.00000
    26.70000    13.62600    17.00000    12.00000
   -13.00000   -12.98000     0.00000     0.00000
           2
           5           5
     0.00000   180.00000
           2
          10          10
     0.00000   180.00000
           2
           8           8
     0.00000   180.00000
           2
          12          12
     0.00000   180.00000
 SVX barrel sensor rotation matrices and translation vectors:
           0           1           1           1
     1.58338    -2.10648     8.59144
     0.64812     0.76154    -0.00044
    -0.76154     0.64812     0.00076
     0.00086    -0.00016     1.00000
           0           1           1           2
     1.57848    -2.10559     2.89944
     0.64812     0.76154    -0.00044
    -0.76154     0.64812     0.00076
     0.00086    -0.00016     1.00000
           0           1           1           3
     1.57358    -2.10471    -2.79255
     0.64812     0.76154    -0.00044
    -0.76154     0.64812     0.00076
     0.00086    -0.00016     1.00000
           0           1           1           4
     1.56869    -2.10383    -8.48455
     0.64812     0.76154    -0.00044
    -0.76154     0.64812     0.00076
     0.00086    -0.00016     1.00000
           0           1           2           1
     2.36488    -1.17678     8.59091
     0.23684     0.97155    -0.00005
    -0.97155     0.23684     0.00087
     0.00086    -0.00016     1.00000
           0           1           2           2
     2.35998    -1.17589     2.89892
     0.23684     0.97155    -0.00005
    -0.97155     0.23684     0.00087
     0.00086    -0.00016     1.00000
           0           1           2           3
     2.35508    -1.17501    -2.79308
     0.23684     0.97155    -0.00005
    -0.97155     0.23684     0.00087
     0.00086    -0.00016     1.00000
           0           1           2           4
     2.35019    -1.17413    -8.48508
     0.23684     0.97155    -0.00005
    -0.97155     0.23684     0.00087
     0.00086    -0.00016     1.00000
           0           1           3           1
     2.64531     0.00493     8.59086
    -0.22495     0.97437     0.00034
    -0.97437    -0.22495     0.00080
     0.00086    -0.00016     1.00000
           0           1           3           2
     2.64041     0.00582     2.89886
    -0.22495     0.97437     0.00034
    -0.97437    -0.22495     0.00080
     0.00086    -0.00016     1.00000
           0           1           3           3
     2.63551     0.00670    -2.79314
    -0.22495     0.97437     0.00034
    -0.97437    -0.22495     0.00080
     0.00086    -0.00016     1.00000
           0           1           3           4
     2.63062     0.00758    -8.48514
    -0.22495     0.97437     0.00034
    -0.97437    -0.22495     0.00080
     0.00086    -0.00016     1.00000
           0           1           4           1
     2.36488     1.18664     8.59128
    -0.63877     0.76940     0.00067
    -0.76940    -0.63877     0.00056
     0.00086    -0.00016     1.00000
           0           1           4           2
     2.35998     1.18753     2.89928
    -0.63877     0.76940     0.00067
    -0.76940    -0.63877     0.00056
     0.00086    -0.00016     1.00000
           0           1           4           3
     2.35508     1.18841    -2.79272
    -0.63877     0.76940     0.00067
    -0.76940    -0.63877     0.00056
     0.00086    -0.00016     1.00000
           0           1           4           4
     2.35019     1.18929    -8.48471
    -0.63877     0.76940     0.00067
    -0.76940    -0.63877     0.00056
     0.00086    -0.00016     1.00000
           0           1           5           1
     1.58338     2.11634     8.59210
    -0.91636     0.40035     0.00085
    -0.40035    -0.91636     0.00020
     0.00086    -0.00016     1.00000
           0           1           5           2
     1.57848     2.11723     2.90010
    -0.91636     0.40035     0.00085
    -0.40035    -0.91636     0.00020
     0.00086    -0.00016     1.00000
           0           1           5           3
     1.57358     2.11811    -2.79190
    -0.91636     0.40035     0.00085
    -0.40035    -0.91636     0.00020
     0.00086    -0.00016     1.00000
           0           1           5           4
     1.56869     2.11899    -8.48390
    -0.91636     0.40035     0.00085
    -0.40035    -0.91636     0.00020
     0.00086    -0.00016     1.00000
           0           1           6           1
    -1.59549     2.10544    -8.59783
     0.91636     0.40035    -0.00054
     0.40035    -0.91636    -0.00114
    -0.00095     0.00083    -1.00000
           0           1           6           2
    -1.59006     2.10073    -2.90583
     0.91636     0.40035    -0.00054
     0.40035    -0.91636    -0.00114
    -0.00095     0.00083    -1.00000
           0           1           6           3
    -1.58464     2.09602     2.78616
     0.91636     0.40035    -0.00054
     0.40035    -0.91636    -0.00114
    -0.00095     0.00083    -1.00000
           0           1           6           4
    -1.57922     2.09131     8.47816
     0.91636     0.40035    -0.00054
     0.40035    -0.91636    -0.00114
    -0.00095     0.00083    -1.00000
           0           1           7           1
    -2.37699     1.17574    -8.59785
     0.63877     0.76940     0.00003
     0.76940    -0.63877    -0.00126
    -0.00095     0.00083    -1.00000
           0           1           7           2
    -2.37157     1.17103    -2.90586
     0.63877     0.76940     0.00003
     0.76940    -0.63877    -0.00126
    -0.00095     0.00083    -1.00000
           0           1           7           3
    -2.36614     1.16632     2.78614
     0.63877     0.76940     0.00003
     0.76940    -0.63877    -0.00126
    -0.00095     0.00083    -1.00000
           0           1           7           4
    -2.36072     1.16161     8.47813
     0.63877     0.76940     0.00003
     0.76940    -0.63877    -0.00126
    -0.00095     0.00083    -1.00000
           0           1           8           1
    -2.65742    -0.00597    -8.59856
     0.22495     0.97437     0.00059
     0.97437    -0.22495    -0.00111
    -0.00095     0.00083    -1.00000
           0           1           8           2
    -2.65200    -0.01068    -2.90657
     0.22495     0.97437     0.00059
     0.97437    -0.22495    -0.00111
    -0.00095     0.00083    -1.00000
           0           1           8           3
    -2.64657    -0.01539     2.78543
     0.22495     0.97437     0.00059
     0.97437    -0.22495    -0.00111
    -0.00095     0.00083    -1.00000
           0           1           8           4
    -2.64115    -0.02010     8.47742
     0.22495     0.97437     0.00059
     0.97437    -0.22495    -0.00111
    -0.00095     0.00083    -1.00000
           0           1           9           1
    -2.37699    -1.18768    -8.59981
    -0.23684     0.97155     0.00103
     0.97155     0.23684    -0.00073
    -0.00095     0.00083    -1.00000
           0           1           9           2
    -2.37157    -1.19239    -2.90781
    -0.23684     0.97155     0.00103
     0.97155     0.23684    -0.00073
    -0.00095     0.00083    -1.00000
           0           1           9           3
    -2.36615    -1.19710     2.78418
    -0.23684     0.97155     0.00103
     0.97155     0.23684    -0.00073
    -0.00095     0.00083    -1.00000
           0           1           9           4
    -2.36072    -1.20181     8.47618
    -0.23684     0.97155     0.00103
     0.97155     0.23684    -0.00073
    -0.00095     0.00083    -1.00000
           0           1          10           1
    -1.59549    -2.11738    -8.60132
    -0.64812     0.76154     0.00125
     0.76154     0.64812    -0.00019
    -0.00095     0.00083    -1.00000
           0           1          10           2
    -1.59007    -2.12209    -2.90933
    -0.64812     0.76154     0.00125
     0.76154     0.64812    -0.00019
    -0.00095     0.00083    -1.00000
           0           1          10           3
    -1.58465    -2.12680     2.78267
    -0.64812     0.76154     0.00125
     0.76154     0.64812    -0.00019
    -0.00095     0.00083    -1.00000
           0           1          10           4
    -1.57923    -2.13151     8.47466
    -0.64812     0.76154     0.00125
     0.76154     0.64812    -0.00019
    -0.00095     0.00083    -1.00000
           0           2           1           1
     2.50757    -4.55048     8.59027
     0.74707     0.66475    -0.00054
    -0.66475     0.74707     0.00069
     0.00086    -0.00016     1.00000
           0           2           1           2
     2.50267    -4.54959     2.89827
     0.74707     0.66475    -0.00054
    -0.66475     0.74707     0.00069
     0.00086    -0.00016     1.00000
           0           2           1           3
     2.49777    -4.54871    -2.79373
     0.74707     0.66475    -0.00054
    -0.66475     0.74707     0.00069
     0.00086    -0.00016     1.00000
           0           2           1           4
     2.49288    -4.54783    -8.48573
     0.74707     0.66475    -0.00054
    -0.66475     0.74707     0.00069
     0.00086    -0.00016     1.00000
           0           2           2           1
     3.51060    -3.83513     8.58951
     0.56944     0.82203    -0.00036
    -0.82203     0.56944     0.00080
     0.00086    -0.00016     1.00000
           0           2           2           2
     3.50570    -3.83424     2.89752
     0.56944     0.82203    -0.00036
    -0.82203     0.56944     0.00080
     0.00086    -0.00016     1.00000
           0           2           2           3
     3.50080    -3.83336    -2.79448
     0.56944     0.82203    -0.00036
    -0.82203     0.56944     0.00080
     0.00086    -0.00016     1.00000
           0           2           2           4
     3.49591    -3.83248    -8.48648
     0.56944     0.82203    -0.00036
    -0.82203     0.56944     0.00080
     0.00086    -0.00016     1.00000
           0           2           3           1
     4.31687    -2.90362     8.58897
     0.35975     0.93305    -0.00016
    -0.93305     0.35975     0.00086
     0.00086    -0.00016     1.00000
           0           2           3           2
     4.31197    -2.90273     2.89697
     0.35975     0.93305    -0.00016
    -0.93305     0.35975     0.00086
     0.00086    -0.00016     1.00000
           0           2           3           3
     4.30707    -2.90185    -2.79503
     0.35975     0.93305    -0.00016
    -0.93305     0.35975     0.00086
     0.00086    -0.00016     1.00000
           0           2           3           4
     4.30218    -2.90097    -8.48703
     0.35975     0.93305    -0.00016
    -0.93305     0.35975     0.00086
     0.00086    -0.00016     1.00000
           0           2           4           1
     4.88101    -1.80838     8.58865
     0.12982     0.99154     0.00004
    -0.99154     0.12982     0.00087
     0.00086    -0.00016     1.00000
           0           2           4           2
     4.87611    -1.80749     2.89665
     0.12982     0.99154     0.00004
    -0.99154     0.12982     0.00087
     0.00086    -0.00016     1.00000
           0           2           4           3
     4.87121    -1.80661    -2.79534
     0.12982     0.99154     0.00004
    -0.99154     0.12982     0.00087
     0.00086    -0.00016     1.00000
           0           2           4           4
     4.86632    -1.80573    -8.48734
     0.12982     0.99154     0.00004
    -0.99154     0.12982     0.00087
     0.00086    -0.00016     1.00000
           0           2           5           1
     5.17124    -0.61106     8.58859
    -0.10743     0.99421     0.00025
    -0.99421    -0.10743     0.00084
     0.00086    -0.00016     1.00000
           0           2           5           2
     5.16634    -0.61017     2.89659
    -0.10743     0.99421     0.00025
    -0.99421    -0.10743     0.00084
     0.00086    -0.00016     1.00000
           0           2           5           3
     5.16144    -0.60929    -2.79541
    -0.10743     0.99421     0.00025
    -0.99421    -0.10743     0.00084
     0.00086    -0.00016     1.00000
           0           2           5           4
     5.15655    -0.60841    -8.48741
    -0.10743     0.99421     0.00025
    -0.99421    -0.10743     0.00084
     0.00086    -0.00016     1.00000
           0           2           6           1
     5.17124     0.62092     8.58878
    -0.33862     0.94092     0.00044
    -0.94092    -0.33862     0.00076
     0.00086    -0.00016     1.00000
           0           2           6           2
     5.16634     0.62181     2.89678
    -0.33862     0.94092     0.00044
    -0.94092    -0.33862     0.00076
     0.00086    -0.00016     1.00000
           0           2           6           3
     5.16144     0.62269    -2.79522
    -0.33862     0.94092     0.00044
    -0.94092    -0.33862     0.00076
     0.00086    -0.00016     1.00000
           0           2           6           4
     5.15655     0.62357    -8.48722
    -0.33862     0.94092     0.00044
    -0.94092    -0.33862     0.00076
     0.00086    -0.00016     1.00000
           0           2           7           1
     4.88101     1.81824     8.58921
    -0.55076     0.83467     0.00060
    -0.83467    -0.55076     0.00063
     0.00086    -0.00016     1.00000
           0           2           7           2
     4.87611     1.81913     2.89722
    -0.55076     0.83467     0.00060
    -0.83467    -0.55076     0.00063
     0.00086    -0.00016     1.00000
           0           2           7           3
     4.87121     1.82001    -2.79478
    -0.55076     0.83467     0.00060
    -0.83467    -0.55076     0.00063
     0.00086    -0.00016     1.00000
           0           2           7           4
     4.86632     1.82089    -8.48678
    -0.55076     0.83467     0.00060
    -0.83467    -0.55076     0.00063
     0.00086    -0.00016     1.00000
           0           2           8           1
     4.31687     2.91348     8.58987
    -0.73189     0.68142     0.00074
    -0.68142    -0.73189     0.00047
     0.00086    -0.00016     1.00000
           0           2           8           2
     4.31197     2.91437     2.89787
    -0.73189     0.68142     0.00074
    -0.68142    -0.73189     0.00047
     0.00086    -0.00016     1.00000
           0           2           8           3
     4.30707     2.91525    -2.79413
    -0.73189     0.68142     0.00074
    -0.68142    -0.73189     0.00047
     0.00086    -0.00016     1.00000
           0           2           8           4
     4.30218     2.91613    -8.48612
    -0.73189     0.68142     0.00074
    -0.68142    -0.73189     0.00047
     0.00086    -0.00016     1.00000
           0           2           9           1
     3.51060     3.84499     8.59071
    -0.87182     0.48982     0.00083
    -0.48982    -0.87182     0.00029
     0.00086    -0.00016     1.00000
           0           2           9           2
     3.50570     3.84588     2.89871
    -0.87182     0.48982     0.00083
    -0.48982    -0.87182     0.00029
     0.00086    -0.00016     1.00000
           0           2           9           3
     3.50080     3.84676    -2.79329
    -0.87182     0.48982     0.00083
    -0.48982    -0.87182     0.00029
     0.00086    -0.00016     1.00000
           0           2           9           4
     3.49591     3.84764    -8.48529
    -0.87182     0.48982     0.00083
    -0.48982    -0.87182     0.00029
     0.00086    -0.00016     1.00000
           0           2          10           1
     2.50757     4.56034     8.59168
    -0.96268     0.27065     0.00087
    -0.27065    -0.96268     0.00008
     0.00086    -0.00016     1.00000
           0           2          10           2
     2.50267     4.56123     2.89968
    -0.96268     0.27065     0.00087
    -0.27065    -0.96268     0.00008
     0.00086    -0.00016     1.00000
           0           2          10           3
     2.49777     4.56211    -2.79231
    -0.96268     0.27065     0.00087
    -0.27065    -0.96268     0.00008
     0.00086    -0.00016     1.00000
           0           2          10           4
     2.49288     4.56299    -8.48431
    -0.96268     0.27065     0.00087
    -0.27065    -0.96268     0.00008
     0.00086    -0.00016     1.00000
           0           2          11           1
    -2.51967     4.54944    -8.59493
     0.96268     0.27065    -0.00069
     0.27065    -0.96268    -0.00105
    -0.00095     0.00083    -1.00000
           0           2          11           2
    -2.51425     4.54473    -2.90293
     0.96268     0.27065    -0.00069
     0.27065    -0.96268    -0.00105
    -0.00095     0.00083    -1.00000
           0           2          11           3
    -2.50883     4.54002     2.78907
     0.96268     0.27065    -0.00069
     0.27065    -0.96268    -0.00105
    -0.00095     0.00083    -1.00000
           0           2          11           4
    -2.50341     4.53531     8.48106
     0.96268     0.27065    -0.00069
     0.27065    -0.96268    -0.00105
    -0.00095     0.00083    -1.00000
           0           2          12           1
    -3.52270     3.83409    -8.59456
     0.87182     0.48982    -0.00043
     0.48982    -0.87182    -0.00119
    -0.00095     0.00083    -1.00000
           0           2          12           2
    -3.51728     3.82938    -2.90257
     0.87182     0.48982    -0.00043
     0.48982    -0.87182    -0.00119
    -0.00095     0.00083    -1.00000
           0           2          12           3
    -3.51186     3.82467     2.78943
     0.87182     0.48982    -0.00043
     0.48982    -0.87182    -0.00119
    -0.00095     0.00083    -1.00000
           0           2          12           4
    -3.50644     3.81996     8.48142
     0.87182     0.48982    -0.00043
     0.48982    -0.87182    -0.00119
    -0.00095     0.00083    -1.00000
           0           2          13           1
    -4.32897     2.90258    -8.59457
     0.73189     0.68142    -0.00013
     0.68142    -0.73189    -0.00125
    -0.00095     0.00083    -1.00000
           0           2          13           2
    -4.32355     2.89787    -2.90257
     0.73189     0.68142    -0.00013
     0.68142    -0.73189    -0.00125
    -0.00095     0.00083    -1.00000
           0           2          13           3
    -4.31813     2.89316     2.78943
     0.73189     0.68142    -0.00013
     0.68142    -0.73189    -0.00125
    -0.00095     0.00083    -1.00000
           0           2          13           4
    -4.31271     2.88845     8.48142
     0.73189     0.68142    -0.00013
     0.68142    -0.73189    -0.00125
    -0.00095     0.00083    -1.00000
           0           2          14           1
    -4.89312     1.80734    -8.59493
     0.55076     0.83467     0.00017
     0.83466    -0.55076    -0.00125
    -0.00095     0.00083    -1.00000
           0           2          14           2
    -4.88769     1.80263    -2.90294
     0.55076     0.83467     0.00017
     0.83466    -0.55076    -0.00125
    -0.00095     0.00083    -1.00000
           0           2          14           3
    -4.88227     1.79792     2.78906
     0.55076     0.83467     0.00017
     0.83466    -0.55076    -0.00125
    -0.00095     0.00083    -1.00000
           0           2          14           4
    -4.87685     1.79321     8.48105
     0.55076     0.83467     0.00017
     0.83466    -0.55076    -0.00125
    -0.00095     0.00083    -1.00000
           0           2          15           1
    -5.18335     0.61003    -8.59565
     0.33862     0.94092     0.00046
     0.94092    -0.33862    -0.00118
    -0.00095     0.00083    -1.00000
           0           2          15           2
    -5.17792     0.60532    -2.90365
     0.33862     0.94092     0.00046
     0.94092    -0.33862    -0.00118
    -0.00095     0.00083    -1.00000
           0           2          15           3
    -5.17250     0.60061     2.78834
     0.33862     0.94092     0.00046
     0.94092    -0.33862    -0.00118
    -0.00095     0.00083    -1.00000
           0           2          15           4
    -5.16708     0.59590     8.48034
     0.33862     0.94092     0.00046
     0.94092    -0.33862    -0.00118
    -0.00095     0.00083    -1.00000
           0           2          16           1
    -5.18335    -0.62196    -8.59667
     0.10743     0.99421     0.00072
     0.99421    -0.10743    -0.00104
    -0.00095     0.00083    -1.00000
           0           2          16           2
    -5.17793    -0.62667    -2.90467
     0.10743     0.99421     0.00072
     0.99421    -0.10743    -0.00104
    -0.00095     0.00083    -1.00000
           0           2          16           3
    -5.17250    -0.63138     2.78732
     0.10743     0.99421     0.00072
     0.99421    -0.10743    -0.00104
    -0.00095     0.00083    -1.00000
           0           2          16           4
    -5.16708    -0.63609     8.47932
     0.10743     0.99421     0.00072
     0.99421    -0.10743    -0.00104
    -0.00095     0.00083    -1.00000
           0           2          17           1
    -4.89312    -1.81927    -8.59793
    -0.12982     0.99154     0.00094
     0.99154     0.12982    -0.00084
    -0.00095     0.00083    -1.00000
           0           2          17           2
    -4.88770    -1.82398    -2.90594
    -0.12982     0.99154     0.00094
     0.99154     0.12982    -0.00084
    -0.00095     0.00083    -1.00000
           0           2          17           3
    -4.88228    -1.82869     2.78606
    -0.12982     0.99154     0.00094
     0.99154     0.12982    -0.00084
    -0.00095     0.00083    -1.00000
           0           2          17           4
    -4.87685    -1.83340     8.47805
    -0.12982     0.99154     0.00094
     0.99154     0.12982    -0.00084
    -0.00095     0.00083    -1.00000
           0           2          18           1
    -4.32899    -2.91451    -8.59938
    -0.35975     0.93305     0.00111
     0.93305     0.35975    -0.00059
    -0.00095     0.00083    -1.00000
           0           2          18           2
    -4.32357    -2.91922    -2.90738
    -0.35975     0.93305     0.00111
     0.93305     0.35975    -0.00059
    -0.00095     0.00083    -1.00000
           0           2          18           3
    -4.31814    -2.92393     2.78461
    -0.35975     0.93305     0.00111
     0.93305     0.35975    -0.00059
    -0.00095     0.00083    -1.00000
           0           2          18           4
    -4.31272    -2.92864     8.47661
    -0.35975     0.93305     0.00111
     0.93305     0.35975    -0.00059
    -0.00095     0.00083    -1.00000
           0           2          19           1
    -3.52271    -3.84603    -8.60092
    -0.56944     0.82203     0.00122
     0.82203     0.56944    -0.00031
    -0.00095     0.00083    -1.00000
           0           2          19           2
    -3.51729    -3.85074    -2.90892
    -0.56944     0.82203     0.00122
     0.82203     0.56944    -0.00031
    -0.00095     0.00083    -1.00000
           0           2          19           3
    -3.51187    -3.85545     2.78307
    -0.56944     0.82203     0.00122
     0.82203     0.56944    -0.00031
    -0.00095     0.00083    -1.00000
           0           2          19           4
    -3.50645    -3.86016     8.47507
    -0.56944     0.82203     0.00122
     0.82203     0.56944    -0.00031
    -0.00095     0.00083    -1.00000
           0           2          20           1
    -2.51968    -4.56138    -8.60246
    -0.74707     0.66475     0.00126
     0.66475     0.74707    -0.00002
    -0.00095     0.00083    -1.00000
           0           2          20           2
    -2.51426    -4.56609    -2.91047
    -0.74707     0.66475     0.00126
     0.66475     0.74707    -0.00002
    -0.00095     0.00083    -1.00000
           0           2          20           3
    -2.50884    -4.57080     2.78153
    -0.74707     0.66475     0.00126
     0.66475     0.74707    -0.00002
    -0.00095     0.00083    -1.00000
           0           2          20           4
    -2.50342    -4.57551     8.47352
    -0.74707     0.66475     0.00126
     0.66475     0.74707    -0.00002
    -0.00095     0.00083    -1.00000
           0           3           1           1
     5.64894   -10.32617    12.79947
    -0.87807    -0.47854     0.00068
    -0.47854     0.87807     0.00055
    -0.00086     0.00016    -1.00000
           0           3           1           2
     5.64345   -10.32518     6.42407
    -0.87807    -0.47854     0.00068
    -0.47854     0.87807     0.00055
    -0.00086     0.00016    -1.00000
           0           3           1           3
     5.63797   -10.32419     0.04867
    -0.87807    -0.47854     0.00068
    -0.47854     0.87807     0.00055
    -0.00086     0.00016    -1.00000
           0           3           1           4
     5.63249   -10.32320    -6.32672
    -0.87807    -0.47854     0.00068
    -0.47854     0.87807     0.00055
    -0.00086     0.00016    -1.00000
           0           3           1           5
     5.62700   -10.32221   -12.70212
    -0.87807    -0.47854     0.00068
    -0.47854     0.87807     0.00055
    -0.00086     0.00016    -1.00000
           0           3           2           1
     7.56960    -7.12855    12.79831
    -0.68671    -0.72693     0.00048
    -0.72693     0.68671     0.00073
    -0.00086     0.00016    -1.00000
           0           3           2           2
     7.56411    -7.12756     6.42292
    -0.68671    -0.72693     0.00048
    -0.72693     0.68671     0.00073
    -0.00086     0.00016    -1.00000
           0           3           2           3
     7.55863    -7.12657     0.04752
    -0.68671    -0.72693     0.00048
    -0.72693     0.68671     0.00073
    -0.00086     0.00016    -1.00000
           0           3           2           4
     7.55314    -7.12558    -6.32788
    -0.68671    -0.72693     0.00048
    -0.72693     0.68671     0.00073
    -0.00086     0.00016    -1.00000
           0           3           2           5
     7.54766    -7.12459   -12.70328
    -0.68671    -0.72693     0.00048
    -0.72693     0.68671     0.00073
    -0.00086     0.00016    -1.00000
           0           3           3           1
    11.54592    -5.67020    12.79512
    -0.44166    -0.89718     0.00024
    -0.89718     0.44166     0.00084
    -0.00086     0.00016    -1.00000
           0           3           3           2
    11.54043    -5.66921     6.41972
    -0.44166    -0.89718     0.00024
    -0.89718     0.44166     0.00084
    -0.00086     0.00016    -1.00000
           0           3           3           3
    11.53494    -5.66822     0.04432
    -0.44166    -0.89718     0.00024
    -0.89718     0.44166     0.00084
    -0.00086     0.00016    -1.00000
           0           3           3           4
    11.52945    -5.66723    -6.33107
    -0.44166    -0.89718     0.00024
    -0.89718     0.44166     0.00084
    -0.00086     0.00016    -1.00000
           0           3           3           5
    11.52397    -5.66624   -12.70647
    -0.44166    -0.89718     0.00024
    -0.89718     0.44166     0.00084
    -0.00086     0.00016    -1.00000
           0           3           4           1
    11.59981    -2.06902    12.79563
    -0.17623    -0.98435    -0.00000
    -0.98435     0.17623     0.00087
    -0.00086     0.00016    -1.00000
           0           3           4           2
    11.59432    -2.06803     6.42023
    -0.17623    -0.98435    -0.00000
    -0.98435     0.17623     0.00087
    -0.00086     0.00016    -1.00000
           0           3           4           3
    11.58884    -2.06704     0.04484
    -0.17623    -0.98435    -0.00000
    -0.98435     0.17623     0.00087
    -0.00086     0.00016    -1.00000
           0           3           4           4
    11.58335    -2.06605    -6.33056
    -0.17623    -0.98435    -0.00000
    -0.98435     0.17623     0.00087
    -0.00086     0.00016    -1.00000
           0           3           4           5
    11.57787    -2.06506   -12.70596
    -0.17623    -0.98435    -0.00000
    -0.98435     0.17623     0.00087
    -0.00086     0.00016    -1.00000
           0           3           5           1
    10.30760     1.43012    12.79729
     0.13727    -0.99053    -0.00027
    -0.99053    -0.13727     0.00083
    -0.00086     0.00016    -1.00000
           0           3           5           2
    10.30211     1.43111     6.42189
     0.13727    -0.99053    -0.00027
    -0.99053    -0.13727     0.00083
    -0.00086     0.00016    -1.00000
           0           3           5           3
    10.29663     1.43210     0.04649
     0.13727    -0.99053    -0.00027
    -0.99053    -0.13727     0.00083
    -0.00086     0.00016    -1.00000
           0           3           5           4
    10.29114     1.43309    -6.32891
     0.13727    -0.99053    -0.00027
    -0.99053    -0.13727     0.00083
    -0.00086     0.00016    -1.00000
           0           3           5           5
    10.28566     1.43408   -12.70430
     0.13727    -0.99053    -0.00027
    -0.99053    -0.13727     0.00083
    -0.00086     0.00016    -1.00000
           0           3           6           1
    11.65843     5.44424    12.79675
     0.42341    -0.90594    -0.00050
    -0.90594    -0.42341     0.00071
    -0.00086     0.00016    -1.00000
           0           3           6           2
    11.65294     5.44523     6.42135
     0.42341    -0.90594    -0.00050
    -0.90594    -0.42341     0.00071
    -0.00086     0.00016    -1.00000
           0           3           6           3
    11.64746     5.44622     0.04595
     0.42341    -0.90594    -0.00050
    -0.90594    -0.42341     0.00071
    -0.00086     0.00016    -1.00000
           0           3           6           4
    11.64197     5.44721    -6.32944
     0.42341    -0.90594    -0.00050
    -0.90594    -0.42341     0.00071
    -0.00086     0.00016    -1.00000
           0           3           6           5
    11.63649     5.44820   -12.70484
     0.42341    -0.90594    -0.00050
    -0.90594    -0.42341     0.00071
    -0.00086     0.00016    -1.00000
           0           3           7           1
     8.88325     7.73985    12.79949
     0.65751    -0.75345    -0.00068
    -0.75345    -0.65751     0.00055
    -0.00086     0.00016    -1.00000
           0           3           7           2
     8.87776     7.74084     6.42409
     0.65751    -0.75345    -0.00068
    -0.75345    -0.65751     0.00055
    -0.00086     0.00016    -1.00000
           0           3           7           3
     8.87228     7.74183     0.04870
     0.65751    -0.75345    -0.00068
    -0.75345    -0.65751     0.00055
    -0.00086     0.00016    -1.00000
           0           3           7           4
     8.86680     7.74282    -6.32670
     0.65751    -0.75345    -0.00068
    -0.75345    -0.65751     0.00055
    -0.00086     0.00016    -1.00000
           0           3           7           5
     8.86131     7.74381   -12.70210
     0.65751    -0.75345    -0.00068
    -0.75345    -0.65751     0.00055
    -0.00086     0.00016    -1.00000
           0           3           8           1
     5.34530     8.92165    12.80272
     0.85851    -0.51279    -0.00082
    -0.51279    -0.85851     0.00031
    -0.00086     0.00016    -1.00000
           0           3           8           2
     5.33982     8.92264     6.42732
     0.85851    -0.51279    -0.00082
    -0.51279    -0.85851     0.00031
    -0.00086     0.00016    -1.00000
           0           3           8           3
     5.33433     8.92363     0.05192
     0.85851    -0.51279    -0.00082
    -0.51279    -0.85851     0.00031
    -0.00086     0.00016    -1.00000
           0           3           8           4
     5.32885     8.92462    -6.32347
     0.85851    -0.51279    -0.00082
    -0.51279    -0.85851     0.00031
    -0.00086     0.00016    -1.00000
           0           3           8           5
     5.32336     8.92561   -12.69887
     0.85851    -0.51279    -0.00082
    -0.51279    -0.85851     0.00031
    -0.00086     0.00016    -1.00000
           0           3           9           1
    -5.35779     8.91488   -12.80141
    -0.85851    -0.51279     0.00039
     0.51279    -0.85851    -0.00120
     0.00095    -0.00083     1.00000
           0           3           9           2
    -5.35172     8.90961    -6.42602
    -0.85851    -0.51279     0.00039
     0.51279    -0.85851    -0.00120
     0.00095    -0.00083     1.00000
           0           3           9           3
    -5.34565     8.90433    -0.05062
    -0.85851    -0.51279     0.00039
     0.51279    -0.85851    -0.00120
     0.00095    -0.00083     1.00000
           0           3           9           4
    -5.33957     8.89906     6.32477
    -0.85851    -0.51279     0.00039
     0.51279    -0.85851    -0.00120
     0.00095    -0.00083     1.00000
           0           3           9           5
    -5.33350     8.89378    12.70017
    -0.85851    -0.51279     0.00039
     0.51279    -0.85851    -0.00120
     0.00095    -0.00083     1.00000
           0           3          10           1
    -8.89574     7.73308   -12.79902
    -0.65751    -0.75345     0.00000
     0.75345    -0.65751    -0.00126
     0.00095    -0.00083     1.00000
           0           3          10           2
    -8.88967     7.72781    -6.42363
    -0.65751    -0.75345     0.00000
     0.75345    -0.65751    -0.00126
     0.00095    -0.00083     1.00000
           0           3          10           3
    -8.88360     7.72253    -0.04823
    -0.65751    -0.75345     0.00000
     0.75345    -0.65751    -0.00126
     0.00095    -0.00083     1.00000
           0           3          10           4
    -8.87752     7.71726     6.32716
    -0.65751    -0.75345     0.00000
     0.75345    -0.65751    -0.00126
     0.00095    -0.00083     1.00000
           0           3          10           5
    -8.87145     7.71198    12.70256
    -0.65751    -0.75345     0.00000
     0.75345    -0.65751    -0.00126
     0.00095    -0.00083     1.00000
           0           3          11           1
   -11.67092     5.43747   -12.79828
    -0.42341    -0.90594    -0.00035
     0.90594    -0.42341    -0.00121
     0.00095    -0.00083     1.00000
           0           3          11           2
   -11.66485     5.43220    -6.42288
    -0.42341    -0.90594    -0.00035
     0.90594    -0.42341    -0.00121
     0.00095    -0.00083     1.00000
           0           3          11           3
   -11.65878     5.42692    -0.04749
    -0.42341    -0.90594    -0.00035
     0.90594    -0.42341    -0.00121
     0.00095    -0.00083     1.00000
           0           3          11           4
   -11.65270     5.42165     6.32791
    -0.42341    -0.90594    -0.00035
     0.90594    -0.42341    -0.00121
     0.00095    -0.00083     1.00000
           0           3          11           5
   -11.64663     5.41637    12.70330
    -0.42341    -0.90594    -0.00035
     0.90594    -0.42341    -0.00121
     0.00095    -0.00083     1.00000
           0           3          12           1
   -10.32010     1.42335   -12.80289
    -0.13727    -0.99053    -0.00069
     0.99053    -0.13727    -0.00106
     0.00095    -0.00083     1.00000
           0           3          12           2
   -10.31402     1.41808    -6.42749
    -0.13727    -0.99053    -0.00069
     0.99053    -0.13727    -0.00106
     0.00095    -0.00083     1.00000
           0           3          12           3
   -10.30795     1.41280    -0.05210
    -0.13727    -0.99053    -0.00069
     0.99053    -0.13727    -0.00106
     0.00095    -0.00083     1.00000
           0           3          12           4
   -10.30188     1.40753     6.32330
    -0.13727    -0.99053    -0.00069
     0.99053    -0.13727    -0.00106
     0.00095    -0.00083     1.00000
           0           3          12           5
   -10.29581     1.40225    12.69869
    -0.13727    -0.99053    -0.00069
     0.99053    -0.13727    -0.00106
     0.00095    -0.00083     1.00000
           0           3          13           1
   -11.61231    -2.07579   -12.80455
     0.17623    -0.98435    -0.00098
     0.98435     0.17623    -0.00079
     0.00095    -0.00083     1.00000
           0           3          13           2
   -11.60624    -2.08106    -6.42916
     0.17623    -0.98435    -0.00098
     0.98435     0.17623    -0.00079
     0.00095    -0.00083     1.00000
           0           3          13           3
   -11.60016    -2.08634    -0.05376
     0.17623    -0.98435    -0.00098
     0.98435     0.17623    -0.00079
     0.00095    -0.00083     1.00000
           0           3          13           4
   -11.59409    -2.09161     6.32163
     0.17623    -0.98435    -0.00098
     0.98435     0.17623    -0.00079
     0.00095    -0.00083     1.00000
           0           3          13           5
   -11.58802    -2.09688    12.69703
     0.17623    -0.98435    -0.00098
     0.98435     0.17623    -0.00079
     0.00095    -0.00083     1.00000
           0           3          14           1
   -11.55841    -5.67696   -12.80758
     0.44166    -0.89718    -0.00116
     0.89718     0.44166    -0.00049
     0.00095    -0.00083     1.00000
           0           3          14           2
   -11.55234    -5.68224    -6.43219
     0.44166    -0.89718    -0.00116
     0.89718     0.44166    -0.00049
     0.00095    -0.00083     1.00000
           0           3          14           3
   -11.54627    -5.68751    -0.05679
     0.44166    -0.89718    -0.00116
     0.89718     0.44166    -0.00049
     0.00095    -0.00083     1.00000
           0           3          14           4
   -11.54019    -5.69279     6.31860
     0.44166    -0.89718    -0.00116
     0.89718     0.44166    -0.00049
     0.00095    -0.00083     1.00000
           0           3          14           5
   -11.53412    -5.69806    12.69400
     0.44166    -0.89718    -0.00116
     0.89718     0.44166    -0.00049
     0.00095    -0.00083     1.00000
           0           3          15           1
    -7.58209    -7.13531   -12.81258
     0.68671    -0.72693    -0.00126
     0.72693     0.68671    -0.00012
     0.00095    -0.00083     1.00000
           0           3          15           2
    -7.57602    -7.14059    -6.43718
     0.68671    -0.72693    -0.00126
     0.72693     0.68671    -0.00012
     0.00095    -0.00083     1.00000
           0           3          15           3
    -7.56995    -7.14586    -0.06179
     0.68671    -0.72693    -0.00126
     0.72693     0.68671    -0.00012
     0.00095    -0.00083     1.00000
           0           3          15           4
    -7.56388    -7.15114     6.31361
     0.68671    -0.72693    -0.00126
     0.72693     0.68671    -0.00012
     0.00095    -0.00083     1.00000
           0           3          15           5
    -7.55780    -7.15641    12.68900
     0.68671    -0.72693    -0.00126
     0.72693     0.68671    -0.00012
     0.00095    -0.00083     1.00000
           0           3          16           1
    -5.66144   -10.33293   -12.81705
     0.87807    -0.47854    -0.00123
     0.47854     0.87807     0.00027
     0.00095    -0.00083     1.00000
           0           3          16           2
    -5.65536   -10.33821    -6.44166
     0.87807    -0.47854    -0.00123
     0.47854     0.87807     0.00027
     0.00095    -0.00083     1.00000
           0           3          16           3
