 SVX cage parameters:
     2.20000
     0.50000     0.20000
     0.00000
           6
   -40.00000   -26.50000   -26.50000    26.50000    26.50000    40.00000
    53.00000    53.00000    22.14782    22.14782    53.00000    53.00000
     0.00000     0.00000     0.00000
 SVX barrel parameters:
           4
     2.63000     5.19260    11.76500    16.68700     1.14100
     0.00000     0.00000     0.00000     0.00000
           4           4           5           6
     0.69600     0.69600     1.74500     1.74500
     0.01000     0.01000     0.03125     0.03125
     2.83600     2.83600     3.18770     3.18770
     0.01900     0.01900     0.00000     0.00000
     0.02000     0.02000     0.00000     0.00000
    26.70000    13.62600    17.00000    12.00000
   -13.00000   -12.98000     0.00000     0.00000
           2
           5           5
     0.00000   180.00000
           2
          10          10
     0.00000   180.00000
           2
           8           8
     0.00000   180.00000
           2
          12          12
     0.00000   180.00000
 SVX barrel sensor rotation matrices and translation vectors:
           0           1           1           1
     1.60612    -2.12364     8.58864
     0.63862     0.76952     0.00000
    -0.76952     0.63862     0.00076
     0.00058    -0.00049     1.00000
           0           1           1           2
     1.60124    -2.12278     2.89664
     0.63860     0.76954     0.00000
    -0.76953     0.63860     0.00076
     0.00058    -0.00049     1.00000
           0           1           1           3
     1.59637    -2.12194    -2.79535
     0.63859     0.76955     0.00000
    -0.76955     0.63859     0.00076
     0.00058    -0.00049     1.00000
           0           1           1           4
     1.59150    -2.12109    -8.48735
     0.63858     0.76956     0.00000
    -0.76956     0.63858     0.00076
     0.00058    -0.00049     1.00000
           0           1           2           1
     2.37606    -1.18422     8.58811
     0.22473     0.97442     0.00000
    -0.97442     0.22473     0.00087
     0.00085    -0.00020     1.00000
           0           1           2           2
     2.37118    -1.18334     2.89612
     0.22471     0.97443     0.00000
    -0.97443     0.22471     0.00087
     0.00085    -0.00020     1.00000
           0           1           2           3
     2.36629    -1.18247    -2.79588
     0.22468     0.97443     0.00000
    -0.97443     0.22468     0.00087
     0.00085    -0.00020     1.00000
           0           1           2           4
     2.36142    -1.18160    -8.48788
     0.22466     0.97444     0.00000
    -0.97444     0.22466     0.00087
     0.00085    -0.00020     1.00000
           0           1           3           1
     2.64176     0.00105     8.58806
    -0.23712     0.97148     0.00000
    -0.97148    -0.23712     0.00080
     0.00078     0.00019     1.00000
           0           1           3           2
     2.63685     0.00194     2.89606
    -0.23714     0.97147     0.00000
    -0.97147    -0.23714     0.00080
     0.00078     0.00019     1.00000
           0           1           3           3
     2.63194     0.00282    -2.79594
    -0.23717     0.97147     0.00000
    -0.97147    -0.23717     0.00080
     0.00078     0.00019     1.00000
           0           1           3           4
     2.62704     0.00370    -8.48794
    -0.23719     0.97146     0.00000
    -0.97146    -0.23719     0.00080
     0.00078     0.00019     1.00000
           0           1           4           1
     2.34648     1.17933     8.58848
    -0.64840     0.76130     0.00000
    -0.76130    -0.64840     0.00056
     0.00043     0.00036     1.00000
           0           1           4           2
     2.34155     1.18021     2.89648
    -0.64841     0.76129     0.00000
    -0.76129    -0.64841     0.00056
     0.00043     0.00036     1.00000
           0           1           4           3
     2.33662     1.18107    -2.79552
    -0.64843     0.76127     0.00000
    -0.76127    -0.64843     0.00056
     0.00043     0.00036     1.00000
           0           1           4           4
     2.33169     1.18193    -8.48751
    -0.64844     0.76126     0.00000
    -0.76126    -0.64844     0.00056
     0.00043     0.00036     1.00000
           0           1           5           1
     1.55320     2.09924     8.58930
    -0.92135     0.38872     0.00000
    -0.38872    -0.92135     0.00020
     0.00008     0.00018     1.00000
           0           1           5           2
     1.54826     2.10008     2.89730
    -0.92136     0.38871     0.00000
    -0.38871    -0.92136     0.00020
     0.00008     0.00018     1.00000
           0           1           5           3
     1.54333     2.10091    -2.79470
    -0.92136     0.38870     0.00000
    -0.38870    -0.92136     0.00020
     0.00008     0.00018     1.00000
           0           1           5           4
     1.53840     2.10175    -8.48670
    -0.92137     0.38869     0.00000
    -0.38869    -0.92137     0.00020
     0.00008     0.00018     1.00000
           0           1           6           1
    -1.56855     2.09138    -8.60004
     0.92070     0.39027    -0.00000
     0.39027    -0.92070    -0.00114
    -0.00044     0.00105    -1.00000
           0           1           6           2
    -1.56311     2.08666    -2.90804
     0.92071     0.39024    -0.00000
     0.39024    -0.92071    -0.00114
    -0.00044     0.00105    -1.00000
           0           1           6           3
    -1.55768     2.08193     2.78395
     0.92072     0.39021    -0.00000
     0.39021    -0.92072    -0.00114
    -0.00044     0.00105    -1.00000
           0           1           6           4
    -1.55225     2.07721     8.47595
     0.92074     0.39018    -0.00000
     0.39018    -0.92074    -0.00114
    -0.00044     0.00105    -1.00000
           0           1           7           1
    -2.36031     1.17011    -8.60006
     0.64711     0.76239    -0.00000
     0.76239    -0.64711    -0.00126
    -0.00096     0.00082    -1.00000
           0           1           7           2
    -2.35490     1.16541    -2.90807
     0.64713     0.76238    -0.00000
     0.76238    -0.64713    -0.00126
    -0.00096     0.00082    -1.00000
           0           1           7           3
    -2.34949     1.16071     2.78393
     0.64716     0.76236    -0.00000
     0.76236    -0.64716    -0.00126
    -0.00096     0.00082    -1.00000
           0           1           7           4
    -2.34409     1.15601     8.47592
     0.64718     0.76234    -0.00000
     0.76234    -0.64718    -0.00126
    -0.00096     0.00082    -1.00000
           0           1           8           1
    -2.65359    -0.00868    -8.60077
     0.23547     0.97188    -0.00000
     0.97188    -0.23547    -0.00111
    -0.00108     0.00026    -1.00000
           0           1           8           2
    -2.64822    -0.01339    -2.90878
     0.23550     0.97188    -0.00000
     0.97187    -0.23550    -0.00111
    -0.00108     0.00026    -1.00000
           0           1           8           3
    -2.64284    -0.01810     2.78322
     0.23552     0.97187    -0.00000
     0.97187    -0.23552    -0.00111
    -0.00108     0.00026    -1.00000
           0           1           8           4
    -2.63748    -0.02281     8.47521
     0.23554     0.97187    -0.00000
     0.97186    -0.23554    -0.00111
    -0.00108     0.00026    -1.00000
           0           1           9           1
    -2.38589    -1.19349    -8.60202
    -0.22637     0.97404    -0.00000
     0.97404     0.22637    -0.00073
    -0.00071    -0.00017    -1.00000
           0           1           9           2
    -2.38053    -1.19823    -2.91002
    -0.22636     0.97404    -0.00000
     0.97404     0.22636    -0.00073
    -0.00071    -0.00017    -1.00000
           0           1           9           3
    -2.37518    -1.20298     2.78197
    -0.22635     0.97405    -0.00000
     0.97404     0.22635    -0.00073
    -0.00071    -0.00017    -1.00000
           0           1           9           4
    -2.36981    -1.20772     8.47397
    -0.22634     0.97405    -0.00000
     0.97405     0.22634    -0.00073
    -0.00071    -0.00017    -1.00000
           0           1          10           1
    -1.61438    -2.13158    -8.60353
    -0.63991     0.76845    -0.00000
     0.76845     0.63991    -0.00019
    -0.00015    -0.00012    -1.00000
           0           1          10           2
    -1.60901    -2.13635    -2.91154
    -0.63991     0.76845    -0.00000
     0.76845     0.63991    -0.00019
    -0.00015    -0.00012    -1.00000
           0           1          10           3
    -1.60363    -2.14113     2.78046
    -0.63991     0.76845    -0.00000
     0.76845     0.63991    -0.00019
    -0.00015    -0.00012    -1.00000
           0           1          10           4
    -1.59826    -2.14590     8.47245
    -0.63991     0.76845    -0.00000
     0.76845     0.63991    -0.00019
    -0.00015    -0.00012    -1.00000
           0           2           1           1
     2.52556    -4.56346     8.59776
     0.74548     0.66653     0.00000
    -0.66653     0.74548     0.00069
     0.00046    -0.00051     1.00000
           0           2           1           2
     2.52067    -4.56257     2.90576
     0.74547     0.66653     0.00000
    -0.66653     0.74547     0.00069
     0.00046    -0.00051     1.00000
           0           2           1           3
     2.51577    -4.56170    -2.78624
     0.74547     0.66653     0.00000
    -0.66653     0.74547     0.00069
     0.00046    -0.00051     1.00000
           0           2           1           4
     2.51089    -4.56083    -8.47824
     0.74547     0.66654     0.00000
    -0.66654     0.74547     0.00069
     0.00046    -0.00051     1.00000
           0           2           2           1
     3.52688    -3.84571     8.59700
     0.56747     0.82339     0.00000
    -0.82339     0.56747     0.00080
     0.00066    -0.00045     1.00000
           0           2           2           2
     3.52198    -3.84483     2.90501
     0.56747     0.82339     0.00000
    -0.82339     0.56747     0.00080
     0.00066    -0.00045     1.00000
           0           2           2           3
     3.51709    -3.84395    -2.78699
     0.56747     0.82339     0.00000
    -0.82339     0.56747     0.00080
     0.00066    -0.00045     1.00000
           0           2           2           4
     3.51220    -3.84308    -8.47899
     0.56747     0.82339     0.00000
    -0.82339     0.56747     0.00080
     0.00066    -0.00045     1.00000
           0           2           3           1
     4.33092    -2.91228     8.59646
     0.35752     0.93391     0.00000
    -0.93391     0.35752     0.00086
     0.00080    -0.00031     1.00000
           0           2           3           2
     4.32602    -2.91139     2.90446
     0.35752     0.93391     0.00000
    -0.93391     0.35752     0.00086
     0.00080    -0.00031     1.00000
           0           2           3           3
     4.32112    -2.91052    -2.78754
     0.35751     0.93391     0.00000
    -0.93391     0.35751     0.00086
     0.00080    -0.00031     1.00000
           0           2           3           4
     4.31624    -2.90964    -8.47954
     0.35751     0.93391     0.00000
    -0.93391     0.35751     0.00086
     0.00080    -0.00031     1.00000
           0           2           4           1
     4.89244    -1.81569     8.59614
     0.12745     0.99185     0.00000
    -0.99184     0.12745     0.00087
     0.00086    -0.00011     1.00000
           0           2           4           2
     4.88754    -1.81481     2.90414
     0.12745     0.99185     0.00000
    -0.99185     0.12745     0.00087
     0.00086    -0.00011     1.00000
           0           2           4           3
     4.88264    -1.81393    -2.78785
     0.12744     0.99185     0.00000
    -0.99185     0.12744     0.00087
     0.00086    -0.00011     1.00000
           0           2           4           4
     4.87775    -1.81305    -8.47985
     0.12744     0.99185     0.00000
    -0.99185     0.12744     0.00087
     0.00086    -0.00011     1.00000
           0           2           5           1
     5.17980    -0.61768     8.59608
    -0.10981     0.99395     0.00000
    -0.99395    -0.10981     0.00084
     0.00083     0.00009     1.00000
           0           2           5           2
     5.17490    -0.61679     2.90408
    -0.10981     0.99395     0.00000
    -0.99395    -0.10981     0.00084
     0.00083     0.00009     1.00000
           0           2           5           3
     5.17000    -0.61591    -2.78792
    -0.10981     0.99395     0.00000
    -0.99395    -0.10981     0.00084
     0.00083     0.00009     1.00000
           0           2           5           4
     5.16511    -0.61503    -8.47992
    -0.10981     0.99395     0.00000
    -0.99395    -0.10981     0.00084
     0.00083     0.00009     1.00000
           0           2           6           1
     5.17686     0.61430     8.59627
    -0.34087     0.94011     0.00000
    -0.94011    -0.34087     0.00076
     0.00071     0.00026     1.00000
           0           2           6           2
     5.17195     0.61519     2.90427
    -0.34087     0.94011     0.00000
    -0.94011    -0.34087     0.00076
     0.00071     0.00026     1.00000
           0           2           6           3
     5.16705     0.61607    -2.78773
    -0.34088     0.94011     0.00000
    -0.94011    -0.34088     0.00076
     0.00071     0.00026     1.00000
           0           2           6           4
     5.16216     0.61695    -8.47973
    -0.34088     0.94011     0.00000
    -0.94011    -0.34088     0.00076
     0.00071     0.00026     1.00000
           0           2           7           1
     4.88376     1.81094     8.59670
    -0.55275     0.83334     0.00000
    -0.83334    -0.55275     0.00063
     0.00053     0.00035     1.00000
           0           2           7           2
     4.87885     1.81182     2.90471
    -0.55276     0.83334     0.00000
    -0.83334    -0.55276     0.00063
     0.00053     0.00035     1.00000
           0           2           7           3
     4.87395     1.81270    -2.78729
    -0.55276     0.83334     0.00000
    -0.83334    -0.55276     0.00063
     0.00053     0.00035     1.00000
           0           2           7           4
     4.86905     1.81358    -8.47929
    -0.55276     0.83334     0.00000
    -0.83334    -0.55276     0.00063
     0.00053     0.00035     1.00000
           0           2           8           1
     4.31699     2.90483     8.59736
    -0.73352     0.67966     0.00000
    -0.67966    -0.73352     0.00047
     0.00032     0.00034     1.00000
           0           2           8           2
     4.31209     2.90572     2.90536
    -0.73352     0.67966     0.00000
    -0.67966    -0.73352     0.00047
     0.00032     0.00034     1.00000
           0           2           8           3
     4.30718     2.90659    -2.78664
    -0.73352     0.67966     0.00000
    -0.67966    -0.73352     0.00047
     0.00032     0.00034     1.00000
           0           2           8           4
     4.30228     2.90747    -8.47863
    -0.73353     0.67966     0.00000
    -0.67966    -0.73353     0.00047
     0.00032     0.00034     1.00000
           0           2           9           1
     3.50848     3.83442     8.59820
    -0.87300     0.48773     0.00000
    -0.48773    -0.87300     0.00029
     0.00014     0.00025     1.00000
           0           2           9           2
     3.50357     3.83530     2.90620
    -0.87300     0.48773     0.00000
    -0.48773    -0.87300     0.00029
     0.00014     0.00025     1.00000
           0           2           9           3
     3.49867     3.83617    -2.78580
    -0.87300     0.48773     0.00000
    -0.48773    -0.87300     0.00029
     0.00014     0.00025     1.00000
           0           2           9           4
     3.49377     3.83705    -8.47780
    -0.87300     0.48772     0.00000
    -0.48772    -0.87300     0.00029
     0.00014     0.00025     1.00000
           0           2          10           1
     2.50372     4.54737     8.59917
    -0.96333     0.26834     0.00000
    -0.26834    -0.96333     0.00008
     0.00002     0.00008     1.00000
           0           2          10           2
     2.49882     4.54825     2.90717
    -0.96333     0.26833     0.00000
    -0.26833    -0.96333     0.00008
     0.00002     0.00008     1.00000
           0           2          10           3
     2.49391     4.54912    -2.78482
    -0.96333     0.26833     0.00000
    -0.26833    -0.96333     0.00008
     0.00002     0.00008     1.00000
           0           2          10           4
     2.48902     4.54999    -8.47682
    -0.96333     0.26833     0.00000
    -0.26833    -0.96333     0.00008
     0.00002     0.00008     1.00000
           0           2          11           1
    -2.51353     4.53824    -8.59643
     0.96342     0.26801    -0.00000
     0.26801    -0.96342    -0.00105
    -0.00028     0.00101    -1.00000
           0           2          11           2
    -2.50811     4.53352    -2.90443
     0.96342     0.26801    -0.00000
     0.26801    -0.96342    -0.00105
    -0.00028     0.00101    -1.00000
           0           2          11           3
    -2.50268     4.52881     2.78756
     0.96342     0.26800    -0.00000
     0.26800    -0.96342    -0.00105
    -0.00028     0.00101    -1.00000
           0           2          11           4
    -2.49726     4.52409     8.47956
     0.96342     0.26800    -0.00000
     0.26800    -0.96342    -0.00105
    -0.00028     0.00101    -1.00000
           0           2          12           1
    -3.51854     3.82562    -8.59606
     0.87316     0.48744    -0.00000
     0.48744    -0.87316    -0.00119
    -0.00058     0.00104    -1.00000
           0           2          12           2
    -3.51312     3.82091    -2.90407
     0.87316     0.48743    -0.00000
     0.48743    -0.87316    -0.00119
    -0.00058     0.00104    -1.00000
           0           2          12           3
    -3.50769     3.81620     2.78793
     0.87316     0.48743    -0.00000
     0.48743    -0.87316    -0.00119
    -0.00058     0.00104    -1.00000
           0           2          12           4
    -3.50227     3.81149     8.47991
     0.87316     0.48743    -0.00000
     0.48743    -0.87316    -0.00119
    -0.00058     0.00104    -1.00000
           0           2          13           1
    -4.32737     2.89630    -8.59608
     0.73375     0.67942    -0.00000
     0.67942    -0.73375    -0.00125
    -0.00085     0.00092    -1.00000
           0           2          13           2
    -4.32195     2.89159    -2.90407
     0.73375     0.67942    -0.00000
     0.67942    -0.73375    -0.00125
    -0.00085     0.00092    -1.00000
           0           2          13           3
    -4.31653     2.88688     2.78793
     0.73375     0.67942    -0.00000
     0.67941    -0.73375    -0.00125
    -0.00085     0.00092    -1.00000
           0           2          13           4
    -4.31111     2.88217     8.47991
     0.73376     0.67941    -0.00000
     0.67941    -0.73376    -0.00125
    -0.00085     0.00092    -1.00000
           0           2          14           1
    -4.89451     1.80258    -8.59643
     0.55303     0.83316    -0.00000
     0.83316    -0.55303    -0.00125
    -0.00104     0.00069    -1.00000
           0           2          14           2
    -4.88909     1.79787    -2.90444
     0.55303     0.83316    -0.00000
     0.83316    -0.55303    -0.00125
    -0.00104     0.00069    -1.00000
           0           2          14           3
    -4.88367     1.79316     2.78756
     0.55304     0.83316    -0.00000
     0.83316    -0.55304    -0.00125
    -0.00104     0.00069    -1.00000
           0           2          14           4
    -4.87826     1.78846     8.47954
     0.55304     0.83316    -0.00000
     0.83316    -0.55304    -0.00125
    -0.00104     0.00069    -1.00000
           0           2          15           1
    -5.18801     0.60604    -8.59715
     0.34118     0.94000    -0.00000
     0.94000    -0.34118    -0.00118
    -0.00111     0.00040    -1.00000
           0           2          15           2
    -5.18259     0.60134    -2.90515
     0.34118     0.94000    -0.00000
     0.94000    -0.34118    -0.00118
    -0.00111     0.00040    -1.00000
           0           2          15           3
    -5.17718     0.59663     2.78684
     0.34119     0.94000    -0.00000
     0.94000    -0.34119    -0.00118
    -0.00111     0.00040    -1.00000
           0           2          15           4
    -5.17177     0.59192     8.47884
     0.34119     0.93999    -0.00000
     0.93999    -0.34119    -0.00118
    -0.00111     0.00040    -1.00000
           0           2          16           1
    -5.19136    -0.62596    -8.59818
     0.11013     0.99392    -0.00000
     0.99392    -0.11013    -0.00104
    -0.00103     0.00011    -1.00000
           0           2          16           2
    -5.18595    -0.63067    -2.90617
     0.11013     0.99392    -0.00000
     0.99392    -0.11013    -0.00104
    -0.00103     0.00011    -1.00000
           0           2          16           3
    -5.18054    -0.63538     2.78582
     0.11014     0.99392    -0.00000
     0.99392    -0.11014    -0.00104
    -0.00103     0.00011    -1.00000
           0           2          16           4
    -5.17513    -0.64009     8.47781
     0.11014     0.99392    -0.00000
     0.99392    -0.11014    -0.00104
    -0.00103     0.00011    -1.00000
           0           2          17           1
    -4.90438    -1.82406    -8.59943
    -0.12713     0.99189    -0.00000
     0.99189     0.12713    -0.00084
    -0.00083    -0.00011    -1.00000
           0           2          17           2
    -4.89897    -1.82878    -2.90744
    -0.12712     0.99189    -0.00000
     0.99189     0.12712    -0.00084
    -0.00083    -0.00011    -1.00000
           0           2          17           3
    -4.89357    -1.83349     2.78456
    -0.12712     0.99189    -0.00000
     0.99189     0.12712    -0.00084
    -0.00083    -0.00011    -1.00000
           0           2          17           4
    -4.88816    -1.83821     8.47655
    -0.12712     0.99189    -0.00000
     0.99189     0.12712    -0.00084
    -0.00083    -0.00011    -1.00000
           0           2          18           1
    -4.34322    -2.92083    -8.60088
    -0.35721     0.93402    -0.00000
     0.93402     0.35721    -0.00059
    -0.00055    -0.00021    -1.00000
           0           2          18           2
    -4.33782    -2.92555    -2.90889
    -0.35721     0.93402    -0.00000
     0.93402     0.35721    -0.00059
    -0.00055    -0.00021    -1.00000
           0           2          18           3
    -4.33241    -2.93027     2.78311
    -0.35721     0.93402    -0.00000
     0.93402     0.35721    -0.00059
    -0.00055    -0.00021    -1.00000
           0           2          18           4
    -4.32700    -2.93499     8.47511
    -0.35721     0.93402    -0.00000
     0.93402     0.35721    -0.00059
    -0.00055    -0.00021    -1.00000
           0           2          19           1
    -3.53948    -3.85454    -8.60242
    -0.56721     0.82358    -0.00000
     0.82358     0.56721    -0.00031
    -0.00026    -0.00018    -1.00000
           0           2          19           2
    -3.53407    -3.85926    -2.91042
    -0.56721     0.82358    -0.00000
     0.82358     0.56721    -0.00031
    -0.00026    -0.00018    -1.00000
           0           2          19           3
    -3.52866    -3.86399     2.78157
    -0.56721     0.82358    -0.00000
     0.82358     0.56721    -0.00031
    -0.00026    -0.00018    -1.00000
           0           2          19           4
    -3.52326    -3.86871     8.47357
    -0.56721     0.82358    -0.00000
     0.82358     0.56721    -0.00031
    -0.00026    -0.00018    -1.00000
           0           2          20           1
    -2.53840    -4.57260    -8.60396
    -0.74526     0.66678    -0.00000
     0.66678     0.74526    -0.00002
    -0.00001    -0.00001    -1.00000
           0           2          20           2
    -2.53299    -4.57733    -2.91197
    -0.74526     0.66678    -0.00000
     0.66678     0.74526    -0.00002
    -0.00001    -0.00001    -1.00000
           0           2          20           3
    -2.52758    -4.58206     2.78003
    -0.74526     0.66677    -0.00000
     0.66677     0.74526    -0.00002
    -0.00001    -0.00001    -1.00000
           0           2          20           4
    -2.52217    -4.58678     8.47202
    -0.74526     0.66677    -0.00000
     0.66677     0.74526    -0.00002
    -0.00001    -0.00001    -1.00000
           0           3           1           1
     5.64361   -10.32379    12.80347
    -0.87814    -0.47841     0.00000
    -0.47841     0.87814     0.00055
    -0.00026     0.00048    -1.00000
           0           3           1           2
     5.63812   -10.32280     6.42807
    -0.87814    -0.47841     0.00000
    -0.47841     0.87814     0.00055
    -0.00026     0.00048    -1.00000
           0           3           1           3
     5.63264   -10.32181     0.05267
    -0.87814    -0.47841     0.00000
    -0.47841     0.87814     0.00055
    -0.00026     0.00048    -1.00000
           0           3           1           4
     5.62716   -10.32082    -6.32272
    -0.87814    -0.47841     0.00000
    -0.47841     0.87814     0.00055
    -0.00026     0.00048    -1.00000
           0           3           1           5
     5.62167   -10.31983   -12.69812
    -0.87814    -0.47841     0.00000
    -0.47841     0.87814     0.00055
    -0.00026     0.00048    -1.00000
           0           3           2           1
     7.56460    -7.12661    12.80231
    -0.68683    -0.72682     0.00000
    -0.72682     0.68683     0.00073
    -0.00053     0.00050    -1.00000
           0           3           2           2
     7.55911    -7.12562     6.42692
    -0.68683    -0.72682     0.00000
    -0.72682     0.68683     0.00073
    -0.00053     0.00050    -1.00000
           0           3           2           3
     7.55363    -7.12463     0.05152
    -0.68683    -0.72682     0.00000
    -0.72682     0.68683     0.00073
    -0.00053     0.00050    -1.00000
           0           3           2           4
     7.54814    -7.12364    -6.32388
    -0.68683    -0.72682     0.00000
    -0.72682     0.68683     0.00073
    -0.00053     0.00050    -1.00000
           0           3           2           5
     7.54266    -7.12264   -12.69928
    -0.68683    -0.72682     0.00000
    -0.72682     0.68683     0.00073
    -0.00053     0.00050    -1.00000
           0           3           3           1
    11.54135    -5.66855    12.79912
    -0.44178    -0.89712     0.00000
    -0.89712     0.44178     0.00084
    -0.00075     0.00037    -1.00000
           0           3           3           2
    11.53586    -5.66756     6.42372
    -0.44178    -0.89712     0.00000
    -0.89712     0.44178     0.00084
    -0.00075     0.00037    -1.00000
           0           3           3           3
    11.53037    -5.66657     0.04832
    -0.44178    -0.89712     0.00000
    -0.89712     0.44178     0.00084
    -0.00075     0.00037    -1.00000
           0           3           3           4
    11.52488    -5.66558    -6.32707
    -0.44178    -0.89712     0.00000
    -0.89712     0.44178     0.00084
    -0.00075     0.00037    -1.00000
           0           3           3           5
    11.51940    -5.66459   -12.70247
    -0.44178    -0.89712     0.00000
    -0.89712     0.44178     0.00084
    -0.00075     0.00037    -1.00000
           0           3           4           1
    11.59570    -2.06752    12.79963
    -0.17638    -0.98432     0.00000
    -0.98432     0.17638     0.00087
    -0.00086     0.00015    -1.00000
           0           3           4           2
    11.59021    -2.06653     6.42423
    -0.17638    -0.98432     0.00000
    -0.98432     0.17638     0.00087
    -0.00086     0.00015    -1.00000
           0           3           4           3
    11.58473    -2.06554     0.04884
    -0.17638    -0.98432     0.00000
    -0.98432     0.17638     0.00087
    -0.00086     0.00015    -1.00000
           0           3           4           4
    11.57924    -2.06455    -6.32656
    -0.17638    -0.98432     0.00000
    -0.98432     0.17638     0.00087
    -0.00086     0.00015    -1.00000
           0           3           4           5
    11.57376    -2.06356   -12.70196
    -0.17638    -0.98432     0.00000
    -0.98432     0.17638     0.00087
    -0.00086     0.00015    -1.00000
           0           3           5           1
    10.30404     1.43161    12.80129
     0.13710    -0.99056     0.00000
    -0.99056    -0.13710     0.00083
    -0.00082    -0.00011    -1.00000
           0           3           5           2
    10.29855     1.43260     6.42589
     0.13710    -0.99056     0.00000
    -0.99056    -0.13710     0.00083
    -0.00082    -0.00011    -1.00000
           0           3           5           3
    10.29307     1.43359     0.05049
     0.13710    -0.99056     0.00000
    -0.99056    -0.13710     0.00083
    -0.00082    -0.00011    -1.00000
           0           3           5           4
    10.28758     1.43458    -6.32491
     0.13710    -0.99056     0.00000
    -0.99056    -0.13710     0.00083
    -0.00082    -0.00011    -1.00000
           0           3           5           5
    10.28210     1.43557   -12.70030
     0.13710    -0.99056     0.00000
    -0.99056    -0.13710     0.00083
    -0.00082    -0.00011    -1.00000
           0           3           6           1
    11.65536     5.44587    12.80075
     0.42329    -0.90600     0.00000
    -0.90600    -0.42329     0.00071
    -0.00064    -0.00030    -1.00000
           0           3           6           2
    11.64987     5.44686     6.42535
     0.42329    -0.90600     0.00000
    -0.90600    -0.42329     0.00071
    -0.00064    -0.00030    -1.00000
           0           3           6           3
    11.64439     5.44785     0.04995
     0.42329    -0.90600     0.00000
    -0.90600    -0.42329     0.00071
    -0.00064    -0.00030    -1.00000
           0           3           6           4
    11.63890     5.44884    -6.32544
     0.42329    -0.90600     0.00000
    -0.90600    -0.42329     0.00071
    -0.00064    -0.00030    -1.00000
           0           3           6           5
    11.63342     5.44983   -12.70084
     0.42329    -0.90600     0.00000
    -0.90600    -0.42329     0.00071
    -0.00064    -0.00030    -1.00000
           0           3           7           1
     8.88059     7.74175    12.80349
     0.65740    -0.75354     0.00000
    -0.75354    -0.65740     0.00055
    -0.00041    -0.00036    -1.00000
           0           3           7           2
     8.87510     7.74274     6.42809
     0.65740    -0.75354     0.00000
    -0.75354    -0.65740     0.00055
    -0.00041    -0.00036    -1.00000
           0           3           7           3
     8.86962     7.74373     0.05270
     0.65740    -0.75354     0.00000
    -0.75354    -0.65740     0.00055
    -0.00041    -0.00036    -1.00000
           0           3           7           4
     8.86414     7.74472    -6.32270
     0.65740    -0.75354     0.00000
    -0.75354    -0.65740     0.00055
    -0.00041    -0.00036    -1.00000
           0           3           7           5
     8.85865     7.74571   -12.69810
     0.65740    -0.75354     0.00000
    -0.75354    -0.65740     0.00055
    -0.00041    -0.00036    -1.00000
           0           3           8           1
     5.34299     8.92397    12.80672
     0.85843    -0.51294     0.00000
    -0.51294    -0.85843     0.00031
    -0.00016    -0.00027    -1.00000
           0           3           8           2
     5.33751     8.92496     6.43132
     0.85843    -0.51294     0.00000
    -0.51294    -0.85843     0.00031
    -0.00016    -0.00027    -1.00000
           0           3           8           3
     5.33202     8.92595     0.05592
     0.85843    -0.51294     0.00000
    -0.51294    -0.85843     0.00031
    -0.00016    -0.00027    -1.00000
           0           3           8           4
     5.32654     8.92694    -6.31947
     0.85843    -0.51294     0.00000
    -0.51294    -0.85843     0.00031
    -0.00016    -0.00027    -1.00000
           0           3           8           5
     5.32105     8.92793   -12.69487
     0.85843    -0.51294     0.00000
    -0.51294    -0.85843     0.00031
    -0.00016    -0.00027    -1.00000
           0           3           9           1
    -5.36126     8.92926   -12.80008
    -0.85800    -0.51365    -0.00000
     0.51365    -0.85800    -0.00120
     0.00062    -0.00103     1.00000
           0           3           9           2
    -5.35520     8.92399    -6.42469
    -0.85800    -0.51365    -0.00000
     0.51365    -0.85800    -0.00120
     0.00062    -0.00103     1.00000
           0           3           9           3
    -5.34913     8.91871    -0.04929
    -0.85800    -0.51365    -0.00000
     0.51365    -0.85800    -0.00120
     0.00062    -0.00103     1.00000
           0           3           9           4
    -5.34305     8.91344     6.32610
    -0.85800    -0.51365    -0.00000
     0.51365    -0.85800    -0.00120
     0.00062    -0.00103     1.00000
           0           3           9           5
    -5.33698     8.90816    12.70150
    -0.85800    -0.51365    -0.00000
     0.51365    -0.85800    -0.00120
     0.00062    -0.00103     1.00000
           0           3          10           1
    -8.89712     7.74496   -12.79769
    -0.65684    -0.75403    -0.00000
     0.75403    -0.65684    -0.00126
     0.00095    -0.00083     1.00000
           0           3          10           2
    -8.89106     7.73969    -6.42230
    -0.65684    -0.75403    -0.00000
     0.75403    -0.65684    -0.00126
     0.00095    -0.00083     1.00000
           0           3          10           3
    -8.88498     7.73441    -0.04690
    -0.65684    -0.75403    -0.00000
     0.75403    -0.65684    -0.00126
     0.00095    -0.00083     1.00000
           0           3          10           4
    -8.87890     7.72914     6.32849
    -0.65684    -0.75403    -0.00000
     0.75403    -0.65684    -0.00126
     0.00095    -0.00083     1.00000
           0           3          10           5
    -8.87284     7.72386    12.70389
    -0.65684    -0.75403    -0.00000
     0.75403    -0.65684    -0.00126
     0.00095    -0.00083     1.00000
           0           3          11           1
   -11.66987     5.44777   -12.79695
    -0.42268    -0.90628    -0.00000
     0.90628    -0.42268    -0.00121
     0.00110    -0.00051     1.00000
           0           3          11           2
   -11.66380     5.44250    -6.42155
    -0.42268    -0.90628    -0.00000
     0.90628    -0.42268    -0.00121
     0.00110    -0.00051     1.00000
           0           3          11           3
   -11.65773     5.43722    -0.04616
    -0.42268    -0.90628    -0.00000
     0.90628    -0.42268    -0.00121
     0.00110    -0.00051     1.00000
           0           3          11           4
   -11.65165     5.43195     6.32924
    -0.42268    -0.90628    -0.00000
     0.90628    -0.42268    -0.00121
     0.00110    -0.00051     1.00000
           0           3          11           5
   -11.64558     5.42667    12.70463
    -0.42268    -0.90628    -0.00000
     0.90628    -0.42267    -0.00121
     0.00110    -0.00051     1.00000
           0           3          12           1
   -10.31608     1.43277   -12.80156
    -0.13628    -0.99067    -0.00000
     0.99067    -0.13628    -0.00106
     0.00105    -0.00014     1.00000
           0           3          12           2
   -10.31000     1.42750    -6.42616
    -0.13628    -0.99067    -0.00000
     0.99067    -0.13628    -0.00106
     0.00105    -0.00014     1.00000
           0           3          12           3
   -10.30392     1.42222    -0.05077
    -0.13628    -0.99067    -0.00000
     0.99067    -0.13628    -0.00106
     0.00105    -0.00014     1.00000
           0           3          12           4
   -10.29785     1.41695     6.32463
    -0.13628    -0.99067    -0.00000
     0.99067    -0.13628    -0.00106
     0.00105    -0.00014     1.00000
           0           3          12           5
   -10.29178     1.41167    12.70002
    -0.13628    -0.99067    -0.00000
     0.99067    -0.13628    -0.00106
     0.00105    -0.00014     1.00000
           0           3          13           1
   -11.60504    -2.06631   -12.80322
     0.17710    -0.98419    -0.00000
     0.98419     0.17710    -0.00079
     0.00078     0.00014     1.00000
           0           3          13           2
   -11.59896    -2.07158    -6.42783
     0.17710    -0.98419    -0.00000
     0.98419     0.17710    -0.00079
     0.00078     0.00014     1.00000
           0           3          13           3
   -11.59287    -2.07686    -0.05243
     0.17710    -0.98419    -0.00000
     0.98419     0.17710    -0.00079
     0.00078     0.00014     1.00000
           0           3          13           4
   -11.58680    -2.08213     6.32296
     0.17710    -0.98419    -0.00000
     0.98419     0.17710    -0.00079
     0.00078     0.00014     1.00000
           0           3          13           5
   -11.58072    -2.08740    12.69836
     0.17710    -0.98419    -0.00000
     0.98419     0.17710    -0.00079
     0.00078     0.00014     1.00000
           0           3          14           1
   -11.54837    -5.66658   -12.80625
     0.44239    -0.89682    -0.00000
     0.89682     0.44239    -0.00049
     0.00044     0.00022     1.00000
           0           3          14           2
   -11.54230    -5.67185    -6.43086
     0.44239    -0.89682    -0.00000
     0.89682     0.44239    -0.00049
     0.00044     0.00022     1.00000
           0           3          14           3
   -11.53622    -5.67712    -0.05546
     0.44239    -0.89682    -0.00000
     0.89682     0.44239    -0.00049
     0.00044     0.00022     1.00000
           0           3          14           4
   -11.53014    -5.68240     6.31993
     0.44239    -0.89682    -0.00000
     0.89682     0.44239    -0.00049
     0.00044     0.00022     1.00000
           0           3          14           5
   -11.52406    -5.68767    12.69533
     0.44239    -0.89682    -0.00000
     0.89682     0.44239    -0.00049
     0.00044     0.00022     1.00000
           0           3          15           1
    -7.56951    -7.12316   -12.81125
     0.68744    -0.72624    -0.00000
     0.72624     0.68744    -0.00012
     0.00009     0.00008     1.00000
           0           3          15           2
    -7.56343    -7.12844    -6.43585
     0.68744    -0.72624    -0.00000
     0.72624     0.68744    -0.00012
     0.00009     0.00008     1.00000
           0           3          15           3
    -7.55735    -7.13370    -0.06046
     0.68744    -0.72624    -0.00000
     0.72624     0.68744    -0.00012
     0.00009     0.00008     1.00000
           0           3          15           4
    -7.55128    -7.13898     6.31494
     0.68744    -0.72624    -0.00000
     0.72624     0.68744    -0.00012
     0.00009     0.00008     1.00000
           0           3          15           5
    -7.54519    -7.14424    12.69033
     0.68744    -0.72624    -0.00000
     0.72624     0.68744    -0.00012
     0.00009     0.00008     1.00000
           0           3          16           1
    -5.64686   -10.31820   -12.81572
     0.87849    -0.47776     0.00000
     0.47776     0.87849     0.00027
    -0.00013    -0.00024     1.00000
           0           3          16           2
    -5.64077   -10.32348    -6.44033
     0.87849    -0.47776     0.00000
     0.47776     0.87849     0.00027
    -0.00013    -0.00024     1.00000
           0           3          16           3
