 SVX cage parameters:
     2.20000
     0.50000     0.20000
     0.00000
           6
   -40.00000   -26.50000   -26.50000    26.50000    26.50000    40.00000
    53.00000    53.00000    22.14782    22.14782    53.00000    53.00000
     0.00000     0.00000     0.00000
 SVX barrel parameters:
           4
     2.63000     5.19260    11.76500    16.68700     1.14100
     0.00000     0.00000     0.00000     0.00000
           4           4           5           6
     0.69600     0.69600     1.74500     1.74500
     0.01000     0.01000     0.03125     0.03125
     2.83600     2.83600     3.18770     3.18770
     0.01900     0.01900     0.00000     0.00000
     0.02000     0.02000     0.00000     0.00000
    26.70000    13.62600    17.00000    12.00000
   -13.00000   -12.98000     0.00000     0.00000
           2
           5           5
     0.00000   180.00000
           2
          10          10
     0.00000   180.00000
           2
           8           8
     0.00000   180.00000
           2
          12          12
     0.00000   180.00000
 SVX barrel sensor rotation matrices and translation vectors:
           0           1           1           1
     1.60611    -2.12362     8.59501
     0.63865     0.76950     0.00000
    -0.76950     0.63865     0.00076
     0.00058    -0.00049     1.00000
           0           1           1           2
     1.60136    -2.12257     2.90301
     0.63864     0.76951     0.00000
    -0.76951     0.63864     0.00076
     0.00058    -0.00049     1.00000
           0           1           1           3
     1.59663    -2.12152    -2.78899
     0.63862     0.76952     0.00000
    -0.76952     0.63862     0.00076
     0.00058    -0.00049     1.00000
           0           1           1           4
     1.59188    -2.12046    -8.48099
     0.63861     0.76953     0.00000
    -0.76953     0.63861     0.00076
     0.00058    -0.00049     1.00000
           0           1           2           1
     2.37609    -1.18424     8.59453
     0.22477     0.97441     0.00000
    -0.97441     0.22477     0.00086
     0.00084    -0.00019     1.00000
           0           1           2           2
     2.37134    -1.18316     2.90253
     0.22475     0.97442     0.00000
    -0.97442     0.22475     0.00086
     0.00084    -0.00019     1.00000
           0           1           2           3
     2.36659    -1.18209    -2.78946
     0.22473     0.97442     0.00000
    -0.97442     0.22473     0.00086
     0.00084    -0.00019     1.00000
           0           1           2           4
     2.36183    -1.18100    -8.48146
     0.22470     0.97443     0.00000
    -0.97443     0.22470     0.00086
     0.00084    -0.00019     1.00000
           0           1           3           1
     2.64184     0.00102     8.59452
    -0.23708     0.97149     0.00000
    -0.97149    -0.23708     0.00077
     0.00075     0.00018     1.00000
           0           1           3           2
     2.63706     0.00211     2.90252
    -0.23710     0.97148     0.00000
    -0.97148    -0.23710     0.00077
     0.00075     0.00018     1.00000
           0           1           3           3
     2.63229     0.00319    -2.78947
    -0.23712     0.97148     0.00000
    -0.97148    -0.23712     0.00077
     0.00075     0.00018     1.00000
           0           1           3           4
     2.62750     0.00428    -8.48147
    -0.23715     0.97147     0.00000
    -0.97147    -0.23715     0.00077
     0.00075     0.00018     1.00000
           0           1           4           1
     2.34661     1.17931     8.59498
    -0.64837     0.76133     0.00000
    -0.76133    -0.64837     0.00052
     0.00040     0.00034     1.00000
           0           1           4           2
     2.34181     1.18038     2.90298
    -0.64838     0.76132     0.00000
    -0.76132    -0.64838     0.00052
     0.00040     0.00034     1.00000
           0           1           4           3
     2.33701     1.18145    -2.78901
    -0.64840     0.76130     0.00000
    -0.76130    -0.64840     0.00052
     0.00040     0.00034     1.00000
           0           1           4           4
     2.33221     1.18252    -8.48101
    -0.64841     0.76129     0.00000
    -0.76129    -0.64841     0.00052
     0.00040     0.00034     1.00000
           0           1           5           1
     1.55337     2.09925     8.59581
    -0.92134     0.38876     0.00000
    -0.38876    -0.92134     0.00016
     0.00006     0.00015     1.00000
           0           1           5           2
     1.54857     2.10029     2.90381
    -0.92134     0.38875     0.00000
    -0.38875    -0.92134     0.00016
     0.00006     0.00015     1.00000
           0           1           5           3
     1.54377     2.10133    -2.78818
    -0.92135     0.38874     0.00000
    -0.38874    -0.92135     0.00016
     0.00006     0.00015     1.00000
           0           1           5           4
     1.53897     2.10237    -8.48018
    -0.92135     0.38874     0.00000
    -0.38874    -0.92135     0.00016
     0.00006     0.00015     1.00000
           0           1           6           1
    -1.56858     2.09098    -8.59238
     0.92065     0.39040    -0.00000
     0.39040    -0.92065    -0.00110
    -0.00043     0.00101    -1.00000
           0           1           6           2
    -1.56328     2.08646    -2.90038
     0.92066     0.39037    -0.00000
     0.39037    -0.92066    -0.00110
    -0.00043     0.00101    -1.00000
           0           1           6           3
    -1.55797     2.08192     2.79162
     0.92067     0.39035    -0.00000
     0.39035    -0.92067    -0.00110
    -0.00043     0.00101    -1.00000
           0           1           6           4
    -1.55266     2.07739     8.48361
     0.92068     0.39032    -0.00000
     0.39032    -0.92068    -0.00110
    -0.00043     0.00101    -1.00000
           0           1           7           1
    -2.36021     1.16961    -8.59239
     0.64700     0.76249    -0.00000
     0.76249    -0.64700    -0.00122
    -0.00093     0.00079    -1.00000
           0           1           7           2
    -2.35493     1.16510    -2.90039
     0.64703     0.76247    -0.00000
     0.76247    -0.64703    -0.00122
    -0.00093     0.00079    -1.00000
           0           1           7           3
    -2.34965     1.16059     2.79161
     0.64705     0.76245    -0.00000
     0.76245    -0.64705    -0.00122
    -0.00093     0.00079    -1.00000
           0           1           7           4
    -2.34437     1.15609     8.48360
     0.64707     0.76243    -0.00000
     0.76243    -0.64707    -0.00122
    -0.00093     0.00079    -1.00000
           0           1           8           1
    -2.65334    -0.00922    -8.59306
     0.23534     0.97191    -0.00000
     0.97191    -0.23534    -0.00109
    -0.00106     0.00026    -1.00000
           0           1           8           2
    -2.64808    -0.01374    -2.90107
     0.23536     0.97191    -0.00000
     0.97191    -0.23536    -0.00109
    -0.00106     0.00026    -1.00000
           0           1           8           3
    -2.64283    -0.01826     2.79093
     0.23538     0.97190    -0.00000
     0.97190    -0.23538    -0.00109
    -0.00106     0.00026    -1.00000
           0           1           8           4
    -2.63758    -0.02277     8.48292
     0.23540     0.97190    -0.00000
     0.97190    -0.23540    -0.00109
    -0.00106     0.00026    -1.00000
           0           1           9           1
    -2.38547    -1.19399    -8.59426
    -0.22651     0.97401    -0.00000
     0.97401     0.22651    -0.00072
    -0.00070    -0.00016    -1.00000
           0           1           9           2
    -2.38023    -1.19854    -2.90226
    -0.22650     0.97401    -0.00000
     0.97401     0.22650    -0.00072
    -0.00070    -0.00016    -1.00000
           0           1           9           3
    -2.37499    -1.20309     2.78973
    -0.22649     0.97401    -0.00000
     0.97401     0.22649    -0.00072
    -0.00070    -0.00016    -1.00000
           0           1           9           4
    -2.36976    -1.20763     8.48173
    -0.22648     0.97402    -0.00000
     0.97402     0.22648    -0.00072
    -0.00070    -0.00016    -1.00000
           0           1          10           1
    -1.61383    -2.13198    -8.59573
    -0.64002     0.76836    -0.00000
     0.76836     0.64002    -0.00019
    -0.00015    -0.00012    -1.00000
           0           1          10           2
    -1.60857    -2.13655    -2.90373
    -0.64002     0.76836    -0.00000
     0.76836     0.64002    -0.00019
    -0.00015    -0.00012    -1.00000
           0           1          10           3
    -1.60332    -2.14113     2.78827
    -0.64002     0.76836    -0.00000
     0.76836     0.64002    -0.00019
    -0.00015    -0.00012    -1.00000
           0           1          10           4
    -1.59807    -2.14570     8.48026
    -0.64002     0.76836    -0.00000
     0.76836     0.64002    -0.00019
    -0.00015    -0.00012    -1.00000
           0           2           1           1
     2.52573    -4.56342     8.60332
     0.74548     0.66653     0.00000
    -0.66653     0.74548     0.00070
     0.00047    -0.00052     1.00000
           0           2           1           2
     2.52096    -4.56234     2.91132
     0.74547     0.66653     0.00000
    -0.66653     0.74547     0.00070
     0.00047    -0.00052     1.00000
           0           2           1           3
     2.51621    -4.56127    -2.78068
     0.74547     0.66654     0.00000
    -0.66654     0.74547     0.00070
     0.00047    -0.00052     1.00000
           0           2           1           4
     2.51144    -4.56019    -8.47267
     0.74547     0.66654     0.00000
    -0.66654     0.74547     0.00070
     0.00047    -0.00052     1.00000
           0           2           2           1
     3.52704    -3.84568     8.60262
     0.56747     0.82339     0.00000
    -0.82339     0.56747     0.00080
     0.00066    -0.00045     1.00000
           0           2           2           2
     3.52228    -3.84460     2.91062
     0.56747     0.82339     0.00000
    -0.82339     0.56747     0.00080
     0.00066    -0.00045     1.00000
           0           2           2           3
     3.51752    -3.84352    -2.78138
     0.56747     0.82339     0.00000
    -0.82339     0.56747     0.00080
     0.00066    -0.00045     1.00000
           0           2           2           4
     3.51276    -3.84244    -8.47338
     0.56747     0.82339     0.00000
    -0.82339     0.56747     0.00080
     0.00066    -0.00045     1.00000
           0           2           3           1
     4.33108    -2.91225     8.60212
     0.35752     0.93391     0.00000
    -0.93391     0.35752     0.00085
     0.00079    -0.00030     1.00000
           0           2           3           2
     4.32631    -2.91116     2.91012
     0.35752     0.93391     0.00000
    -0.93391     0.35752     0.00085
     0.00079    -0.00030     1.00000
           0           2           3           3
     4.32156    -2.91008    -2.78188
     0.35751     0.93391     0.00000
    -0.93391     0.35751     0.00085
     0.00079    -0.00030     1.00000
           0           2           3           4
     4.31679    -2.90899    -8.47388
     0.35751     0.93391     0.00000
    -0.93391     0.35751     0.00085
     0.00079    -0.00030     1.00000
           0           2           4           1
     4.89260    -1.81566     8.60185
     0.12745     0.99185     0.00000
    -0.99184     0.12745     0.00085
     0.00084    -0.00011     1.00000
           0           2           4           2
     4.88783    -1.81457     2.90986
     0.12745     0.99185     0.00000
    -0.99185     0.12745     0.00085
     0.00084    -0.00011     1.00000
           0           2           4           3
     4.88307    -1.81349    -2.78214
     0.12744     0.99185     0.00000
    -0.99185     0.12744     0.00085
     0.00084    -0.00011     1.00000
           0           2           4           4
     4.87831    -1.81240    -8.47414
     0.12744     0.99185     0.00000
    -0.99185     0.12744     0.00085
     0.00084    -0.00011     1.00000
           0           2           5           1
     5.17997    -0.61765     8.60184
    -0.10981     0.99395     0.00000
    -0.99395    -0.10981     0.00081
     0.00081     0.00009     1.00000
           0           2           5           2
     5.17520    -0.61656     2.90984
    -0.10981     0.99395     0.00000
    -0.99395    -0.10981     0.00081
     0.00081     0.00009     1.00000
           0           2           5           3
     5.17044    -0.61548    -2.78216
    -0.10981     0.99395     0.00000
    -0.99395    -0.10981     0.00081
     0.00081     0.00009     1.00000
           0           2           5           4
     5.16567    -0.61439    -8.47415
    -0.10981     0.99395     0.00000
    -0.99395    -0.10981     0.00081
     0.00081     0.00009     1.00000
           0           2           6           1
     5.17702     0.61434     8.60207
    -0.34087     0.94011     0.00000
    -0.94011    -0.34087     0.00072
     0.00068     0.00025     1.00000
           0           2           6           2
     5.17225     0.61543     2.91008
    -0.34087     0.94011     0.00000
    -0.94011    -0.34087     0.00072
     0.00068     0.00025     1.00000
           0           2           6           3
     5.16748     0.61651    -2.78192
    -0.34088     0.94011     0.00000
    -0.94011    -0.34088     0.00072
     0.00068     0.00025     1.00000
           0           2           6           4
     5.16271     0.61760    -8.47392
    -0.34088     0.94011     0.00000
    -0.94011    -0.34088     0.00072
     0.00068     0.00025     1.00000
           0           2           7           1
     4.88392     1.81097     8.60254
    -0.55275     0.83334     0.00000
    -0.83334    -0.55275     0.00059
     0.00049     0.00033     1.00000
           0           2           7           2
     4.87915     1.81206     2.91055
    -0.55276     0.83334     0.00000
    -0.83334    -0.55276     0.00059
     0.00049     0.00033     1.00000
           0           2           7           3
     4.87438     1.81314    -2.78145
    -0.55276     0.83334     0.00000
    -0.83334    -0.55276     0.00059
     0.00049     0.00033     1.00000
           0           2           7           4
     4.86961     1.81422    -8.47345
    -0.55276     0.83334     0.00000
    -0.83334    -0.55276     0.00059
     0.00049     0.00033     1.00000
           0           2           8           1
     4.31715     2.90487     8.60323
    -0.73352     0.67966     0.00000
    -0.67966    -0.73352     0.00043
     0.00029     0.00032     1.00000
           0           2           8           2
     4.31238     2.90595     2.91123
    -0.73352     0.67966     0.00000
    -0.67966    -0.73352     0.00043
     0.00029     0.00032     1.00000
           0           2           8           3
     4.30761     2.90703    -2.78077
    -0.73353     0.67966     0.00000
    -0.67966    -0.73353     0.00043
     0.00029     0.00032     1.00000
           0           2           8           4
     4.30283     2.90811    -8.47277
    -0.73353     0.67966     0.00000
    -0.67966    -0.73353     0.00043
     0.00029     0.00032     1.00000
           0           2           9           1
     3.50864     3.83445     8.60408
    -0.87300     0.48773     0.00000
    -0.48773    -0.87300     0.00024
     0.00012     0.00021     1.00000
           0           2           9           2
     3.50387     3.83553     2.91208
    -0.87300     0.48773     0.00000
    -0.48773    -0.87300     0.00024
     0.00012     0.00021     1.00000
           0           2           9           3
     3.49910     3.83661    -2.77992
    -0.87300     0.48773     0.00000
    -0.48773    -0.87300     0.00024
     0.00012     0.00021     1.00000
           0           2           9           4
     3.49432     3.83769    -8.47192
    -0.87300     0.48772     0.00000
    -0.48772    -0.87300     0.00024
     0.00012     0.00021     1.00000
           0           2          10           1
     2.50389     4.54740     8.60505
    -0.96333     0.26834     0.00000
    -0.26834    -0.96333     0.00004
     0.00001     0.00004     1.00000
           0           2          10           2
     2.49912     4.54848     2.91306
    -0.96333     0.26833     0.00000
    -0.26833    -0.96333     0.00004
     0.00001     0.00004     1.00000
           0           2          10           3
     2.49434     4.54955    -2.77894
    -0.96333     0.26833     0.00000
    -0.26833    -0.96333     0.00004
     0.00001     0.00004     1.00000
           0           2          10           4
     2.48957     4.55063    -8.47094
    -0.96333     0.26833     0.00000
    -0.26833    -0.96333     0.00004
     0.00001     0.00004     1.00000
           0           2          11           1
    -2.51307     4.53780    -8.58979
     0.96341     0.26805    -0.00000
     0.26805    -0.96341    -0.00102
    -0.00027     0.00098    -1.00000
           0           2          11           2
    -2.50777     4.53328    -2.89779
     0.96341     0.26804    -0.00000
     0.26804    -0.96341    -0.00102
    -0.00027     0.00098    -1.00000
           0           2          11           3
    -2.50247     4.52875     2.79421
     0.96341     0.26804    -0.00000
     0.26804    -0.96341    -0.00102
    -0.00027     0.00098    -1.00000
           0           2          11           4
    -2.49717     4.52423     8.48620
     0.96341     0.26804    -0.00000
     0.26804    -0.96341    -0.00102
    -0.00027     0.00098    -1.00000
           0           2          12           1
    -3.51805     3.82514    -8.58942
     0.87314     0.48747    -0.00000
     0.48747    -0.87314    -0.00115
    -0.00056     0.00100    -1.00000
           0           2          12           2
    -3.51276     3.82063    -2.89742
     0.87314     0.48746    -0.00000
     0.48746    -0.87314    -0.00115
    -0.00056     0.00100    -1.00000
           0           2          12           3
    -3.50745     3.81611     2.79457
     0.87314     0.48746    -0.00000
     0.48746    -0.87314    -0.00115
    -0.00056     0.00100    -1.00000
           0           2          12           4
    -3.50215     3.81159     8.48657
     0.87315     0.48746    -0.00000
     0.48746    -0.87315    -0.00115
    -0.00056     0.00100    -1.00000
           0           2          13           1
    -4.32684     2.89579    -8.58941
     0.73372     0.67945    -0.00000
     0.67945    -0.73372    -0.00121
    -0.00082     0.00089    -1.00000
           0           2          13           2
    -4.32155     2.89128    -2.89741
     0.73373     0.67944    -0.00000
     0.67944    -0.73373    -0.00121
    -0.00082     0.00089    -1.00000
           0           2          13           3
    -4.31626     2.88676     2.79458
     0.73373     0.67944    -0.00000
     0.67944    -0.73373    -0.00121
    -0.00082     0.00089    -1.00000
           0           2          13           4
    -4.31096     2.88224     8.48658
     0.73373     0.67944    -0.00000
     0.67944    -0.73373    -0.00121
    -0.00082     0.00089    -1.00000
           0           2          14           1
    -4.89394     1.80205    -8.58975
     0.55300     0.83318    -0.00000
     0.83318    -0.55300    -0.00121
    -0.00101     0.00067    -1.00000
           0           2          14           2
    -4.88866     1.79754    -2.89776
     0.55300     0.83318    -0.00000
     0.83318    -0.55300    -0.00121
    -0.00101     0.00067    -1.00000
           0           2          14           3
    -4.88336     1.79303     2.79424
     0.55301     0.83318    -0.00000
     0.83318    -0.55300    -0.00121
    -0.00101     0.00067    -1.00000
           0           2          14           4
    -4.87807     1.78852     8.48623
     0.55301     0.83318    -0.00000
     0.83318    -0.55301    -0.00121
    -0.00101     0.00067    -1.00000
           0           2          15           1
    -5.18739     0.60552    -8.59043
     0.34115     0.94001    -0.00000
     0.94001    -0.34115    -0.00114
    -0.00107     0.00039    -1.00000
           0           2          15           2
    -5.18211     0.60100    -2.89844
     0.34115     0.94001    -0.00000
     0.94001    -0.34115    -0.00114
    -0.00107     0.00039    -1.00000
           0           2          15           3
    -5.17682     0.59648     2.79356
     0.34115     0.94001    -0.00000
     0.94001    -0.34115    -0.00114
    -0.00107     0.00039    -1.00000
           0           2          15           4
    -5.17153     0.59197     8.48555
     0.34115     0.94001    -0.00000
     0.94001    -0.34115    -0.00114
    -0.00107     0.00039    -1.00000
           0           2          16           1
    -5.19070    -0.62648    -8.59141
     0.11010     0.99392    -0.00000
     0.99392    -0.11010    -0.00101
    -0.00100     0.00011    -1.00000
           0           2          16           2
    -5.18542    -0.63100    -2.89941
     0.11010     0.99392    -0.00000
     0.99392    -0.11010    -0.00101
    -0.00100     0.00011    -1.00000
           0           2          16           3
    -5.18013    -0.63553     2.79258
     0.11010     0.99392    -0.00000
     0.99392    -0.11010    -0.00101
    -0.00100     0.00011    -1.00000
           0           2          16           4
    -5.17485    -0.64004     8.48458
     0.11010     0.99392    -0.00000
     0.99392    -0.11010    -0.00101
    -0.00100     0.00011    -1.00000
           0           2          17           1
    -4.90369    -1.82458    -8.59263
    -0.12716     0.99188    -0.00000
     0.99188     0.12716    -0.00082
    -0.00081    -0.00010    -1.00000
           0           2          17           2
    -4.89840    -1.82910    -2.90063
    -0.12716     0.99188    -0.00000
     0.99188     0.12716    -0.00082
    -0.00081    -0.00010    -1.00000
           0           2          17           3
    -4.89312    -1.83363     2.79136
    -0.12716     0.99188    -0.00000
     0.99188     0.12716    -0.00082
    -0.00081    -0.00010    -1.00000
           0           2          17           4
    -4.88784    -1.83814     8.48336
    -0.12716     0.99188    -0.00000
     0.99188     0.12716    -0.00082
    -0.00081    -0.00010    -1.00000
           0           2          18           1
    -4.34249    -2.92133    -8.59402
    -0.35725     0.93401    -0.00000
     0.93401     0.35725    -0.00058
    -0.00054    -0.00021    -1.00000
           0           2          18           2
    -4.33721    -2.92586    -2.90203
    -0.35725     0.93401    -0.00000
     0.93401     0.35725    -0.00058
    -0.00054    -0.00021    -1.00000
           0           2          18           3
    -4.33191    -2.93039     2.78997
    -0.35725     0.93401    -0.00000
     0.93401     0.35725    -0.00058
    -0.00054    -0.00021    -1.00000
           0           2          18           4
    -4.32664    -2.93491     8.48196
    -0.35725     0.93401    -0.00000
     0.93401     0.35725    -0.00058
    -0.00054    -0.00021    -1.00000
           0           2          19           1
    -3.53871    -3.85500    -8.59551
    -0.56724     0.82356    -0.00000
     0.82356     0.56724    -0.00031
    -0.00026    -0.00018    -1.00000
           0           2          19           2
    -3.53342    -3.85954    -2.90352
    -0.56724     0.82356    -0.00000
     0.82356     0.56724    -0.00031
    -0.00026    -0.00018    -1.00000
           0           2          19           3
    -3.52814    -3.86407     2.78848
    -0.56724     0.82356    -0.00000
     0.82356     0.56724    -0.00031
    -0.00026    -0.00018    -1.00000
           0           2          19           4
    -3.52286    -3.86860     8.48047
    -0.56724     0.82356    -0.00000
     0.82356     0.56724    -0.00031
    -0.00026    -0.00018    -1.00000
           0           2          20           1
    -2.53761    -4.57304    -8.59702
    -0.74528     0.66675    -0.00000
     0.66675     0.74528    -0.00003
    -0.00002    -0.00002    -1.00000
           0           2          20           2
    -2.53232    -4.57757    -2.90502
    -0.74528     0.66675    -0.00000
     0.66675     0.74528    -0.00003
    -0.00002    -0.00002    -1.00000
           0           2          20           3
    -2.52704    -4.58211     2.78698
    -0.74528     0.66675    -0.00000
     0.66675     0.74528    -0.00003
    -0.00002    -0.00002    -1.00000
           0           2          20           4
    -2.52175    -4.58663     8.47897
    -0.74528     0.66675    -0.00000
     0.66675     0.74528    -0.00003
    -0.00002    -0.00002    -1.00000
           0           3           1           1
     5.64472   -10.32388    12.80750
    -0.87810    -0.47848     0.00000
    -0.47848     0.87810     0.00057
    -0.00027     0.00050    -1.00000
           0           3           1           2
     5.63939   -10.32266     6.43209
    -0.87810    -0.47848     0.00000
    -0.47848     0.87810     0.00057
    -0.00027     0.00050    -1.00000
           0           3           1           3
     5.63405   -10.32145     0.05670
    -0.87810    -0.47848     0.00000
    -0.47848     0.87810     0.00057
    -0.00027     0.00050    -1.00000
           0           3           1           4
     5.62871   -10.32024    -6.31870
    -0.87810    -0.47848     0.00000
    -0.47848     0.87810     0.00057
    -0.00027     0.00050    -1.00000
           0           3           1           5
     5.62337   -10.31902   -12.69410
    -0.87810    -0.47848     0.00000
    -0.47848     0.87810     0.00057
    -0.00027     0.00050    -1.00000
           0           3           2           1
     7.56554    -7.12647    12.80649
    -0.68677    -0.72688     0.00000
    -0.72688     0.68677     0.00074
    -0.00054     0.00051    -1.00000
           0           3           2           2
     7.56021    -7.12525     6.43109
    -0.68677    -0.72688     0.00000
    -0.72688     0.68677     0.00074
    -0.00054     0.00051    -1.00000
           0           3           2           3
     7.55487    -7.12404     0.05570
    -0.68677    -0.72688     0.00000
    -0.72688     0.68677     0.00074
    -0.00054     0.00051    -1.00000
           0           3           2           4
     7.54953    -7.12283    -6.31970
    -0.68677    -0.72688     0.00000
    -0.72688     0.68677     0.00074
    -0.00054     0.00051    -1.00000
           0           3           2           5
     7.54419    -7.12161   -12.69510
    -0.68677    -0.72688     0.00000
    -0.72688     0.68677     0.00074
    -0.00054     0.00051    -1.00000
           0           3           3           1
    11.54207    -5.66826    12.80344
    -0.44172    -0.89715     0.00000
    -0.89715     0.44172     0.00084
    -0.00075     0.00037    -1.00000
           0           3           3           2
    11.53674    -5.66704     6.42804
    -0.44172    -0.89715     0.00000
    -0.89715     0.44172     0.00084
    -0.00075     0.00037    -1.00000
           0           3           3           3
    11.53139    -5.66583     0.05264
    -0.44172    -0.89715     0.00000
    -0.89715     0.44172     0.00084
    -0.00075     0.00037    -1.00000
           0           3           3           4
    11.52605    -5.66462    -6.32275
    -0.44172    -0.89715     0.00000
    -0.89715     0.44172     0.00084
    -0.00075     0.00037    -1.00000
           0           3           3           5
    11.52071    -5.66340   -12.69814
    -0.44172    -0.89715     0.00000
    -0.89715     0.44172     0.00084
    -0.00075     0.00037    -1.00000
           0           3           4           1
    11.59618    -2.06715    12.80408
    -0.17630    -0.98434     0.00000
    -0.98434     0.17630     0.00086
    -0.00085     0.00015    -1.00000
           0           3           4           2
    11.59085    -2.06593     6.42868
    -0.17630    -0.98434     0.00000
    -0.98434     0.17630     0.00086
    -0.00085     0.00015    -1.00000
           0           3           4           3
    11.58551    -2.06472     0.05329
    -0.17630    -0.98434     0.00000
    -0.98434     0.17630     0.00086
    -0.00085     0.00015    -1.00000
           0           3           4           4
    11.58017    -2.06351    -6.32211
    -0.17630    -0.98434     0.00000
    -0.98434     0.17630     0.00086
    -0.00085     0.00015    -1.00000
           0           3           4           5
    11.57483    -2.06229   -12.69750
    -0.17630    -0.98434     0.00000
    -0.98434     0.17630     0.00086
    -0.00085     0.00015    -1.00000
           0           3           5           1
    10.30423     1.43198    12.80583
     0.13719    -0.99054     0.00000
    -0.99054    -0.13719     0.00080
    -0.00079    -0.00011    -1.00000
           0           3           5           2
    10.29890     1.43320     6.43043
     0.13719    -0.99054     0.00000
    -0.99054    -0.13719     0.00080
    -0.00079    -0.00011    -1.00000
           0           3           5           3
    10.29356     1.43441     0.05503
     0.13719    -0.99054     0.00000
    -0.99054    -0.13719     0.00080
    -0.00079    -0.00011    -1.00000
           0           3           5           4
    10.28822     1.43562    -6.32036
     0.13719    -0.99054     0.00000
    -0.99054    -0.13719     0.00080
    -0.00079    -0.00011    -1.00000
           0           3           5           5
    10.28288     1.43684   -12.69576
     0.13719    -0.99054     0.00000
    -0.99054    -0.13719     0.00080
    -0.00079    -0.00011    -1.00000
           0           3           6           1
    11.65530     5.44617    12.80546
     0.42335    -0.90597     0.00000
    -0.90597    -0.42335     0.00068
    -0.00062    -0.00029    -1.00000
           0           3           6           2
    11.64997     5.44739     6.43006
     0.42335    -0.90597     0.00000
    -0.90597    -0.42335     0.00068
    -0.00062    -0.00029    -1.00000
           0           3           6           3
    11.64463     5.44860     0.05467
     0.42335    -0.90597     0.00000
    -0.90597    -0.42335     0.00068
    -0.00062    -0.00029    -1.00000
           0           3           6           4
    11.63929     5.44981    -6.32073
     0.42335    -0.90597     0.00000
    -0.90597    -0.42335     0.00068
    -0.00062    -0.00029    -1.00000
           0           3           6           5
    11.63395     5.45103   -12.69613
     0.42335    -0.90597     0.00000
    -0.90597    -0.42335     0.00068
    -0.00062    -0.00029    -1.00000
           0           3           7           1
     8.88033     7.74191    12.80822
     0.65745    -0.75349     0.00000
    -0.75349    -0.65745     0.00051
    -0.00038    -0.00034    -1.00000
           0           3           7           2
     8.87499     7.74313     6.43283
     0.65745    -0.75349     0.00000
    -0.75349    -0.65745     0.00051
    -0.00038    -0.00034    -1.00000
           0           3           7           3
     8.86965     7.74434     0.05743
     0.65745    -0.75349     0.00000
    -0.75349    -0.65745     0.00051
    -0.00038    -0.00034    -1.00000
           0           3           7           4
     8.86431     7.74555    -6.31797
     0.65745    -0.75349     0.00000
    -0.75349    -0.65745     0.00051
    -0.00038    -0.00034    -1.00000
           0           3           7           5
     8.85898     7.74677   -12.69337
     0.65745    -0.75349     0.00000
    -0.75349    -0.65745     0.00051
    -0.00038    -0.00034    -1.00000
           0           3           8           1
     5.34255     8.92391    12.81141
     0.85847    -0.51286     0.00000
    -0.51286    -0.85847     0.00027
    -0.00014    -0.00023    -1.00000
           0           3           8           2
     5.33720     8.92513     6.43601
     0.85847    -0.51286     0.00000
    -0.51286    -0.85847     0.00027
    -0.00014    -0.00023    -1.00000
           0           3           8           3
     5.33187     8.92634     0.06061
     0.85847    -0.51286     0.00000
    -0.51286    -0.85847     0.00027
    -0.00014    -0.00023    -1.00000
           0           3           8           4
     5.32653     8.92755    -6.31478
     0.85847    -0.51286     0.00000
    -0.51286    -0.85847     0.00027
    -0.00014    -0.00023    -1.00000
           0           3           8           5
     5.32120     8.92877   -12.69018
     0.85847    -0.51286     0.00000
    -0.51286    -0.85847     0.00027
    -0.00014    -0.00023    -1.00000
           0           3           9           1
    -5.35806     8.92763   -12.79446
    -0.85809    -0.51351    -0.00000
     0.51350    -0.85809    -0.00116
     0.00060    -0.00100     1.00000
           0           3           9           2
    -5.35213     8.92257    -6.41907
    -0.85809    -0.51351    -0.00000
     0.51351    -0.85809    -0.00116
     0.00060    -0.00100     1.00000
           0           3           9           3
    -5.34619     8.91751    -0.04367
    -0.85809    -0.51351    -0.00000
     0.51351    -0.85809    -0.00116
     0.00060    -0.00100     1.00000
           0           3           9           4
    -5.34026     8.91245     6.33172
    -0.85809    -0.51351    -0.00000
     0.51351    -0.85809    -0.00116
     0.00060    -0.00100     1.00000
           0           3           9           5
    -5.33433     8.90740    12.70712
    -0.85809    -0.51351    -0.00000
     0.51351    -0.85808    -0.00116
     0.00060    -0.00100     1.00000
           0           3          10           1
    -8.89427     7.74375   -12.79211
    -0.65695    -0.75393    -0.00000
     0.75393    -0.65695    -0.00122
     0.00092    -0.00080     1.00000
           0           3          10           2
    -8.88833     7.73870    -6.41671
    -0.65695    -0.75393    -0.00000
     0.75393    -0.65695    -0.00122
     0.00092    -0.00080     1.00000
           0           3          10           3
    -8.88240     7.73363    -0.04132
    -0.65695    -0.75393    -0.00000
     0.75393    -0.65695    -0.00122
     0.00092    -0.00080     1.00000
           0           3          10           4
    -8.87647     7.72858     6.33408
    -0.65695    -0.75393    -0.00000
     0.75393    -0.65695    -0.00122
     0.00092    -0.00080     1.00000
           0           3          10           5
    -8.87054     7.72352    12.70947
    -0.65695    -0.75393    -0.00000
     0.75393    -0.65695    -0.00122
     0.00092    -0.00080     1.00000
           0           3          11           1
   -11.66743     5.44683   -12.79135
    -0.42280    -0.90622    -0.00000
     0.90622    -0.42280    -0.00118
     0.00107    -0.00050     1.00000
           0           3          11           2
   -11.66150     5.44177    -6.41595
    -0.42280    -0.90622    -0.00000
     0.90622    -0.42280    -0.00118
     0.00107    -0.00050     1.00000
           0           3          11           3
   -11.65556     5.43671    -0.04056
    -0.42280    -0.90622    -0.00000
     0.90622    -0.42280    -0.00118
     0.00107    -0.00050     1.00000
           0           3          11           4
   -11.64963     5.43165     6.33484
    -0.42280    -0.90622    -0.00000
     0.90622    -0.42280    -0.00118
     0.00107    -0.00050     1.00000
           0           3          11           5
   -11.64370     5.42659    12.71023
    -0.42280    -0.90622    -0.00000
     0.90622    -0.42280    -0.00118
     0.00107    -0.00050     1.00000
           0           3          12           1
   -10.31413     1.43198   -12.79579
    -0.13645    -0.99065    -0.00000
     0.99065    -0.13645    -0.00103
     0.00102    -0.00014     1.00000
           0           3          12           2
   -10.30820     1.42692    -6.42040
    -0.13645    -0.99065    -0.00000
     0.99065    -0.13645    -0.00103
     0.00102    -0.00014     1.00000
           0           3          12           3
   -10.30227     1.42186    -0.04500
    -0.13645    -0.99065    -0.00000
     0.99065    -0.13645    -0.00103
     0.00102    -0.00014     1.00000
           0           3          12           4
   -10.29632     1.41680     6.33039
    -0.13645    -0.99065    -0.00000
     0.99065    -0.13645    -0.00103
     0.00102    -0.00014     1.00000
           0           3          12           5
   -10.29039     1.41174    12.70579
    -0.13645    -0.99065    -0.00000
     0.99065    -0.13645    -0.00103
     0.00102    -0.00014     1.00000
           0           3          13           1
   -11.60363    -2.06711   -12.79737
     0.17695    -0.98422    -0.00000
     0.98422     0.17695    -0.00078
     0.00077     0.00014     1.00000
           0           3          13           2
   -11.59770    -2.07217    -6.42197
     0.17695    -0.98422    -0.00000
     0.98422     0.17695    -0.00078
     0.00077     0.00014     1.00000
           0           3          13           3
   -11.59176    -2.07723    -0.04657
     0.17695    -0.98422    -0.00000
     0.98422     0.17695    -0.00078
     0.00077     0.00014     1.00000
           0           3          13           4
   -11.58583    -2.08229     6.32882
     0.17695    -0.98422    -0.00000
     0.98422     0.17695    -0.00078
     0.00077     0.00014     1.00000
           0           3          13           5
   -11.57989    -2.08735    12.70422
     0.17695    -0.98422    -0.00000
     0.98422     0.17695    -0.00078
     0.00077     0.00014     1.00000
           0           3          14           1
   -11.54745    -5.66754   -12.80027
     0.44226    -0.89688    -0.00000
     0.89688     0.44226    -0.00048
     0.00043     0.00021     1.00000
           0           3          14           2
   -11.54150    -5.67260    -6.42488
     0.44226    -0.89688    -0.00000
     0.89688     0.44226    -0.00048
     0.00043     0.00021     1.00000
           0           3          14           3
   -11.53557    -5.67766    -0.04948
     0.44226    -0.89688    -0.00000
     0.89688     0.44226    -0.00048
     0.00043     0.00021     1.00000
           0           3          14           4
   -11.52964    -5.68271     6.32591
     0.44226    -0.89688    -0.00000
     0.89688     0.44226    -0.00048
     0.00043     0.00021     1.00000
           0           3          14           5
   -11.52370    -5.68777    12.70131
     0.44227    -0.89688    -0.00000
     0.89688     0.44226    -0.00048
     0.00043     0.00021     1.00000
           0           3          15           1
    -7.56901    -7.12442   -12.80513
     0.68732    -0.72636    -0.00000
     0.72636     0.68732    -0.00013
     0.00009     0.00009     1.00000
           0           3          15           2
    -7.56308    -7.12948    -6.42973
     0.68732    -0.72636    -0.00000
     0.72636     0.68732    -0.00013
     0.00009     0.00009     1.00000
           0           3          15           3
    -7.55713    -7.13454    -0.05434
     0.68732    -0.72636    -0.00000
     0.72636     0.68732    -0.00013
     0.00009     0.00009     1.00000
           0           3          15           4
    -7.55120    -7.13959     6.32106
     0.68732    -0.72636    -0.00000
     0.72636     0.68732    -0.00013
     0.00009     0.00009     1.00000
           0           3          15           5
    -7.54526    -7.14464    12.69645
     0.68732    -0.72636    -0.00000
     0.72636     0.68732    -0.00013
     0.00009     0.00009     1.00000
           0           3          16           1
    -5.64669   -10.31990   -12.80945
     0.87842    -0.47789     0.00000
     0.47789     0.87842     0.00025
    -0.00012    -0.00022     1.00000
           0           3          16           2
    -5.64076   -10.32495    -6.43406
     0.87842    -0.47789     0.00000
     0.47789     0.87842     0.00025
    -0.00012    -0.00022     1.00000
           0           3          16           3
