 SVX cage parameters:
     2.20000
     0.50000     0.20000
     0.00000
           6
   -40.00000   -26.50000   -26.50000    26.50000    26.50000    40.00000
    53.00000    53.00000    22.14782    22.14782    53.00000    53.00000
     0.00000     0.00000     0.00000
 SVX barrel parameters:
           4
     2.63000     5.19260    11.76500    16.68700     1.14100
     0.00000     0.00000     0.00000     0.00000
           4           4           5           6
     0.69600     0.69600     1.74500     1.74500
     0.01000     0.01000     0.03125     0.03125
     2.83600     2.83600     3.18770     3.18770
     0.01900     0.01900     0.00000     0.00000
     0.02000     0.02000     0.00000     0.00000
    26.70000    13.62600    17.00000    12.00000
   -13.00000   -12.98000     0.00000     0.00000
           2
           5           5
     0.00000   180.00000
           2
          10          10
     0.00000   180.00000
           2
           8           8
     0.00000   180.00000
           2
          12          12
     0.00000   180.00000
 SVX barrel sensor rotation matrices and translation vectors:
           0           1           1           1
     1.60598    -2.12512     8.60124
     0.63839     0.76972     0.00004
    -0.76972     0.63839     0.00086
     0.00064    -0.00058     1.00000
           0           1           1           2
     1.60091    -2.12355     2.90924
     0.63837     0.76973     0.00004
    -0.76973     0.63837     0.00086
     0.00064    -0.00058     1.00000
           0           1           1           3
     1.59587    -2.12198    -2.78276
     0.63836     0.76974     0.00004
    -0.76974     0.63836     0.00086
     0.00064    -0.00058     1.00000
           0           1           1           4
     1.59081    -2.12039    -8.47476
     0.63835     0.76975     0.00004
    -0.76975     0.63835     0.00086
     0.00064    -0.00058     1.00000
           0           1           2           1
     2.37564    -1.18548     8.60081
     0.22444     0.97449     0.00008
    -0.97449     0.22444     0.00093
     0.00089    -0.00028     1.00000
           0           1           2           2
     2.37057    -1.18388     2.90881
     0.22442     0.97449     0.00008
    -0.97449     0.22442     0.00093
     0.00089    -0.00028     1.00000
           0           1           2           3
     2.36551    -1.18229    -2.78318
     0.22440     0.97450     0.00008
    -0.97450     0.22440     0.00093
     0.00089    -0.00028     1.00000
           0           1           2           4
     2.36044    -1.18067    -8.47518
     0.22436     0.97451     0.00008
    -0.97451     0.22436     0.00093
     0.00089    -0.00028     1.00000
           0           1           3           1
     2.64098    -0.00012     8.60089
    -0.23741     0.97141     0.00010
    -0.97141    -0.23741     0.00080
     0.00080     0.00009     1.00000
           0           1           3           2
     2.63589     0.00149     2.90889
    -0.23744     0.97140     0.00010
    -0.97140    -0.23744     0.00080
     0.00080     0.00009     1.00000
           0           1           3           3
     2.63080     0.00309    -2.78310
    -0.23746     0.97140     0.00010
    -0.97140    -0.23746     0.00080
     0.00080     0.00009     1.00000
           0           1           3           4
     2.62570     0.00471    -8.47510
    -0.23749     0.97139     0.00010
    -0.97139    -0.23749     0.00080
     0.00080     0.00009     1.00000
           0           1           4           1
     2.34535     1.17807     8.60147
    -0.64863     0.76110     0.00011
    -0.76110    -0.64863     0.00050
     0.00045     0.00025     1.00000
           0           1           4           2
     2.34023     1.17966     2.90948
    -0.64864     0.76109     0.00011
    -0.76109    -0.64864     0.00050
     0.00045     0.00025     1.00000
           0           1           4           3
     2.33512     1.18125    -2.78251
    -0.64866     0.76107     0.00011
    -0.76107    -0.64866     0.00050
     0.00045     0.00025     1.00000
           0           1           4           4
     2.33000     1.18285    -8.47451
    -0.64868     0.76106     0.00011
    -0.76106    -0.64868     0.00050
     0.00045     0.00025     1.00000
           0           1           5           1
     1.55178     2.09774     8.60243
    -0.92147     0.38844     0.00009
    -0.38844    -0.92147     0.00010
     0.00012     0.00006     1.00000
           0           1           5           2
     1.54666     2.09930     2.91043
    -0.92148     0.38843     0.00009
    -0.38843    -0.92148     0.00010
     0.00012     0.00006     1.00000
           0           1           5           3
     1.54155     2.10086    -2.78156
    -0.92148     0.38842     0.00009
    -0.38842    -0.92148     0.00010
     0.00012     0.00006     1.00000
           0           1           5           4
     1.53644     2.10243    -8.47356
    -0.92148     0.38842     0.00009
    -0.38842    -0.92148     0.00010
     0.00012     0.00006     1.00000
           0           1           6           1
    -1.56916     2.08976    -8.58720
     0.92091     0.38977    -0.00026
     0.38977    -0.92091    -0.00126
    -0.00073     0.00106    -1.00000
           0           1           6           2
    -1.56214     2.08497    -2.89520
     0.92092     0.38974    -0.00026
     0.38974    -0.92092    -0.00126
    -0.00073     0.00106    -1.00000
           0           1           6           3
    -1.55511     2.08016     2.79680
     0.92093     0.38972    -0.00026
     0.38972    -0.92093    -0.00126
    -0.00073     0.00106    -1.00000
           0           1           6           4
    -1.54808     2.07535     8.48879
     0.92095     0.38969    -0.00026
     0.38969    -0.92095    -0.00126
    -0.00073     0.00106    -1.00000
           0           1           7           1
    -2.36143     1.16892    -8.58701
     0.64751     0.76205    -0.00016
     0.76205    -0.64751    -0.00148
    -0.00123     0.00084    -1.00000
           0           1           7           2
    -2.35443     1.16414    -2.89502
     0.64754     0.76203    -0.00016
     0.76203    -0.64754    -0.00148
    -0.00123     0.00084    -1.00000
           0           1           7           3
    -2.34743     1.15936     2.79698
     0.64757     0.76201    -0.00016
     0.76201    -0.64757    -0.00148
    -0.00123     0.00084    -1.00000
           0           1           7           4
    -2.34043     1.15458     8.48897
     0.64759     0.76199    -0.00016
     0.76199    -0.64759    -0.00148
    -0.00123     0.00084    -1.00000
           0           1           8           1
    -2.65535    -0.00973    -8.58765
     0.23599     0.97176    -0.00002
     0.97175    -0.23599    -0.00139
    -0.00136     0.00031    -1.00000
           0           1           8           2
    -2.64838    -0.01452    -2.89566
     0.23601     0.97175    -0.00002
     0.97175    -0.23601    -0.00139
    -0.00136     0.00031    -1.00000
           0           1           8           3
    -2.64141    -0.01931     2.79633
     0.23603     0.97175    -0.00002
     0.97174    -0.23603    -0.00139
    -0.00136     0.00031    -1.00000
           0           1           8           4
    -2.63444    -0.02410     8.48832
     0.23605     0.97174    -0.00002
     0.97174    -0.23605    -0.00139
    -0.00136     0.00031    -1.00000
           0           1           9           1
    -2.38827    -1.19469    -8.58899
    -0.22586     0.97416     0.00012
     0.97416     0.22586    -0.00100
    -0.00100    -0.00011    -1.00000
           0           1           9           2
    -2.38132    -1.19951    -2.89699
    -0.22585     0.97416     0.00012
     0.97416     0.22585    -0.00100
    -0.00100    -0.00011    -1.00000
           0           1           9           3
    -2.37436    -1.20433     2.79500
    -0.22584     0.97416     0.00012
     0.97416     0.22584    -0.00100
    -0.00100    -0.00011    -1.00000
           0           1           9           4
    -2.36742    -1.20915     8.48699
    -0.22583     0.97417     0.00012
     0.97417     0.22583    -0.00100
    -0.00100    -0.00011    -1.00000
           0           1          10           1
    -1.61725    -2.13320    -8.59074
    -0.63951     0.76878     0.00023
     0.76878     0.63951    -0.00039
    -0.00045    -0.00007    -1.00000
           0           1          10           2
    -1.61028    -2.13804    -2.89874
    -0.63951     0.76878     0.00023
     0.76878     0.63951    -0.00039
    -0.00045    -0.00007    -1.00000
           0           1          10           3
    -1.60331    -2.14289     2.79326
    -0.63951     0.76878     0.00023
     0.76878     0.63951    -0.00039
    -0.00045    -0.00007    -1.00000
           0           1          10           4
    -1.59635    -2.14775     8.48525
    -0.63951     0.76878     0.00023
     0.76878     0.63951    -0.00039
    -0.00045    -0.00007    -1.00000
           0           2           1           1
     2.52506    -4.56365     8.61241
     0.74573     0.66625     0.00002
    -0.66625     0.74573     0.00080
     0.00052    -0.00061     1.00000
           0           2           1           2
     2.51998    -4.56205     2.92041
     0.74573     0.66625     0.00002
    -0.66625     0.74573     0.00080
     0.00052    -0.00061     1.00000
           0           2           1           3
     2.51490    -4.56046    -2.77159
     0.74572     0.66626     0.00002
    -0.66626     0.74572     0.00080
     0.00052    -0.00061     1.00000
           0           2           1           4
     2.50982    -4.55885    -8.46358
     0.74572     0.66626     0.00002
    -0.66626     0.74572     0.00080
     0.00052    -0.00061     1.00000
           0           2           2           1
     3.52664    -3.84628     8.61172
     0.56778     0.82318     0.00004
    -0.82318     0.56778     0.00090
     0.00071    -0.00055     1.00000
           0           2           2           2
     3.52157    -3.84468     2.91972
     0.56778     0.82318     0.00004
    -0.82318     0.56778     0.00090
     0.00071    -0.00055     1.00000
           0           2           2           3
     3.51649    -3.84308    -2.77228
     0.56778     0.82318     0.00004
    -0.82318     0.56778     0.00090
     0.00071    -0.00055     1.00000
           0           2           2           4
     3.51142    -3.84148    -8.46428
     0.56778     0.82318     0.00004
    -0.82318     0.56778     0.00090
     0.00071    -0.00055     1.00000
           0           2           3           1
     4.33103    -2.91316     8.61126
     0.35787     0.93377     0.00007
    -0.93377     0.35787     0.00093
     0.00085    -0.00040     1.00000
           0           2           3           2
     4.32595    -2.91155     2.91926
     0.35787     0.93377     0.00007
    -0.93377     0.35787     0.00093
     0.00085    -0.00040     1.00000
           0           2           3           3
     4.32088    -2.90995    -2.77274
     0.35786     0.93377     0.00007
    -0.93377     0.35786     0.00093
     0.00085    -0.00040     1.00000
           0           2           3           4
     4.31580    -2.90834    -8.46474
     0.35786     0.93377     0.00007
    -0.93377     0.35786     0.00093
     0.00085    -0.00040     1.00000
           0           2           4           1
     4.89296    -1.81678     8.61106
     0.12782     0.99180     0.00008
    -0.99180     0.12782     0.00092
     0.00090    -0.00020     1.00000
           0           2           4           2
     4.88788    -1.81517     2.91907
     0.12782     0.99180     0.00008
    -0.99180     0.12782     0.00092
     0.00090    -0.00020     1.00000
           0           2           4           3
     4.88280    -1.81357    -2.77293
     0.12781     0.99180     0.00008
    -0.99180     0.12781     0.00092
     0.00090    -0.00020     1.00000
           0           2           4           4
     4.87773    -1.81196    -8.46493
     0.12781     0.99180     0.00008
    -0.99180     0.12781     0.00092
     0.00090    -0.00020     1.00000
           0           2           5           1
     5.18079    -0.61888     8.61114
    -0.10944     0.99399     0.00010
    -0.99399    -0.10944     0.00085
     0.00086    -0.00000     1.00000
           0           2           5           2
     5.17571    -0.61727     2.91914
    -0.10943     0.99399     0.00010
    -0.99399    -0.10943     0.00085
     0.00086    -0.00000     1.00000
           0           2           5           3
     5.17063    -0.61567    -2.77286
    -0.10943     0.99399     0.00010
    -0.99399    -0.10943     0.00085
     0.00086    -0.00000     1.00000
           0           2           5           4
     5.16555    -0.61406    -8.46484
    -0.10943     0.99399     0.00010
    -0.99399    -0.10943     0.00085
     0.00086    -0.00000     1.00000
           0           2           6           1
     5.17830     0.61311     8.61149
    -0.34052     0.94024     0.00010
    -0.94024    -0.34052     0.00074
     0.00073     0.00015     1.00000
           0           2           6           2
     5.17322     0.61472     2.91950
    -0.34051     0.94024     0.00010
    -0.94024    -0.34051     0.00074
     0.00073     0.00015     1.00000
           0           2           6           3
     5.16813     0.61632    -2.77250
    -0.34052     0.94024     0.00010
    -0.94024    -0.34052     0.00074
     0.00073     0.00015     1.00000
           0           2           6           4
     5.16305     0.61793    -8.46450
    -0.34052     0.94024     0.00010
    -0.94024    -0.34052     0.00074
     0.00073     0.00015     1.00000
           0           2           7           1
     4.88565     1.80985     8.61208
    -0.55244     0.83355     0.00011
    -0.83355    -0.55244     0.00059
     0.00055     0.00023     1.00000
           0           2           7           2
     4.88057     1.81146     2.92009
    -0.55244     0.83355     0.00011
    -0.83355    -0.55244     0.00059
     0.00055     0.00023     1.00000
           0           2           7           3
     4.87549     1.81306    -2.77191
    -0.55244     0.83355     0.00011
    -0.83355    -0.55244     0.00059
     0.00055     0.00023     1.00000
           0           2           7           4
     4.87041     1.81466    -8.46391
    -0.55244     0.83355     0.00011
    -0.83355    -0.55244     0.00059
     0.00055     0.00023     1.00000
           0           2           8           1
     4.31930     2.90396     8.61290
    -0.73327     0.67994     0.00010
    -0.67994    -0.73327     0.00040
     0.00035     0.00022     1.00000
           0           2           8           2
     4.31422     2.90556     2.92090
    -0.73327     0.67994     0.00010
    -0.67994    -0.73327     0.00040
     0.00035     0.00022     1.00000
           0           2           8           3
     4.30913     2.90716    -2.77110
    -0.73327     0.67994     0.00010
    -0.67994    -0.73327     0.00040
     0.00035     0.00022     1.00000
           0           2           8           4
     4.30404     2.90877    -8.46309
    -0.73327     0.67994     0.00010
    -0.67994    -0.73327     0.00040
     0.00035     0.00022     1.00000
           0           2           9           1
     3.51114     3.83385     8.61388
    -0.87281     0.48806     0.00009
    -0.48806    -0.87281     0.00019
     0.00017     0.00012     1.00000
           0           2           9           2
     3.50606     3.83545     2.92188
    -0.87281     0.48806     0.00009
    -0.48806    -0.87281     0.00019
     0.00017     0.00012     1.00000
           0           2           9           3
     3.50097     3.83705    -2.77012
    -0.87281     0.48806     0.00009
    -0.48806    -0.87281     0.00019
     0.00017     0.00012     1.00000
           0           2           9           4
     3.49588     3.83865    -8.46211
    -0.87282     0.48805     0.00009
    -0.48805    -0.87282     0.00019
     0.00017     0.00012     1.00000
           0           2          10           1
     2.50666     4.54718     8.61497
    -0.96322     0.26870     0.00008
    -0.26870    -0.96322    -0.00003
     0.00007    -0.00005     1.00000
           0           2          10           2
     2.50158     4.54878     2.92298
    -0.96323     0.26869     0.00008
    -0.26869    -0.96323    -0.00003
     0.00007    -0.00005     1.00000
           0           2          10           3
     2.49648     4.55037    -2.76901
    -0.96323     0.26869     0.00008
    -0.26869    -0.96323    -0.00003
     0.00007    -0.00005     1.00000
           0           2          10           4
     2.49141     4.55197    -8.46101
    -0.96323     0.26869     0.00008
    -0.26869    -0.96323    -0.00003
     0.00007    -0.00005     1.00000
           0           2          11           1
    -2.51661     4.53732    -8.58455
     0.96340     0.26808    -0.00028
     0.26808    -0.96340    -0.00115
    -0.00058     0.00103    -1.00000
           0           2          11           2
    -2.50959     4.53253    -2.89256
     0.96340     0.26807    -0.00028
     0.26807    -0.96340    -0.00115
    -0.00058     0.00103    -1.00000
           0           2          11           3
    -2.50257     4.52773     2.79944
     0.96340     0.26807    -0.00028
     0.26807    -0.96340    -0.00115
    -0.00058     0.00103    -1.00000
           0           2          11           4
    -2.49555     4.52293     8.49143
     0.96340     0.26807    -0.00028
     0.26807    -0.96340    -0.00115
    -0.00058     0.00103    -1.00000
           0           2          12           1
    -3.52156     3.82462    -8.58391
     0.87312     0.48750    -0.00024
     0.48750    -0.87312    -0.00134
    -0.00086     0.00105    -1.00000
           0           2          12           2
    -3.51455     3.81984    -2.89192
     0.87313     0.48749    -0.00024
     0.48749    -0.87313    -0.00134
    -0.00086     0.00105    -1.00000
           0           2          12           3
    -3.50752     3.81505     2.80007
     0.87313     0.48749    -0.00024
     0.48749    -0.87313    -0.00134
    -0.00086     0.00105    -1.00000
           0           2          12           4
    -3.50050     3.81025     8.49207
     0.87313     0.48749    -0.00024
     0.48749    -0.87313    -0.00134
    -0.00086     0.00105    -1.00000
           0           2          13           1
    -4.33031     2.89524    -8.58370
     0.73370     0.67948    -0.00019
     0.67948    -0.73370    -0.00145
    -0.00112     0.00094    -1.00000
           0           2          13           2
    -4.32331     2.89046    -2.89171
     0.73371     0.67947    -0.00019
     0.67947    -0.73371    -0.00145
    -0.00112     0.00094    -1.00000
           0           2          13           3
    -4.31630     2.88567     2.80028
     0.73371     0.67947    -0.00019
     0.67947    -0.73371    -0.00145
    -0.00112     0.00094    -1.00000
           0           2          13           4
    -4.30928     2.88087     8.49228
     0.73371     0.67947    -0.00019
     0.67947    -0.73371    -0.00145
    -0.00112     0.00094    -1.00000
           0           2          14           1
    -4.89738     1.80148    -8.58393
     0.55297     0.83320    -0.00013
     0.83320    -0.55297    -0.00149
    -0.00131     0.00072    -1.00000
           0           2          14           2
    -4.89038     1.79670    -2.89194
     0.55297     0.83320    -0.00013
     0.83320    -0.55297    -0.00149
    -0.00131     0.00072    -1.00000
           0           2          14           3
    -4.88336     1.79192     2.80006
     0.55298     0.83320    -0.00013
     0.83320    -0.55298    -0.00149
    -0.00131     0.00072    -1.00000
           0           2          14           4
    -4.87635     1.78713     8.49205
     0.55298     0.83320    -0.00013
     0.83320    -0.55298    -0.00149
    -0.00131     0.00072    -1.00000
           0           2          15           1
    -5.19079     0.60494    -8.58458
     0.34112     0.94002    -0.00006
     0.94002    -0.34112    -0.00144
    -0.00137     0.00044    -1.00000
           0           2          15           2
    -5.18378     0.60015    -2.89259
     0.34112     0.94002    -0.00006
     0.94002    -0.34112    -0.00144
    -0.00137     0.00044    -1.00000
           0           2          15           3
    -5.17677     0.59536     2.79941
     0.34112     0.94002    -0.00006
     0.94002    -0.34112    -0.00144
    -0.00137     0.00044    -1.00000
           0           2          15           4
    -5.16976     0.59057     8.49140
     0.34112     0.94002    -0.00006
     0.94002    -0.34112    -0.00144
    -0.00137     0.00044    -1.00000
           0           2          16           1
    -5.19405    -0.62706    -8.58562
     0.11006     0.99392     0.00001
     0.99392    -0.11006    -0.00132
    -0.00131     0.00016    -1.00000
           0           2          16           2
    -5.18705    -0.63185    -2.89362
     0.11006     0.99392     0.00001
     0.99392    -0.11006    -0.00132
    -0.00131     0.00016    -1.00000
           0           2          16           3
    -5.18004    -0.63665     2.79837
     0.11006     0.99392     0.00001
     0.99392    -0.11006    -0.00132
    -0.00131     0.00016    -1.00000
           0           2          16           4
    -5.17304    -0.64144     8.49037
     0.11006     0.99392     0.00001
     0.99392    -0.11006    -0.00132
    -0.00131     0.00016    -1.00000
           0           2          17           1
    -4.90700    -1.82515    -8.58698
    -0.12720     0.99188     0.00009
     0.99188     0.12720    -0.00111
    -0.00112    -0.00006    -1.00000
           0           2          17           2
    -4.89999    -1.82994    -2.89498
    -0.12720     0.99188     0.00009
     0.99188     0.12720    -0.00111
    -0.00112    -0.00006    -1.00000
           0           2          17           3
    -4.89299    -1.83474     2.79701
    -0.12720     0.99188     0.00009
     0.99188     0.12720    -0.00111
    -0.00112    -0.00006    -1.00000
           0           2          17           4
    -4.88599    -1.83953     8.48900
    -0.12720     0.99188     0.00009
     0.99188     0.12720    -0.00111
    -0.00112    -0.00006    -1.00000
           0           2          18           1
    -4.34576    -2.92188    -8.58859
    -0.35728     0.93400     0.00015
     0.93400     0.35728    -0.00084
    -0.00084    -0.00016    -1.00000
           0           2          18           2
    -4.33876    -2.92668    -2.89660
    -0.35728     0.93400     0.00015
     0.93400     0.35728    -0.00084
    -0.00084    -0.00016    -1.00000
           0           2          18           3
    -4.33174    -2.93148     2.79539
    -0.35728     0.93400     0.00015
     0.93400     0.35728    -0.00084
    -0.00084    -0.00016    -1.00000
           0           2          18           4
    -4.32476    -2.93628     8.48738
    -0.35728     0.93400     0.00015
     0.93400     0.35728    -0.00084
    -0.00084    -0.00016    -1.00000
           0           2          19           1
    -3.54195    -3.85552    -8.59037
    -0.56727     0.82353     0.00021
     0.82353     0.56727    -0.00053
    -0.00056    -0.00013    -1.00000
           0           2          19           2
    -3.53494    -3.86033    -2.89838
    -0.56727     0.82353     0.00021
     0.82353     0.56727    -0.00053
    -0.00056    -0.00013    -1.00000
           0           2          19           3
    -3.52794    -3.86513     2.79362
    -0.56727     0.82353     0.00021
     0.82353     0.56727    -0.00053
    -0.00056    -0.00013    -1.00000
           0           2          19           4
    -3.52095    -3.86994     8.48560
    -0.56727     0.82353     0.00021
     0.82353     0.56727    -0.00053
    -0.00056    -0.00013    -1.00000
           0           2          20           1
    -2.54082    -4.57352    -8.59222
    -0.74530     0.66672     0.00026
     0.66672     0.74530    -0.00020
    -0.00032     0.00003    -1.00000
           0           2          20           2
    -2.53381    -4.57832    -2.90022
    -0.74530     0.66672     0.00026
     0.66672     0.74530    -0.00020
    -0.00032     0.00003    -1.00000
           0           2          20           3
    -2.52681    -4.58313     2.79178
    -0.74530     0.66672     0.00026
     0.66672     0.74530    -0.00020
    -0.00032     0.00003    -1.00000
           0           2          20           4
    -2.51981    -4.58793     8.48377
    -0.74530     0.66672     0.00026
     0.66672     0.74530    -0.00020
    -0.00032     0.00003    -1.00000
           0           3           1           1
     5.64431   -10.32491    12.81162
    -0.87809    -0.47849     0.00000
    -0.47849     0.87809     0.00068
    -0.00033     0.00059    -1.00000
           0           3           1           2
     5.63863   -10.32311     6.43621
    -0.87809    -0.47849     0.00000
    -0.47849     0.87809     0.00068
    -0.00033     0.00059    -1.00000
           0           3           1           3
     5.63294   -10.32132     0.06082
    -0.87809    -0.47849     0.00000
    -0.47849     0.87809     0.00068
    -0.00033     0.00059    -1.00000
           0           3           1           4
     5.62725   -10.31952    -6.31458
    -0.87809    -0.47849     0.00000
    -0.47849     0.87809     0.00068
    -0.00033     0.00059    -1.00000
           0           3           1           5
     5.62156   -10.31772   -12.68998
    -0.87809    -0.47849     0.00000
    -0.47849     0.87809     0.00068
    -0.00033     0.00059    -1.00000
           0           3           2           1
     7.56510    -7.12747    12.81080
    -0.68676    -0.72689    -0.00003
    -0.72689     0.68676     0.00084
    -0.00059     0.00060    -1.00000
           0           3           2           2
     7.55942    -7.12567     6.43540
    -0.68676    -0.72689    -0.00003
    -0.72689     0.68676     0.00084
    -0.00059     0.00060    -1.00000
           0           3           2           3
     7.55373    -7.12388     0.06001
    -0.68676    -0.72689    -0.00003
    -0.72689     0.68676     0.00084
    -0.00059     0.00060    -1.00000
           0           3           2           4
     7.54804    -7.12208    -6.31539
    -0.68676    -0.72689    -0.00003
    -0.72689     0.68676     0.00084
    -0.00059     0.00060    -1.00000
           0           3           2           5
     7.54235    -7.12028   -12.69079
    -0.68676    -0.72689    -0.00003
    -0.72689     0.68676     0.00084
    -0.00059     0.00060    -1.00000
           0           3           3           1
    11.54160    -5.66924    12.80766
    -0.44171    -0.89716    -0.00006
    -0.89716     0.44171     0.00093
    -0.00081     0.00046    -1.00000
           0           3           3           2
    11.53592    -5.66744     6.43226
    -0.44171    -0.89716    -0.00006
    -0.89716     0.44171     0.00093
    -0.00081     0.00046    -1.00000
           0           3           3           3
    11.53022    -5.66565     0.05686
    -0.44171    -0.89716    -0.00006
    -0.89716     0.44171     0.00093
    -0.00081     0.00046    -1.00000
           0           3           3           4
    11.52453    -5.66385    -6.31853
    -0.44171    -0.89716    -0.00006
    -0.89716     0.44171     0.00093
    -0.00081     0.00046    -1.00000
           0           3           3           5
    11.51884    -5.66205   -12.69392
    -0.44171    -0.89716    -0.00006
    -0.89716     0.44171     0.00093
    -0.00081     0.00046    -1.00000
           0           3           4           1
    11.59568    -2.06812    12.80863
    -0.17629    -0.98434    -0.00008
    -0.98434     0.17629     0.00093
    -0.00090     0.00024    -1.00000
           0           3           4           2
    11.59000    -2.06632     6.43323
    -0.17629    -0.98434    -0.00008
    -0.98434     0.17629     0.00093
    -0.00090     0.00024    -1.00000
           0           3           4           3
    11.58431    -2.06453     0.05784
    -0.17629    -0.98434    -0.00008
    -0.98434     0.17629     0.00093
    -0.00090     0.00024    -1.00000
           0           3           4           4
    11.57862    -2.06273    -6.31756
    -0.17629    -0.98434    -0.00008
    -0.98434     0.17629     0.00093
    -0.00090     0.00024    -1.00000
           0           3           4           5
    11.57293    -2.06093   -12.69295
    -0.17629    -0.98434    -0.00008
    -0.98434     0.17629     0.00093
    -0.00090     0.00024    -1.00000
           0           3           5           1
    10.30368     1.43102    12.81077
     0.13720    -0.99054    -0.00010
    -0.99054    -0.13720     0.00084
    -0.00085    -0.00002    -1.00000
           0           3           5           2
    10.29800     1.43282     6.43537
     0.13720    -0.99054    -0.00010
    -0.99054    -0.13720     0.00084
    -0.00085    -0.00002    -1.00000
           0           3           5           3
    10.29231     1.43461     0.05997
     0.13720    -0.99054    -0.00010
    -0.99054    -0.13720     0.00084
    -0.00085    -0.00002    -1.00000
           0           3           5           4
    10.28662     1.43641    -6.31542
     0.13720    -0.99054    -0.00010
    -0.99054    -0.13720     0.00084
    -0.00085    -0.00002    -1.00000
           0           3           5           5
    10.28093     1.43821   -12.69082
     0.13720    -0.99054    -0.00010
    -0.99054    -0.13720     0.00084
    -0.00085    -0.00002    -1.00000
           0           3           6           1
    11.65472     5.44519    12.81069
     0.42336    -0.90596    -0.00011
    -0.90596    -0.42336     0.00069
    -0.00067    -0.00020    -1.00000
           0           3           6           2
    11.64904     5.44699     6.43529
     0.42336    -0.90596    -0.00011
    -0.90596    -0.42336     0.00069
    -0.00067    -0.00020    -1.00000
           0           3           6           3
    11.64335     5.44878     0.05990
     0.42336    -0.90596    -0.00011
    -0.90596    -0.42336     0.00069
    -0.00067    -0.00020    -1.00000
           0           3           6           4
    11.63766     5.45058    -6.31550
     0.42336    -0.90596    -0.00011
    -0.90596    -0.42336     0.00069
    -0.00067    -0.00020    -1.00000
           0           3           6           5
    11.63197     5.45238   -12.69090
     0.42336    -0.90596    -0.00011
    -0.90596    -0.42336     0.00069
    -0.00067    -0.00020    -1.00000
           0           3           7           1
     8.87972     7.74091    12.81382
     0.65746    -0.75349    -0.00011
    -0.75349    -0.65746     0.00049
    -0.00044    -0.00024    -1.00000
           0           3           7           2
     8.87403     7.74271     6.43843
     0.65746    -0.75349    -0.00011
    -0.75349    -0.65746     0.00049
    -0.00044    -0.00024    -1.00000
           0           3           7           3
     8.86834     7.74450     0.06303
     0.65746    -0.75349    -0.00011
    -0.75349    -0.65746     0.00049
    -0.00044    -0.00024    -1.00000
           0           3           7           4
     8.86265     7.74630    -6.31237
     0.65746    -0.75349    -0.00011
    -0.75349    -0.65746     0.00049
    -0.00044    -0.00024    -1.00000
           0           3           7           5
     8.85697     7.74810   -12.68777
     0.65746    -0.75349    -0.00011
    -0.75349    -0.65746     0.00049
    -0.00044    -0.00024    -1.00000
           0           3           8           1
     5.34191     8.92288    12.81731
     0.85848    -0.51285    -0.00009
    -0.51285    -0.85848     0.00022
    -0.00019    -0.00014    -1.00000
           0           3           8           2
     5.33621     8.92468     6.44191
     0.85848    -0.51285    -0.00009
    -0.51285    -0.85848     0.00022
    -0.00019    -0.00014    -1.00000
           0           3           8           3
     5.33053     8.92647     0.06651
     0.85848    -0.51285    -0.00009
    -0.51285    -0.85848     0.00022
    -0.00019    -0.00014    -1.00000
           0           3           8           4
     5.32484     8.92827    -6.30888
     0.85848    -0.51285    -0.00009
    -0.51285    -0.85848     0.00022
    -0.00019    -0.00014    -1.00000
           0           3           8           5
     5.31916     8.93007   -12.68428
     0.85848    -0.51285    -0.00009
    -0.51285    -0.85848     0.00022
    -0.00019    -0.00014    -1.00000
           0           3           9           1
    -5.36276     8.92908   -12.78823
    -0.85799    -0.51366     0.00023
     0.51366    -0.85799    -0.00136
     0.00090    -0.00104     1.00000
           0           3           9           2
    -5.35491     8.92371    -6.41285
    -0.85799    -0.51366     0.00023
     0.51366    -0.85799    -0.00136
     0.00090    -0.00104     1.00000
           0           3           9           3
    -5.34705     8.91834    -0.03745
    -0.85799    -0.51366     0.00023
     0.51366    -0.85799    -0.00136
     0.00090    -0.00104     1.00000
           0           3           9           4
    -5.33919     8.91298     6.33794
    -0.85799    -0.51366     0.00023
     0.51366    -0.85799    -0.00136
     0.00090    -0.00104     1.00000
           0           3           9           5
    -5.33135     8.90762    12.71334
    -0.85799    -0.51366     0.00023
     0.51366    -0.85799    -0.00136
     0.00090    -0.00104     1.00000
           0           3          10           1
    -8.89859     7.74475   -12.78487
    -0.65683    -0.75404     0.00016
     0.75404    -0.65683    -0.00148
     0.00122    -0.00085     1.00000
           0           3          10           2
    -8.89073     7.73938    -6.40948
    -0.65683    -0.75404     0.00016
     0.75404    -0.65683    -0.00148
     0.00122    -0.00085     1.00000
           0           3          10           3
    -8.88288     7.73401    -0.03409
    -0.65683    -0.75404     0.00016
     0.75404    -0.65683    -0.00148
     0.00122    -0.00085     1.00000
           0           3          10           4
    -8.87502     7.72864     6.34131
    -0.65683    -0.75404     0.00016
     0.75404    -0.65683    -0.00148
     0.00122    -0.00085     1.00000
           0           3          10           5
    -8.86717     7.72328    12.71670
    -0.65683    -0.75404     0.00016
     0.75404    -0.65683    -0.00148
     0.00122    -0.00085     1.00000
           0           3          11           1
   -11.67131     5.44754   -12.78339
    -0.42267    -0.90628     0.00008
     0.90628    -0.42267    -0.00147
     0.00137    -0.00055     1.00000
           0           3          11           2
   -11.66346     5.44217    -6.40799
    -0.42267    -0.90628     0.00008
     0.90628    -0.42267    -0.00147
     0.00137    -0.00055     1.00000
           0           3          11           3
   -11.65560     5.43680    -0.03260
    -0.42267    -0.90628     0.00008
     0.90628    -0.42267    -0.00147
     0.00137    -0.00055     1.00000
           0           3          11           4
   -11.64774     5.43143     6.34279
    -0.42267    -0.90628     0.00008
     0.90628    -0.42267    -0.00147
     0.00137    -0.00055     1.00000
           0           3          11           5
   -11.63989     5.42607    12.71818
    -0.42267    -0.90628     0.00008
     0.90628    -0.42267    -0.00147
     0.00137    -0.00055     1.00000
           0           3          12           1
   -10.31747     1.43253   -12.78843
    -0.13627    -0.99067    -0.00001
     0.99067    -0.13627    -0.00134
     0.00132    -0.00019     1.00000
           0           3          12           2
   -10.30962     1.42716    -6.41304
    -0.13627    -0.99067    -0.00001
     0.99067    -0.13627    -0.00134
     0.00132    -0.00019     1.00000
           0           3          12           3
   -10.30177     1.42179    -0.03764
    -0.13627    -0.99067    -0.00001
     0.99067    -0.13627    -0.00134
     0.00132    -0.00019     1.00000
           0           3          12           4
   -10.29389     1.41642     6.33774
    -0.13627    -0.99067    -0.00001
     0.99067    -0.13627    -0.00134
     0.00132    -0.00019     1.00000
           0           3          12           5
   -10.28604     1.41106    12.71314
    -0.13627    -0.99067    -0.00001
     0.99067    -0.13627    -0.00134
     0.00132    -0.00019     1.00000
           0           3          13           1
   -11.60638    -2.06655   -12.78979
     0.17711    -0.98419    -0.00010
     0.98419     0.17711    -0.00107
     0.00107     0.00009     1.00000
           0           3          13           2
   -11.59853    -2.07192    -6.41439
     0.17711    -0.98419    -0.00010
     0.98419     0.17711    -0.00107
     0.00107     0.00009     1.00000
           0           3          13           3
   -11.59067    -2.07729    -0.03899
     0.17711    -0.98419    -0.00010
     0.98419     0.17711    -0.00107
     0.00107     0.00009     1.00000
           0           3          13           4
   -11.58281    -2.08266     6.33639
     0.17711    -0.98419    -0.00010
     0.98419     0.17711    -0.00107
     0.00107     0.00009     1.00000
           0           3          13           5
   -11.57495    -2.08802    12.71179
     0.17711    -0.98419    -0.00010
     0.98419     0.17711    -0.00107
     0.00107     0.00009     1.00000
           0           3          14           1
   -11.54970    -5.66682   -12.79288
     0.44239    -0.89682    -0.00018
     0.89682     0.44239    -0.00073
     0.00073     0.00016     1.00000
           0           3          14           2
   -11.54183    -5.67219    -6.41749
     0.44239    -0.89682    -0.00018
     0.89682     0.44239    -0.00073
     0.00073     0.00016     1.00000
           0           3          14           3
   -11.53398    -5.67756    -0.04210
     0.44239    -0.89682    -0.00018
     0.89682     0.44239    -0.00073
     0.00073     0.00016     1.00000
           0           3          14           4
   -11.52612    -5.68291     6.33329
     0.44239    -0.89682    -0.00018
     0.89682     0.44239    -0.00073
     0.00073     0.00016     1.00000
           0           3          14           5
   -11.51825    -5.68827    12.70869
     0.44240    -0.89682    -0.00018
     0.89682     0.44240    -0.00073
     0.00073     0.00016     1.00000
           0           3          15           1
    -7.57080    -7.12338   -12.79901
     0.68745    -0.72623    -0.00024
     0.72623     0.68745    -0.00032
     0.00040     0.00004     1.00000
           0           3          15           2
    -7.56294    -7.12874    -6.42361
     0.68745    -0.72623    -0.00024
     0.72623     0.68745    -0.00032
     0.00040     0.00004     1.00000
           0           3          15           3
    -7.55507    -7.13411    -0.04823
     0.68745    -0.72623    -0.00024
     0.72623     0.68745    -0.00032
     0.00040     0.00004     1.00000
           0           3          15           4
    -7.54722    -7.13946     6.32717
     0.68745    -0.72623    -0.00024
     0.72623     0.68745    -0.00032
     0.00040     0.00004     1.00000
           0           3          15           5
    -7.53935    -7.14482    12.70256
     0.68745    -0.72623    -0.00024
     0.72623     0.68745    -0.00032
     0.00040     0.00004     1.00000
           0           3          16           1
    -5.64812   -10.31839   -12.80407
     0.87850    -0.47775    -0.00029
     0.47775     0.87850     0.00015
     0.00018    -0.00027     1.00000
           0           3          16           2
    -5.64026   -10.32375    -6.42868
     0.87850    -0.47775    -0.00029
     0.47775     0.87850     0.00015
     0.00018    -0.00027     1.00000
           0           3          16           3
