 SVX cage parameters:
     2.20000
     0.50000     0.20000
     0.00000
           6
   -40.00000   -26.50000   -26.50000    26.50000    26.50000    40.00000
    53.00000    53.00000    22.14782    22.14782    53.00000    53.00000
     0.00000     0.00000     0.00000
 SVX barrel parameters:
           4
     2.63000     5.19260    11.76500    16.68700     1.14100
     0.00000     0.00000     0.00000     0.00000
           4           4           5           6
     0.69600     0.69600     1.74500     1.74500
     0.01000     0.01000     0.03125     0.03125
     2.83600     2.83600     3.18770     3.18770
     0.01900     0.01900     0.00000     0.00000
     0.02000     0.02000     0.00000     0.00000
    26.70000    13.62600    17.00000    12.00000
   -13.00000   -12.98000     0.00000     0.00000
           2
           5           5
     0.00000   180.00000
           2
          10          10
     0.00000   180.00000
           2
           8           8
     0.00000   180.00000
           2
          12          12
     0.00000   180.00000
 SVX barrel sensor rotation matrices and translation vectors:
           0           1           1           1
     1.60636    -2.12431     8.59780
     0.63839     0.76972     0.00000
    -0.76972     0.63839     0.00076
     0.00058    -0.00049     1.00000
           0           1           1           2
     1.60161    -2.12326     2.90580
     0.63837     0.76973     0.00000
    -0.76973     0.63837     0.00076
     0.00058    -0.00049     1.00000
           0           1           1           3
     1.59688    -2.12221    -2.78620
     0.63836     0.76974     0.00000
    -0.76974     0.63836     0.00076
     0.00059    -0.00049     1.00000
           0           1           1           4
     1.59213    -2.12115    -8.47820
     0.63835     0.76975     0.00000
    -0.76975     0.63835     0.00076
     0.00059    -0.00049     1.00000
           0           1           2           1
     2.37602    -1.18467     8.59732
     0.22444     0.97449     0.00000
    -0.97449     0.22444     0.00086
     0.00084    -0.00019     1.00000
           0           1           2           2
     2.37127    -1.18359     2.90532
     0.22442     0.97449     0.00000
    -0.97449     0.22442     0.00086
     0.00084    -0.00019     1.00000
           0           1           2           3
     2.36652    -1.18252    -2.78667
     0.22440     0.97450     0.00000
    -0.97450     0.22440     0.00086
     0.00084    -0.00019     1.00000
           0           1           2           4
     2.36176    -1.18143    -8.47867
     0.22436     0.97451     0.00000
    -0.97451     0.22436     0.00086
     0.00084    -0.00019     1.00000
           0           1           3           1
     2.64136     0.00069     8.59731
    -0.23741     0.97141     0.00000
    -0.97141    -0.23741     0.00077
     0.00075     0.00018     1.00000
           0           1           3           2
     2.63658     0.00178     2.90531
    -0.23744     0.97140     0.00000
    -0.97140    -0.23744     0.00077
     0.00075     0.00018     1.00000
           0           1           3           3
     2.63181     0.00286    -2.78668
    -0.23746     0.97140     0.00000
    -0.97140    -0.23746     0.00077
     0.00075     0.00018     1.00000
           0           1           3           4
     2.62702     0.00395    -8.47868
    -0.23749     0.97139     0.00000
    -0.97139    -0.23749     0.00077
     0.00075     0.00018     1.00000
           0           1           4           1
     2.34573     1.17888     8.59777
    -0.64863     0.76110     0.00000
    -0.76110    -0.64863     0.00052
     0.00040     0.00034     1.00000
           0           1           4           2
     2.34093     1.17995     2.90577
    -0.64864     0.76109     0.00000
    -0.76109    -0.64864     0.00052
     0.00040     0.00034     1.00000
           0           1           4           3
     2.33613     1.18102    -2.78622
    -0.64866     0.76107     0.00000
    -0.76107    -0.64866     0.00052
     0.00040     0.00034     1.00000
           0           1           4           4
     2.33132     1.18209    -8.47822
    -0.64868     0.76107     0.00000
    -0.76107    -0.64868     0.00052
     0.00040     0.00034     1.00000
           0           1           5           1
     1.55216     2.09855     8.59860
    -0.92147     0.38844     0.00000
    -0.38844    -0.92147     0.00016
     0.00006     0.00015     1.00000
           0           1           5           2
     1.54736     2.09959     2.90660
    -0.92148     0.38843     0.00000
    -0.38843    -0.92148     0.00016
     0.00006     0.00015     1.00000
           0           1           5           3
     1.54256     2.10063    -2.78539
    -0.92148     0.38842     0.00000
    -0.38842    -0.92148     0.00016
     0.00006     0.00015     1.00000
           0           1           5           4
     1.53776     2.10167    -8.47739
    -0.92148     0.38842     0.00000
    -0.38842    -0.92148     0.00016
     0.00006     0.00015     1.00000
           0           1           6           1
    -1.56663     2.09016    -8.59117
     0.92091     0.38977    -0.00000
     0.38977    -0.92091    -0.00110
    -0.00043     0.00101    -1.00000
           0           1           6           2
    -1.56133     2.08564    -2.89917
     0.92092     0.38974    -0.00000
     0.38974    -0.92092    -0.00110
    -0.00043     0.00101    -1.00000
           0           1           6           3
    -1.55602     2.08110     2.79283
     0.92093     0.38972    -0.00000
     0.38972    -0.92093    -0.00110
    -0.00043     0.00101    -1.00000
           0           1           6           4
    -1.55071     2.07657     8.48482
     0.92095     0.38969    -0.00000
     0.38969    -0.92095    -0.00110
    -0.00043     0.00101    -1.00000
           0           1           7           1
    -2.35890     1.16932    -8.59118
     0.64751     0.76205    -0.00000
     0.76205    -0.64751    -0.00122
    -0.00093     0.00079    -1.00000
           0           1           7           2
    -2.35362     1.16481    -2.89918
     0.64754     0.76203    -0.00000
     0.76203    -0.64754    -0.00122
    -0.00093     0.00079    -1.00000
           0           1           7           3
    -2.34834     1.16030     2.79282
     0.64757     0.76201    -0.00000
     0.76201    -0.64757    -0.00122
    -0.00093     0.00079    -1.00000
           0           1           7           4
    -2.34306     1.15580     8.48481
     0.64759     0.76199    -0.00000
     0.76199    -0.64759    -0.00122
    -0.00093     0.00079    -1.00000
           0           1           8           1
    -2.65282    -0.00933    -8.59185
     0.23599     0.97175    -0.00000
     0.97175    -0.23599    -0.00109
    -0.00106     0.00026    -1.00000
           0           1           8           2
    -2.64757    -0.01385    -2.89986
     0.23601     0.97175    -0.00000
     0.97175    -0.23601    -0.00109
    -0.00106     0.00026    -1.00000
           0           1           8           3
    -2.64232    -0.01837     2.79214
     0.23603     0.97174    -0.00000
     0.97174    -0.23603    -0.00109
    -0.00106     0.00026    -1.00000
           0           1           8           4
    -2.63707    -0.02288     8.48413
     0.23605     0.97174    -0.00000
     0.97174    -0.23605    -0.00109
    -0.00106     0.00026    -1.00000
           0           1           9           1
    -2.38574    -1.19429    -8.59305
    -0.22586     0.97416    -0.00000
     0.97416     0.22586    -0.00072
    -0.00070    -0.00016    -1.00000
           0           1           9           2
    -2.38051    -1.19884    -2.90105
    -0.22585     0.97416    -0.00000
     0.97416     0.22585    -0.00072
    -0.00070    -0.00016    -1.00000
           0           1           9           3
    -2.37527    -1.20339     2.79094
    -0.22584     0.97416    -0.00000
     0.97416     0.22584    -0.00072
    -0.00070    -0.00016    -1.00000
           0           1           9           4
    -2.37004    -1.20793     8.48294
    -0.22583     0.97417    -0.00000
     0.97417     0.22583    -0.00072
    -0.00070    -0.00016    -1.00000
           0           1          10           1
    -1.61472    -2.13280    -8.59452
    -0.63951     0.76878    -0.00000
     0.76878     0.63951    -0.00019
    -0.00015    -0.00012    -1.00000
           0           1          10           2
    -1.60947    -2.13737    -2.90252
    -0.63951     0.76878    -0.00000
     0.76878     0.63951    -0.00019
    -0.00015    -0.00012    -1.00000
           0           1          10           3
    -1.60422    -2.14195     2.78948
    -0.63951     0.76878    -0.00000
     0.76878     0.63951    -0.00019
    -0.00015    -0.00012    -1.00000
           0           1          10           4
    -1.59897    -2.14653     8.48147
    -0.63951     0.76878    -0.00000
     0.76878     0.63951    -0.00019
    -0.00015    -0.00012    -1.00000
           0           2           1           1
     2.52544    -4.56284     8.60924
     0.74573     0.66625     0.00000
    -0.66625     0.74573     0.00070
     0.00047    -0.00052     1.00000
           0           2           1           2
     2.52067    -4.56176     2.91724
     0.74573     0.66625     0.00000
    -0.66625     0.74573     0.00070
     0.00047    -0.00052     1.00000
           0           2           1           3
     2.51591    -4.56069    -2.77476
     0.74572     0.66626     0.00000
    -0.66626     0.74572     0.00070
     0.00047    -0.00052     1.00000
           0           2           1           4
     2.51114    -4.55960    -8.46675
     0.74572     0.66626     0.00000
    -0.66626     0.74572     0.00070
     0.00047    -0.00052     1.00000
           0           2           2           1
     3.52702    -3.84547     8.60854
     0.56778     0.82318     0.00000
    -0.82318     0.56778     0.00080
     0.00066    -0.00045     1.00000
           0           2           2           2
     3.52226    -3.84439     2.91654
     0.56778     0.82318     0.00000
    -0.82318     0.56778     0.00080
     0.00066    -0.00045     1.00000
           0           2           2           3
     3.51750    -3.84331    -2.77546
     0.56778     0.82318     0.00000
    -0.82318     0.56778     0.00080
     0.00066    -0.00045     1.00000
           0           2           2           4
     3.51274    -3.84223    -8.46746
     0.56778     0.82318     0.00000
    -0.82318     0.56778     0.00080
     0.00066    -0.00045     1.00000
           0           2           3           1
     4.33141    -2.91235     8.60804
     0.35787     0.93377     0.00000
    -0.93377     0.35787     0.00085
     0.00079    -0.00030     1.00000
           0           2           3           2
     4.32664    -2.91126     2.91604
     0.35787     0.93377     0.00000
    -0.93377     0.35787     0.00085
     0.00079    -0.00030     1.00000
           0           2           3           3
     4.32189    -2.91018    -2.77596
     0.35786     0.93377     0.00000
    -0.93377     0.35786     0.00085
     0.00079    -0.00030     1.00000
           0           2           3           4
     4.31712    -2.90909    -8.46796
     0.35786     0.93377     0.00000
    -0.93377     0.35786     0.00085
     0.00079    -0.00030     1.00000
           0           2           4           1
     4.89334    -1.81597     8.60777
     0.12782     0.99180     0.00000
    -0.99180     0.12782     0.00085
     0.00084    -0.00011     1.00000
           0           2           4           2
     4.88857    -1.81488     2.91578
     0.12782     0.99180     0.00000
    -0.99180     0.12782     0.00085
     0.00084    -0.00011     1.00000
           0           2           4           3
     4.88381    -1.81380    -2.77622
     0.12781     0.99180     0.00000
    -0.99180     0.12781     0.00085
     0.00084    -0.00011     1.00000
           0           2           4           4
     4.87905    -1.81271    -8.46822
     0.12781     0.99180     0.00000
    -0.99180     0.12781     0.00085
     0.00084    -0.00011     1.00000
           0           2           5           1
     5.18117    -0.61807     8.60776
    -0.10944     0.99399     0.00000
    -0.99399    -0.10944     0.00081
     0.00081     0.00009     1.00000
           0           2           5           2
     5.17640    -0.61698     2.91576
    -0.10943     0.99399     0.00000
    -0.99399    -0.10943     0.00081
     0.00081     0.00009     1.00000
           0           2           5           3
     5.17164    -0.61590    -2.77624
    -0.10943     0.99399     0.00000
    -0.99399    -0.10943     0.00081
     0.00081     0.00009     1.00000
           0           2           5           4
     5.16687    -0.61481    -8.46823
    -0.10943     0.99399     0.00000
    -0.99399    -0.10943     0.00081
     0.00081     0.00009     1.00000
           0           2           6           1
     5.17868     0.61392     8.60799
    -0.34052     0.94024     0.00000
    -0.94024    -0.34052     0.00072
     0.00068     0.00025     1.00000
           0           2           6           2
     5.17391     0.61501     2.91600
    -0.34051     0.94024     0.00000
    -0.94024    -0.34051     0.00072
     0.00068     0.00025     1.00000
           0           2           6           3
     5.16914     0.61609    -2.77600
    -0.34052     0.94024     0.00000
    -0.94024    -0.34052     0.00072
     0.00068     0.00025     1.00000
           0           2           6           4
     5.16437     0.61718    -8.46800
    -0.34052     0.94024     0.00000
    -0.94024    -0.34052     0.00072
     0.00068     0.00025     1.00000
           0           2           7           1
     4.88603     1.81066     8.60846
    -0.55244     0.83355     0.00000
    -0.83355    -0.55244     0.00059
     0.00049     0.00033     1.00000
           0           2           7           2
     4.88126     1.81175     2.91647
    -0.55244     0.83355     0.00000
    -0.83355    -0.55244     0.00059
     0.00049     0.00033     1.00000
           0           2           7           3
     4.87650     1.81283    -2.77553
    -0.55244     0.83355     0.00000
    -0.83355    -0.55244     0.00059
     0.00049     0.00033     1.00000
           0           2           7           4
     4.87173     1.81391    -8.46753
    -0.55244     0.83355     0.00000
    -0.83355    -0.55244     0.00059
     0.00049     0.00033     1.00000
           0           2           8           1
     4.31968     2.90477     8.60915
    -0.73327     0.67994     0.00000
    -0.67994    -0.73327     0.00043
     0.00029     0.00032     1.00000
           0           2           8           2
     4.31491     2.90585     2.91715
    -0.73327     0.67994     0.00000
    -0.67994    -0.73327     0.00043
     0.00029     0.00032     1.00000
           0           2           8           3
     4.31014     2.90693    -2.77485
    -0.73327     0.67994     0.00000
    -0.67994    -0.73327     0.00043
     0.00029     0.00032     1.00000
           0           2           8           4
     4.30536     2.90802    -8.46685
    -0.73327     0.67994     0.00000
    -0.67994    -0.73327     0.00043
     0.00029     0.00032     1.00000
           0           2           9           1
     3.51152     3.83466     8.61000
    -0.87281     0.48806     0.00000
    -0.48806    -0.87281     0.00024
     0.00012     0.00021     1.00000
           0           2           9           2
     3.50675     3.83574     2.91800
    -0.87281     0.48806     0.00000
    -0.48806    -0.87281     0.00024
     0.00012     0.00021     1.00000
           0           2           9           3
     3.50198     3.83682    -2.77400
    -0.87281     0.48806     0.00000
    -0.48806    -0.87281     0.00024
     0.00012     0.00021     1.00000
           0           2           9           4
     3.49720     3.83790    -8.46600
    -0.87282     0.48805     0.00000
    -0.48805    -0.87282     0.00024
     0.00012     0.00021     1.00000
           0           2          10           1
     2.50704     4.54799     8.61097
    -0.96322     0.26870     0.00000
    -0.26870    -0.96322     0.00004
     0.00001     0.00004     1.00000
           0           2          10           2
     2.50227     4.54907     2.91898
    -0.96323     0.26869     0.00000
    -0.26869    -0.96323     0.00004
     0.00001     0.00004     1.00000
           0           2          10           3
     2.49749     4.55014    -2.77302
    -0.96323     0.26869     0.00000
    -0.26869    -0.96323     0.00004
     0.00001     0.00004     1.00000
           0           2          10           4
     2.49273     4.55122    -8.46502
    -0.96323     0.26869     0.00000
    -0.26869    -0.96323     0.00004
     0.00001     0.00004     1.00000
           0           2          11           1
    -2.51408     4.53772    -8.58893
     0.96340     0.26808    -0.00000
     0.26808    -0.96340    -0.00102
    -0.00027     0.00098    -1.00000
           0           2          11           2
    -2.50878     4.53320    -2.89693
     0.96340     0.26807    -0.00000
     0.26807    -0.96340    -0.00102
    -0.00027     0.00098    -1.00000
           0           2          11           3
    -2.50348     4.52867     2.79507
     0.96340     0.26807    -0.00000
     0.26807    -0.96340    -0.00102
    -0.00027     0.00098    -1.00000
           0           2          11           4
    -2.49818     4.52415     8.48706
     0.96340     0.26807    -0.00000
     0.26807    -0.96340    -0.00102
    -0.00027     0.00098    -1.00000
           0           2          12           1
    -3.51903     3.82502    -8.58856
     0.87312     0.48750    -0.00000
     0.48750    -0.87312    -0.00115
    -0.00056     0.00100    -1.00000
           0           2          12           2
    -3.51374     3.82051    -2.89656
     0.87313     0.48749    -0.00000
     0.48749    -0.87313    -0.00115
    -0.00056     0.00100    -1.00000
           0           2          12           3
    -3.50843     3.81599     2.79543
     0.87313     0.48749    -0.00000
     0.48749    -0.87313    -0.00115
    -0.00056     0.00100    -1.00000
           0           2          12           4
    -3.50313     3.81147     8.48743
     0.87313     0.48749    -0.00000
     0.48749    -0.87313    -0.00115
    -0.00056     0.00100    -1.00000
           0           2          13           1
    -4.32779     2.89564    -8.58855
     0.73370     0.67948    -0.00000
     0.67948    -0.73370    -0.00121
    -0.00082     0.00089    -1.00000
           0           2          13           2
    -4.32250     2.89113    -2.89655
     0.73371     0.67947    -0.00000
     0.67947    -0.73371    -0.00121
    -0.00082     0.00089    -1.00000
           0           2          13           3
    -4.31721     2.88661     2.79544
     0.73371     0.67947    -0.00000
     0.67947    -0.73371    -0.00121
    -0.00082     0.00089    -1.00000
           0           2          13           4
    -4.31191     2.88209     8.48744
     0.73371     0.67947    -0.00000
     0.67947    -0.73371    -0.00121
    -0.00082     0.00089    -1.00000
           0           2          14           1
    -4.89485     1.80188    -8.58889
     0.55297     0.83320    -0.00000
     0.83320    -0.55297    -0.00121
    -0.00101     0.00067    -1.00000
           0           2          14           2
    -4.88957     1.79737    -2.89690
     0.55297     0.83320    -0.00000
     0.83320    -0.55297    -0.00121
    -0.00101     0.00067    -1.00000
           0           2          14           3
    -4.88427     1.79286     2.79510
     0.55298     0.83320    -0.00000
     0.83320    -0.55298    -0.00121
    -0.00101     0.00067    -1.00000
           0           2          14           4
    -4.87898     1.78835     8.48709
     0.55298     0.83320    -0.00000
     0.83320    -0.55298    -0.00121
    -0.00101     0.00067    -1.00000
           0           2          15           1
    -5.18826     0.60534    -8.58957
     0.34112     0.94002    -0.00000
     0.94002    -0.34112    -0.00114
    -0.00107     0.00039    -1.00000
           0           2          15           2
    -5.18297     0.60082    -2.89758
     0.34112     0.94002    -0.00000
     0.94002    -0.34112    -0.00114
    -0.00107     0.00039    -1.00000
           0           2          15           3
    -5.17768     0.59630     2.79442
     0.34112     0.94002    -0.00000
     0.94002    -0.34112    -0.00114
    -0.00107     0.00039    -1.00000
           0           2          15           4
    -5.17239     0.59179     8.48641
     0.34112     0.94002    -0.00000
     0.94002    -0.34112    -0.00114
    -0.00107     0.00039    -1.00000
           0           2          16           1
    -5.19152    -0.62666    -8.59055
     0.11006     0.99392    -0.00000
     0.99392    -0.11006    -0.00101
    -0.00100     0.00011    -1.00000
           0           2          16           2
    -5.18624    -0.63118    -2.89855
     0.11006     0.99392    -0.00000
     0.99392    -0.11006    -0.00101
    -0.00100     0.00011    -1.00000
           0           2          16           3
    -5.18095    -0.63571     2.79344
     0.11006     0.99392    -0.00000
     0.99392    -0.11006    -0.00101
    -0.00100     0.00011    -1.00000
           0           2          16           4
    -5.17567    -0.64022     8.48544
     0.11006     0.99392    -0.00000
     0.99392    -0.11006    -0.00101
    -0.00100     0.00011    -1.00000
           0           2          17           1
    -4.90447    -1.82475    -8.59177
    -0.12720     0.99188    -0.00000
     0.99188     0.12720    -0.00082
    -0.00081    -0.00010    -1.00000
           0           2          17           2
    -4.89918    -1.82927    -2.89977
    -0.12720     0.99188    -0.00000
     0.99188     0.12720    -0.00082
    -0.00081    -0.00010    -1.00000
           0           2          17           3
    -4.89390    -1.83380     2.79222
    -0.12720     0.99188    -0.00000
     0.99188     0.12720    -0.00082
    -0.00081    -0.00010    -1.00000
           0           2          17           4
    -4.88862    -1.83831     8.48422
    -0.12720     0.99188    -0.00000
     0.99188     0.12720    -0.00082
    -0.00081    -0.00010    -1.00000
           0           2          18           1
    -4.34323    -2.92148    -8.59316
    -0.35728     0.93400    -0.00000
     0.93400     0.35728    -0.00058
    -0.00054    -0.00021    -1.00000
           0           2          18           2
    -4.33795    -2.92601    -2.90117
    -0.35728     0.93400    -0.00000
     0.93400     0.35728    -0.00058
    -0.00054    -0.00021    -1.00000
           0           2          18           3
    -4.33265    -2.93054     2.79083
    -0.35728     0.93400    -0.00000
     0.93400     0.35728    -0.00058
    -0.00054    -0.00021    -1.00000
           0           2          18           4
    -4.32738    -2.93506     8.48282
    -0.35728     0.93400    -0.00000
     0.93400     0.35728    -0.00058
    -0.00054    -0.00021    -1.00000
           0           2          19           1
    -3.53942    -3.85512    -8.59465
    -0.56727     0.82353    -0.00000
     0.82353     0.56727    -0.00031
    -0.00026    -0.00018    -1.00000
           0           2          19           2
    -3.53413    -3.85966    -2.90266
    -0.56727     0.82353    -0.00000
     0.82353     0.56727    -0.00031
    -0.00026    -0.00018    -1.00000
           0           2          19           3
    -3.52885    -3.86419     2.78934
    -0.56727     0.82353    -0.00000
     0.82353     0.56727    -0.00031
    -0.00026    -0.00018    -1.00000
           0           2          19           4
    -3.52357    -3.86872     8.48133
    -0.56727     0.82353    -0.00000
     0.82353     0.56727    -0.00031
    -0.00026    -0.00018    -1.00000
           0           2          20           1
    -2.53829    -4.57312    -8.59616
    -0.74530     0.66672    -0.00000
     0.66672     0.74530    -0.00003
    -0.00002    -0.00002    -1.00000
           0           2          20           2
    -2.53300    -4.57765    -2.90416
    -0.74530     0.66672    -0.00000
     0.66672     0.74530    -0.00003
    -0.00002    -0.00002    -1.00000
           0           2          20           3
    -2.52772    -4.58219     2.78784
    -0.74530     0.66672    -0.00000
     0.66672     0.74530    -0.00003
    -0.00002    -0.00002    -1.00000
           0           2          20           4
    -2.52243    -4.58671     8.47983
    -0.74530     0.66672    -0.00000
     0.66672     0.74530    -0.00003
    -0.00002    -0.00002    -1.00000
           0           3           1           1
     5.64446   -10.32372    12.80915
    -0.87809    -0.47849     0.00000
    -0.47849     0.87809     0.00057
    -0.00027     0.00050    -1.00000
           0           3           1           2
     5.63913   -10.32250     6.43374
    -0.87809    -0.47849     0.00000
    -0.47849     0.87809     0.00057
    -0.00027     0.00050    -1.00000
           0           3           1           3
     5.63379   -10.32129     0.05835
    -0.87809    -0.47849     0.00000
    -0.47849     0.87809     0.00057
    -0.00027     0.00050    -1.00000
           0           3           1           4
     5.62845   -10.32008    -6.31705
    -0.87809    -0.47849     0.00000
    -0.47849     0.87809     0.00057
    -0.00027     0.00050    -1.00000
           0           3           1           5
     5.62311   -10.31886   -12.69245
    -0.87809    -0.47849     0.00000
    -0.47849     0.87809     0.00057
    -0.00027     0.00050    -1.00000
           0           3           2           1
     7.56525    -7.12628    12.80814
    -0.68676    -0.72689     0.00000
    -0.72689     0.68676     0.00074
    -0.00054     0.00051    -1.00000
           0           3           2           2
     7.55992    -7.12506     6.43274
    -0.68676    -0.72689     0.00000
    -0.72689     0.68676     0.00074
    -0.00054     0.00051    -1.00000
           0           3           2           3
     7.55458    -7.12385     0.05735
    -0.68676    -0.72689     0.00000
    -0.72689     0.68676     0.00074
    -0.00054     0.00051    -1.00000
           0           3           2           4
     7.54924    -7.12264    -6.31805
    -0.68676    -0.72689     0.00000
    -0.72689     0.68676     0.00074
    -0.00054     0.00051    -1.00000
           0           3           2           5
     7.54390    -7.12142   -12.69345
    -0.68676    -0.72689     0.00000
    -0.72689     0.68676     0.00074
    -0.00054     0.00051    -1.00000
           0           3           3           1
    11.54175    -5.66805    12.80509
    -0.44171    -0.89716     0.00000
    -0.89716     0.44171     0.00084
    -0.00075     0.00037    -1.00000
           0           3           3           2
    11.53642    -5.66683     6.42969
    -0.44171    -0.89716     0.00000
    -0.89716     0.44171     0.00084
    -0.00075     0.00037    -1.00000
           0           3           3           3
    11.53107    -5.66562     0.05429
    -0.44171    -0.89716     0.00000
    -0.89716     0.44171     0.00084
    -0.00075     0.00037    -1.00000
           0           3           3           4
    11.52573    -5.66441    -6.32110
    -0.44171    -0.89716     0.00000
    -0.89716     0.44171     0.00084
    -0.00075     0.00037    -1.00000
           0           3           3           5
    11.52039    -5.66319   -12.69649
    -0.44171    -0.89716     0.00000
    -0.89716     0.44171     0.00084
    -0.00075     0.00037    -1.00000
           0           3           4           1
    11.59583    -2.06693    12.80573
    -0.17629    -0.98434     0.00000
    -0.98434     0.17629     0.00086
    -0.00085     0.00015    -1.00000
           0           3           4           2
    11.59050    -2.06571     6.43033
    -0.17629    -0.98434     0.00000
    -0.98434     0.17629     0.00086
    -0.00085     0.00015    -1.00000
           0           3           4           3
    11.58516    -2.06450     0.05494
    -0.17629    -0.98434     0.00000
    -0.98434     0.17629     0.00086
    -0.00085     0.00015    -1.00000
           0           3           4           4
    11.57982    -2.06329    -6.32046
    -0.17629    -0.98434     0.00000
    -0.98434     0.17629     0.00086
    -0.00085     0.00015    -1.00000
           0           3           4           5
    11.57448    -2.06207   -12.69585
    -0.17629    -0.98434     0.00000
    -0.98434     0.17629     0.00086
    -0.00085     0.00015    -1.00000
           0           3           5           1
    10.30383     1.43221    12.80748
     0.13720    -0.99054     0.00000
    -0.99054    -0.13720     0.00080
    -0.00079    -0.00011    -1.00000
           0           3           5           2
    10.29850     1.43343     6.43208
     0.13720    -0.99054     0.00000
    -0.99054    -0.13720     0.00080
    -0.00079    -0.00011    -1.00000
           0           3           5           3
    10.29316     1.43464     0.05668
     0.13720    -0.99054     0.00000
    -0.99054    -0.13720     0.00080
    -0.00079    -0.00011    -1.00000
           0           3           5           4
    10.28782     1.43585    -6.31871
     0.13720    -0.99054     0.00000
    -0.99054    -0.13720     0.00080
    -0.00079    -0.00011    -1.00000
           0           3           5           5
    10.28248     1.43707   -12.69411
     0.13720    -0.99054     0.00000
    -0.99054    -0.13720     0.00080
    -0.00079    -0.00011    -1.00000
           0           3           6           1
    11.65487     5.44638    12.80711
     0.42336    -0.90596     0.00000
    -0.90596    -0.42336     0.00068
    -0.00062    -0.00029    -1.00000
           0           3           6           2
    11.64954     5.44760     6.43171
     0.42336    -0.90596     0.00000
    -0.90596    -0.42336     0.00068
    -0.00062    -0.00029    -1.00000
           0           3           6           3
    11.64420     5.44881     0.05632
     0.42336    -0.90596     0.00000
    -0.90596    -0.42336     0.00068
    -0.00062    -0.00029    -1.00000
           0           3           6           4
    11.63886     5.45002    -6.31908
     0.42336    -0.90596     0.00000
    -0.90596    -0.42336     0.00068
    -0.00062    -0.00029    -1.00000
           0           3           6           5
    11.63352     5.45124   -12.69448
     0.42336    -0.90596     0.00000
    -0.90596    -0.42336     0.00068
    -0.00062    -0.00029    -1.00000
           0           3           7           1
     8.87987     7.74210    12.80987
     0.65746    -0.75349     0.00000
    -0.75349    -0.65746     0.00051
    -0.00038    -0.00034    -1.00000
           0           3           7           2
     8.87453     7.74332     6.43448
     0.65746    -0.75349     0.00000
    -0.75349    -0.65746     0.00051
    -0.00038    -0.00034    -1.00000
           0           3           7           3
     8.86919     7.74453     0.05908
     0.65746    -0.75349     0.00000
    -0.75349    -0.65746     0.00051
    -0.00038    -0.00034    -1.00000
           0           3           7           4
     8.86385     7.74574    -6.31632
     0.65746    -0.75349     0.00000
    -0.75349    -0.65746     0.00051
    -0.00038    -0.00034    -1.00000
           0           3           7           5
     8.85852     7.74696   -12.69172
     0.65746    -0.75349     0.00000
    -0.75349    -0.65746     0.00051
    -0.00038    -0.00034    -1.00000
           0           3           8           1
     5.34206     8.92407    12.81306
     0.85848    -0.51285     0.00000
    -0.51285    -0.85848     0.00027
    -0.00014    -0.00023    -1.00000
           0           3           8           2
     5.33671     8.92529     6.43766
     0.85848    -0.51285     0.00000
    -0.51285    -0.85848     0.00027
    -0.00014    -0.00023    -1.00000
           0           3           8           3
     5.33138     8.92650     0.06226
     0.85848    -0.51285     0.00000
    -0.51285    -0.85848     0.00027
    -0.00014    -0.00023    -1.00000
           0           3           8           4
     5.32604     8.92771    -6.31313
     0.85848    -0.51285     0.00000
    -0.51285    -0.85848     0.00027
    -0.00014    -0.00023    -1.00000
           0           3           8           5
     5.32071     8.92893   -12.68853
     0.85848    -0.51285     0.00000
    -0.51285    -0.85848     0.00027
    -0.00014    -0.00023    -1.00000
           0           3           9           1
    -5.35897     8.92927   -12.79368
    -0.85799    -0.51366    -0.00000
     0.51366    -0.85799    -0.00116
     0.00060    -0.00100     1.00000
           0           3           9           2
    -5.35304     8.92421    -6.41829
    -0.85799    -0.51366    -0.00000
     0.51366    -0.85799    -0.00116
     0.00060    -0.00100     1.00000
           0           3           9           3
    -5.34710     8.91915    -0.04289
    -0.85799    -0.51366    -0.00000
     0.51366    -0.85799    -0.00116
     0.00060    -0.00100     1.00000
           0           3           9           4
    -5.34117     8.91409     6.33250
    -0.85799    -0.51366    -0.00000
     0.51366    -0.85799    -0.00116
     0.00060    -0.00100     1.00000
           0           3           9           5
    -5.33525     8.90904    12.70790
    -0.85799    -0.51366    -0.00000
     0.51366    -0.85799    -0.00116
     0.00060    -0.00100     1.00000
           0           3          10           1
    -8.89480     7.74494   -12.79133
    -0.65683    -0.75404    -0.00000
     0.75404    -0.65683    -0.00122
     0.00092    -0.00080     1.00000
           0           3          10           2
    -8.88886     7.73988    -6.41593
    -0.65683    -0.75404    -0.00000
     0.75404    -0.65683    -0.00122
     0.00092    -0.00080     1.00000
           0           3          10           3
    -8.88293     7.73482    -0.04054
    -0.65683    -0.75404    -0.00000
     0.75404    -0.65683    -0.00122
     0.00092    -0.00080     1.00000
           0           3          10           4
    -8.87700     7.72976     6.33486
    -0.65683    -0.75404    -0.00000
     0.75404    -0.65683    -0.00122
     0.00092    -0.00080     1.00000
           0           3          10           5
    -8.87107     7.72470    12.71025
    -0.65683    -0.75404    -0.00000
     0.75404    -0.65683    -0.00122
     0.00092    -0.00080     1.00000
           0           3          11           1
   -11.66752     5.44773   -12.79057
    -0.42267    -0.90628    -0.00000
     0.90628    -0.42267    -0.00118
     0.00107    -0.00050     1.00000
           0           3          11           2
   -11.66159     5.44267    -6.41517
    -0.42267    -0.90628    -0.00000
     0.90628    -0.42267    -0.00118
     0.00107    -0.00050     1.00000
           0           3          11           3
   -11.65565     5.43761    -0.03978
    -0.42267    -0.90628    -0.00000
     0.90628    -0.42267    -0.00118
     0.00107    -0.00050     1.00000
           0           3          11           4
   -11.64972     5.43255     6.33562
    -0.42267    -0.90628    -0.00000
     0.90628    -0.42267    -0.00118
     0.00107    -0.00050     1.00000
           0           3          11           5
   -11.64379     5.42749    12.71101
    -0.42267    -0.90628    -0.00000
     0.90628    -0.42267    -0.00118
     0.00107    -0.00050     1.00000
           0           3          12           1
   -10.31368     1.43272   -12.79501
    -0.13627    -0.99067    -0.00000
     0.99067    -0.13627    -0.00103
     0.00102    -0.00014     1.00000
           0           3          12           2
   -10.30775     1.42766    -6.41962
    -0.13627    -0.99067    -0.00000
     0.99067    -0.13627    -0.00103
     0.00102    -0.00014     1.00000
           0           3          12           3
   -10.30182     1.42260    -0.04422
    -0.13627    -0.99067    -0.00000
     0.99067    -0.13627    -0.00103
     0.00102    -0.00014     1.00000
           0           3          12           4
   -10.29587     1.41754     6.33117
    -0.13627    -0.99067    -0.00000
     0.99067    -0.13627    -0.00103
     0.00102    -0.00014     1.00000
           0           3          12           5
   -10.28994     1.41248    12.70657
    -0.13627    -0.99067    -0.00000
     0.99067    -0.13627    -0.00103
     0.00102    -0.00014     1.00000
           0           3          13           1
   -11.60259    -2.06636   -12.79659
     0.17711    -0.98419    -0.00000
     0.98419     0.17711    -0.00078
     0.00077     0.00014     1.00000
           0           3          13           2
   -11.59666    -2.07142    -6.42119
     0.17711    -0.98419    -0.00000
     0.98419     0.17711    -0.00078
     0.00077     0.00014     1.00000
           0           3          13           3
   -11.59072    -2.07648    -0.04579
     0.17711    -0.98419    -0.00000
     0.98419     0.17711    -0.00078
     0.00077     0.00014     1.00000
           0           3          13           4
   -11.58479    -2.08154     6.32960
     0.17711    -0.98419    -0.00000
     0.98419     0.17711    -0.00078
     0.00077     0.00014     1.00000
           0           3          13           5
   -11.57885    -2.08660    12.70500
     0.17711    -0.98419    -0.00000
     0.98419     0.17711    -0.00078
     0.00077     0.00014     1.00000
           0           3          14           1
   -11.54591    -5.66663   -12.79949
     0.44239    -0.89682    -0.00000
     0.89682     0.44239    -0.00048
     0.00043     0.00021     1.00000
           0           3          14           2
   -11.53996    -5.67169    -6.42410
     0.44239    -0.89682    -0.00000
     0.89682     0.44239    -0.00048
     0.00043     0.00021     1.00000
           0           3          14           3
   -11.53403    -5.67675    -0.04870
     0.44239    -0.89682    -0.00000
     0.89682     0.44239    -0.00048
     0.00043     0.00021     1.00000
           0           3          14           4
   -11.52810    -5.68180     6.32669
     0.44239    -0.89682    -0.00000
     0.89682     0.44239    -0.00048
     0.00043     0.00021     1.00000
           0           3          14           5
   -11.52215    -5.68685    12.70209
     0.44240    -0.89682    -0.00000
     0.89682     0.44240    -0.00048
     0.00043     0.00021     1.00000
           0           3          15           1
    -7.56700    -7.12319   -12.80435
     0.68745    -0.72623    -0.00000
     0.72623     0.68745    -0.00013
     0.00009     0.00009     1.00000
           0           3          15           2
    -7.56107    -7.12824    -6.42895
     0.68745    -0.72623    -0.00000
     0.72623     0.68745    -0.00013
     0.00009     0.00009     1.00000
           0           3          15           3
    -7.55512    -7.13330    -0.05356
     0.68745    -0.72623    -0.00000
     0.72623     0.68745    -0.00013
     0.00009     0.00009     1.00000
           0           3          15           4
    -7.54919    -7.13835     6.32184
     0.68745    -0.72623    -0.00000
     0.72623     0.68745    -0.00013
     0.00009     0.00009     1.00000
           0           3          15           5
    -7.54325    -7.14340    12.69723
     0.68745    -0.72623    -0.00000
     0.72623     0.68745    -0.00013
     0.00009     0.00009     1.00000
           0           3          16           1
    -5.64432   -10.31820   -12.80867
     0.87850    -0.47775     0.00000
     0.47775     0.87850     0.00025
    -0.00012    -0.00022     1.00000
           0           3          16           2
    -5.63839   -10.32325    -6.43328
     0.87850    -0.47775     0.00000
     0.47775     0.87850     0.00025
    -0.00012    -0.00022     1.00000
           0           3          16           3
