 SVX cage parameters:
     2.20000
     0.50000     0.20000
     0.00000
           6
   -40.00000   -26.50000   -26.50000    26.50000    26.50000    40.00000
    53.00000    53.00000    22.14782    22.14782    53.00000    53.00000
     0.00000     0.00000     0.00000
 SVX barrel parameters:
           4
     2.63000     5.19260    11.76500    16.68700     1.14100
     0.00000     0.00000     0.00000     0.00000
           4           4           5           6
     0.69600     0.69600     1.74500     1.74500
     0.01000     0.01000     0.03125     0.03125
     2.83600     2.83600     3.18770     3.18770
     0.01900     0.01900     0.00000     0.00000
     0.02000     0.02000     0.00000     0.00000
    26.70000    13.62600    17.00000    12.00000
   -13.00000   -12.98000     0.00000     0.00000
           2
           5           5
     0.00000   180.00000
           2
          10          10
     0.00000   180.00000
           2
           8           8
     0.00000   180.00000
           2
          12          12
     0.00000   180.00000
 SVX barrel sensor rotation matrices and translation vectors:
           0           1           1           1
     1.60627    -2.12409     8.58780
     0.63841     0.76970     0.00000
    -0.76970     0.63841     0.00076
     0.00058    -0.00049     1.00000
           0           1           1           2
     1.60139    -2.12323     2.89581
     0.63838     0.76972     0.00000
    -0.76972     0.63838     0.00076
     0.00058    -0.00049     1.00000
           0           1           1           3
     1.59652    -2.12239    -2.79619
     0.63837     0.76973     0.00000
    -0.76973     0.63837     0.00076
     0.00058    -0.00049     1.00000
           0           1           1           4
     1.59165    -2.12155    -8.48819
     0.63836     0.76974     0.00000
    -0.76974     0.63836     0.00076
     0.00059    -0.00049     1.00000
           0           1           2           1
     2.37654    -1.18347     8.58973
     0.22404     0.97458     0.00000
    -0.97458     0.22404     0.00087
     0.00085    -0.00019     1.00000
           0           1           2           2
     2.37166    -1.18259     2.89775
     0.22402     0.97459     0.00000
    -0.97459     0.22402     0.00087
     0.00085    -0.00019     1.00000
           0           1           2           3
     2.36678    -1.18172    -2.79426
     0.22398     0.97459     0.00000
    -0.97459     0.22398     0.00087
     0.00085    -0.00019     1.00000
           0           1           2           4
     2.36191    -1.18085    -8.48625
     0.22396     0.97460     0.00000
    -0.97460     0.22396     0.00087
     0.00085    -0.00019     1.00000
           0           1           3           1
     2.64390     0.00053     8.59026
    -0.23726     0.97145     0.00000
    -0.97145    -0.23726     0.00080
     0.00078     0.00019     1.00000
           0           1           3           2
     2.63899     0.00143     2.89825
    -0.23728     0.97144     0.00000
    -0.97144    -0.23728     0.00080
     0.00078     0.00019     1.00000
           0           1           3           3
     2.63408     0.00231    -2.79374
    -0.23731     0.97143     0.00000
    -0.97143    -0.23731     0.00080
     0.00078     0.00019     1.00000
           0           1           3           4
     2.62918     0.00319    -8.48575
    -0.23734     0.97143     0.00000
    -0.97143    -0.23734     0.00080
     0.00078     0.00019     1.00000
           0           1           4           1
     2.34593     1.17709     8.59609
    -0.64807     0.76158     0.00000
    -0.76158    -0.64807     0.00056
     0.00043     0.00036     1.00000
           0           1           4           2
     2.34101     1.17797     2.90410
    -0.64808     0.76157     0.00000
    -0.76157    -0.64808     0.00056
     0.00043     0.00036     1.00000
           0           1           4           3
     2.33608     1.17883    -2.78791
    -0.64810     0.76156     0.00000
    -0.76156    -0.64810     0.00056
     0.00043     0.00036     1.00000
           0           1           4           4
     2.33115     1.17969    -8.47989
    -0.64811     0.76155     0.00000
    -0.76155    -0.64811     0.00056
     0.00043     0.00036     1.00000
           0           1           5           1
     1.55291     2.10047     8.59025
    -0.92153     0.38832     0.00000
    -0.38832    -0.92153     0.00020
     0.00008     0.00018     1.00000
           0           1           5           2
     1.54796     2.10131     2.89826
    -0.92153     0.38831     0.00000
    -0.38831    -0.92153     0.00020
     0.00008     0.00018     1.00000
           0           1           5           3
     1.54303     2.10214    -2.79374
    -0.92153     0.38830     0.00000
    -0.38830    -0.92153     0.00020
     0.00008     0.00018     1.00000
           0           1           5           4
     1.53809     2.10298    -8.48575
    -0.92154     0.38829     0.00000
    -0.38829    -0.92154     0.00020
     0.00008     0.00018     1.00000
           0           1           6           1
    -1.55595     2.07419    -8.59242
     0.92077     0.39009    -0.00000
     0.39009    -0.92077    -0.00114
    -0.00044     0.00105    -1.00000
           0           1           6           2
    -1.55051     2.06946    -2.90042
     0.92079     0.39007    -0.00000
     0.39007    -0.92079    -0.00114
    -0.00044     0.00105    -1.00000
           0           1           6           3
    -1.54509     2.06472     2.79157
     0.92080     0.39004    -0.00000
     0.39004    -0.92080    -0.00114
    -0.00044     0.00105    -1.00000
           0           1           6           4
    -1.53967     2.05999     8.48357
     0.92081     0.39001    -0.00000
     0.39001    -0.92081    -0.00114
    -0.00044     0.00105    -1.00000
           0           1           7           1
    -2.32922     1.15615    -8.59805
     0.64792     0.76171    -0.00000
     0.76171    -0.64792    -0.00126
    -0.00096     0.00082    -1.00000
           0           1           7           2
    -2.32380     1.15147    -2.90606
     0.64794     0.76169    -0.00000
     0.76169    -0.64794    -0.00126
    -0.00096     0.00082    -1.00000
           0           1           7           3
    -2.31838     1.14679     2.78594
     0.64797     0.76166    -0.00000
     0.76166    -0.64797    -0.00126
    -0.00096     0.00082    -1.00000
           0           1           7           4
    -2.31297     1.14211     8.47793
     0.64799     0.76165    -0.00000
     0.76164    -0.64799    -0.00126
    -0.00096     0.00082    -1.00000
           0           1           8           1
    -2.62092    -0.00761    -8.60551
     0.23653     0.97162    -0.00000
     0.97162    -0.23653    -0.00111
    -0.00108     0.00026    -1.00000
           0           1           8           2
    -2.61556    -0.01226    -2.91352
     0.23656     0.97162    -0.00000
     0.97162    -0.23656    -0.00111
    -0.00108     0.00026    -1.00000
           0           1           8           3
    -2.61018    -0.01691     2.77848
     0.23659     0.97161    -0.00000
     0.97161    -0.23659    -0.00111
    -0.00108     0.00026    -1.00000
           0           1           8           4
    -2.60483    -0.02156     8.47047
     0.23661     0.97161    -0.00000
     0.97160    -0.23661    -0.00111
    -0.00108     0.00026    -1.00000
           0           1           9           1
    -2.35874    -1.18522    -8.60115
    -0.22740     0.97380    -0.00000
     0.97380     0.22740    -0.00073
    -0.00071    -0.00017    -1.00000
           0           1           9           2
    -2.35341    -1.18989    -2.90915
    -0.22739     0.97380    -0.00000
     0.97380     0.22739    -0.00073
    -0.00071    -0.00017    -1.00000
           0           1           9           3
    -2.34809    -1.19457     2.78284
    -0.22738     0.97381    -0.00000
     0.97380     0.22738    -0.00073
    -0.00071    -0.00017    -1.00000
           0           1           9           4
    -2.34274    -1.19924     8.47484
    -0.22737     0.97381    -0.00000
     0.97381     0.22737    -0.00073
    -0.00071    -0.00017    -1.00000
           0           1          10           1
    -1.60078    -2.11376    -8.60574
    -0.63947     0.76882    -0.00000
     0.76882     0.63947    -0.00019
    -0.00015    -0.00012    -1.00000
           0           1          10           2
    -1.59546    -2.11849    -2.91375
    -0.63947     0.76882    -0.00000
     0.76882     0.63947    -0.00019
    -0.00015    -0.00012    -1.00000
           0           1          10           3
    -1.59014    -2.12324     2.77825
    -0.63948     0.76881    -0.00000
     0.76881     0.63948    -0.00019
    -0.00015    -0.00012    -1.00000
           0           1          10           4
    -1.58482    -2.12798     8.47024
    -0.63948     0.76881    -0.00000
     0.76881     0.63948    -0.00019
    -0.00015    -0.00012    -1.00000
           0           2           1           1
     2.52857    -4.56590     8.59608
     0.74557     0.66642     0.00000
    -0.66642     0.74557     0.00069
     0.00046    -0.00051     1.00000
           0           2           1           2
     2.52367    -4.56501     2.90408
     0.74557     0.66643     0.00000
    -0.66643     0.74557     0.00069
     0.00046    -0.00051     1.00000
           0           2           1           3
     2.51877    -4.56414    -2.78792
     0.74557     0.66643     0.00000
    -0.66643     0.74557     0.00069
     0.00046    -0.00051     1.00000
           0           2           1           4
     2.51389    -4.56328    -8.47993
     0.74556     0.66643     0.00000
    -0.66643     0.74556     0.00069
     0.00046    -0.00051     1.00000
           0           2           2           1
     3.52874    -3.85031     8.60447
     0.56811     0.82295     0.00000
    -0.82295     0.56811     0.00080
     0.00066    -0.00045     1.00000
           0           2           2           2
     3.52384    -3.84943     2.91248
     0.56811     0.82295     0.00000
    -0.82295     0.56811     0.00080
     0.00066    -0.00045     1.00000
           0           2           2           3
     3.51895    -3.84855    -2.77952
     0.56812     0.82295     0.00000
    -0.82295     0.56812     0.00080
     0.00066    -0.00045     1.00000
           0           2           2           4
     3.51405    -3.84769    -8.47152
     0.56812     0.82295     0.00000
    -0.82294     0.56812     0.00080
     0.00066    -0.00045     1.00000
           0           2           3           1
     4.34142    -2.91737     8.59855
     0.35766     0.93385     0.00000
    -0.93385     0.35766     0.00086
     0.00080    -0.00031     1.00000
           0           2           3           2
     4.33652    -2.91648     2.90655
     0.35766     0.93385     0.00000
    -0.93385     0.35766     0.00086
     0.00080    -0.00031     1.00000
           0           2           3           3
     4.33161    -2.91562    -2.78545
     0.35765     0.93386     0.00000
    -0.93386     0.35765     0.00086
     0.00080    -0.00031     1.00000
           0           2           3           4
     4.32672    -2.91474    -8.47745
     0.35765     0.93386     0.00000
    -0.93386     0.35765     0.00086
     0.00080    -0.00031     1.00000
           0           2           4           1
     4.89713    -1.81929     8.60208
     0.12821     0.99175     0.00000
    -0.99175     0.12821     0.00087
     0.00086    -0.00011     1.00000
           0           2           4           2
     4.89223    -1.81841     2.91008
     0.12821     0.99175     0.00000
    -0.99175     0.12821     0.00087
     0.00086    -0.00011     1.00000
           0           2           4           3
     4.88733    -1.81753    -2.78191
     0.12820     0.99175     0.00000
    -0.99175     0.12820     0.00087
     0.00086    -0.00011     1.00000
           0           2           4           4
     4.88244    -1.81665    -8.47391
     0.12821     0.99175     0.00000
    -0.99175     0.12821     0.00087
     0.00086    -0.00011     1.00000
           0           2           5           1
     5.19581    -0.61684     8.60168
    -0.10994     0.99394     0.00000
    -0.99394    -0.10994     0.00084
     0.00083     0.00009     1.00000
           0           2           5           2
     5.19091    -0.61595     2.90968
    -0.10994     0.99394     0.00000
    -0.99394    -0.10994     0.00084
     0.00083     0.00009     1.00000
           0           2           5           3
     5.18601    -0.61507    -2.78232
    -0.10994     0.99394     0.00000
    -0.99394    -0.10994     0.00084
     0.00083     0.00009     1.00000
           0           2           5           4
     5.18112    -0.61419    -8.47432
    -0.10994     0.99394     0.00000
    -0.99394    -0.10994     0.00084
     0.00083     0.00009     1.00000
           0           2           6           1
     5.18704     0.61395     8.60507
    -0.34028     0.94032     0.00000
    -0.94032    -0.34028     0.00076
     0.00071     0.00026     1.00000
           0           2           6           2
     5.18213     0.61484     2.91307
    -0.34028     0.94032     0.00000
    -0.94032    -0.34028     0.00076
     0.00071     0.00026     1.00000
           0           2           6           3
     5.17724     0.61572    -2.77893
    -0.34029     0.94032     0.00000
    -0.94032    -0.34029     0.00076
     0.00071     0.00026     1.00000
           0           2           6           4
     5.17235     0.61661    -8.47093
    -0.34029     0.94032     0.00000
    -0.94032    -0.34029     0.00076
     0.00071     0.00026     1.00000
           0           2           7           1
     4.89196     1.81425     8.60147
    -0.55259     0.83346     0.00000
    -0.83346    -0.55259     0.00063
     0.00053     0.00035     1.00000
           0           2           7           2
     4.88705     1.81514     2.90948
    -0.55259     0.83345     0.00000
    -0.83345    -0.55259     0.00063
     0.00053     0.00035     1.00000
           0           2           7           3
     4.88215     1.81602    -2.78252
    -0.55259     0.83345     0.00000
    -0.83345    -0.55259     0.00063
     0.00053     0.00035     1.00000
           0           2           7           4
     4.87726     1.81690    -8.47452
    -0.55259     0.83345     0.00000
    -0.83345    -0.55259     0.00063
     0.00053     0.00035     1.00000
           0           2           8           1
     4.31896     2.90115     8.60261
    -0.73288     0.68036     0.00000
    -0.68036    -0.73288     0.00047
     0.00032     0.00034     1.00000
           0           2           8           2
     4.31406     2.90204     2.91061
    -0.73288     0.68036     0.00000
    -0.68036    -0.73288     0.00047
     0.00032     0.00034     1.00000
           0           2           8           3
     4.30915     2.90291    -2.78139
    -0.73288     0.68036     0.00000
    -0.68036    -0.73288     0.00047
     0.00032     0.00034     1.00000
           0           2           8           4
     4.30426     2.90379    -8.47338
    -0.73288     0.68036     0.00000
    -0.68036    -0.73288     0.00047
     0.00032     0.00034     1.00000
           0           2           9           1
     3.51557     3.84344     8.59815
    -0.87306     0.48762     0.00000
    -0.48762    -0.87306     0.00029
     0.00014     0.00025     1.00000
           0           2           9           2
     3.51065     3.84432     2.90615
    -0.87306     0.48762     0.00000
    -0.48762    -0.87306     0.00029
     0.00014     0.00025     1.00000
           0           2           9           3
     3.50574     3.84521    -2.78585
    -0.87306     0.48762     0.00000
    -0.48762    -0.87306     0.00029
     0.00014     0.00025     1.00000
           0           2           9           4
     3.50084     3.84609    -8.47785
    -0.87306     0.48762     0.00000
    -0.48762    -0.87306     0.00029
     0.00014     0.00025     1.00000
           0           2          10           1
     2.50242     4.53730     8.60866
    -0.96315     0.26897     0.00000
    -0.26897    -0.96315     0.00008
     0.00002     0.00008     1.00000
           0           2          10           2
     2.49753     4.53817     2.91666
    -0.96315     0.26896     0.00000
    -0.26896    -0.96315     0.00008
     0.00002     0.00008     1.00000
           0           2          10           3
     2.49263     4.53904    -2.77533
    -0.96315     0.26896     0.00000
    -0.26896    -0.96315     0.00008
     0.00002     0.00008     1.00000
           0           2          10           4
     2.48775     4.53991    -8.46733
    -0.96315     0.26896     0.00000
    -0.26896    -0.96315     0.00008
     0.00002     0.00008     1.00000
           0           2          11           1
    -2.51064     4.53503    -8.59370
     0.96352     0.26765    -0.00000
     0.26765    -0.96352    -0.00105
    -0.00028     0.00101    -1.00000
           0           2          11           2
    -2.50522     4.53030    -2.90170
     0.96352     0.26765    -0.00000
     0.26765    -0.96352    -0.00105
    -0.00028     0.00101    -1.00000
           0           2          11           3
    -2.49979     4.52559     2.79029
     0.96352     0.26764    -0.00000
     0.26764    -0.96352    -0.00105
    -0.00028     0.00101    -1.00000
           0           2          11           4
    -2.49437     4.52087     8.48229
     0.96352     0.26764    -0.00000
     0.26764    -0.96352    -0.00105
    -0.00028     0.00101    -1.00000
           0           2          12           1
    -3.51933     3.82535    -8.59683
     0.87317     0.48741    -0.00000
     0.48741    -0.87317    -0.00119
    -0.00058     0.00104    -1.00000
           0           2          12           2
    -3.51391     3.82064    -2.90484
     0.87317     0.48741    -0.00000
     0.48741    -0.87317    -0.00119
    -0.00058     0.00104    -1.00000
           0           2          12           3
    -3.50848     3.81593     2.78716
     0.87317     0.48741    -0.00000
     0.48741    -0.87317    -0.00119
    -0.00058     0.00104    -1.00000
           0           2          12           4
    -3.50306     3.81122     8.47914
     0.87317     0.48741    -0.00000
     0.48741    -0.87317    -0.00119
    -0.00058     0.00104    -1.00000
           0           2          13           1
    -4.31520     2.88858    -8.60056
     0.73390     0.67926    -0.00000
     0.67926    -0.73390    -0.00125
    -0.00085     0.00092    -1.00000
           0           2          13           2
    -4.30978     2.88387    -2.90854
     0.73390     0.67926    -0.00000
     0.67926    -0.73390    -0.00125
    -0.00085     0.00092    -1.00000
           0           2          13           3
    -4.30436     2.87916     2.78346
     0.73390     0.67926    -0.00000
     0.67926    -0.73390    -0.00125
    -0.00085     0.00092    -1.00000
           0           2          13           4
    -4.29894     2.87445     8.47544
     0.73391     0.67925    -0.00000
     0.67924    -0.73391    -0.00125
    -0.00085     0.00092    -1.00000
           0           2          14           1
    -4.88080     1.80396    -8.59736
     0.55410     0.83245    -0.00000
     0.83245    -0.55410    -0.00125
    -0.00104     0.00069    -1.00000
           0           2          14           2
    -4.87538     1.79926    -2.90537
     0.55410     0.83245    -0.00000
     0.83245    -0.55410    -0.00125
    -0.00104     0.00069    -1.00000
           0           2          14           3
    -4.86996     1.79456     2.78663
     0.55411     0.83244    -0.00000
     0.83244    -0.55411    -0.00125
    -0.00104     0.00069    -1.00000
           0           2          14           4
    -4.86455     1.78986     8.47861
     0.55411     0.83244    -0.00000
     0.83244    -0.55411    -0.00125
    -0.00104     0.00069    -1.00000
           0           2          15           1
    -5.18144     0.60736    -8.59938
     0.34164     0.93983    -0.00000
     0.93983    -0.34164    -0.00118
    -0.00111     0.00040    -1.00000
           0           2          15           2
    -5.17602     0.60266    -2.90738
     0.34164     0.93983    -0.00000
     0.93983    -0.34164    -0.00118
    -0.00111     0.00040    -1.00000
           0           2          15           3
    -5.17061     0.59796     2.78461
     0.34164     0.93983    -0.00000
     0.93983    -0.34164    -0.00118
    -0.00111     0.00040    -1.00000
           0           2          15           4
    -5.16520     0.59325     8.47661
     0.34166     0.93983    -0.00000
     0.93982    -0.34165    -0.00118
    -0.00111     0.00040    -1.00000
           0           2          16           1
    -5.17231    -0.62614    -8.59576
     0.10971     0.99396    -0.00000
     0.99396    -0.10971    -0.00104
    -0.00103     0.00011    -1.00000
           0           2          16           2
    -5.16690    -0.63083    -2.90375
     0.10971     0.99396    -0.00000
     0.99396    -0.10971    -0.00104
    -0.00103     0.00011    -1.00000
           0           2          16           3
    -5.16149    -0.63552     2.78824
     0.10972     0.99396    -0.00000
     0.99396    -0.10972    -0.00104
    -0.00103     0.00011    -1.00000
           0           2          16           4
    -5.15608    -0.64021     8.48023
     0.10972     0.99396    -0.00000
     0.99396    -0.10972    -0.00104
    -0.00103     0.00011    -1.00000
           0           2          17           1
    -4.88893    -1.82311    -8.60078
    -0.12797     0.99178    -0.00000
     0.99178     0.12797    -0.00084
    -0.00083    -0.00011    -1.00000
           0           2          17           2
    -4.88352    -1.82781    -2.90879
    -0.12796     0.99178    -0.00000
     0.99178     0.12796    -0.00084
    -0.00083    -0.00011    -1.00000
           0           2          17           3
    -4.87812    -1.83250     2.78321
    -0.12797     0.99178    -0.00000
     0.99178     0.12797    -0.00084
    -0.00083    -0.00011    -1.00000
           0           2          17           4
    -4.87271    -1.83720     8.47520
    -0.12797     0.99178    -0.00000
     0.99178     0.12797    -0.00084
    -0.00083    -0.00011    -1.00000
           0           2          18           1
    -4.33189    -2.91776    -8.60335
    -0.35793     0.93375    -0.00000
     0.93375     0.35793    -0.00059
    -0.00055    -0.00021    -1.00000
           0           2          18           2
    -4.32649    -2.92247    -2.91136
    -0.35793     0.93375    -0.00000
     0.93375     0.35793    -0.00059
    -0.00055    -0.00021    -1.00000
           0           2          18           3
    -4.32108    -2.92717     2.78064
    -0.35793     0.93375    -0.00000
     0.93375     0.35793    -0.00059
    -0.00055    -0.00021    -1.00000
           0           2          18           4
    -4.31568    -2.93188     8.47264
    -0.35793     0.93375    -0.00000
     0.93375     0.35793    -0.00059
    -0.00055    -0.00021    -1.00000
           0           2          19           1
    -3.52817    -3.84617    -8.60251
    -0.56769     0.82324    -0.00000
     0.82324     0.56769    -0.00031
    -0.00026    -0.00018    -1.00000
           0           2          19           2
    -3.52278    -3.85088    -2.91051
    -0.56769     0.82324    -0.00000
     0.82324     0.56769    -0.00031
    -0.00026    -0.00018    -1.00000
           0           2          19           3
    -3.51738    -3.85559     2.78148
    -0.56769     0.82324    -0.00000
     0.82324     0.56769    -0.00031
    -0.00026    -0.00018    -1.00000
           0           2          19           4
    -3.51199    -3.86029     8.47348
    -0.56769     0.82324    -0.00000
     0.82324     0.56769    -0.00031
    -0.00026    -0.00018    -1.00000
           0           2          20           1
    -2.53651    -4.56966    -8.60590
    -0.74536     0.66666    -0.00000
     0.66666     0.74536    -0.00002
    -0.00001    -0.00001    -1.00000
           0           2          20           2
    -2.53110    -4.57439    -2.91391
    -0.74536     0.66666    -0.00000
     0.66666     0.74536    -0.00002
    -0.00001    -0.00001    -1.00000
           0           2          20           3
    -2.52570    -4.57912     2.77809
    -0.74537     0.66665    -0.00000
     0.66665     0.74537    -0.00002
    -0.00001    -0.00001    -1.00000
           0           2          20           4
    -2.52029    -4.58383     8.47008
    -0.74537     0.66665    -0.00000
     0.66665     0.74537    -0.00002
    -0.00001    -0.00001    -1.00000
           0           3           1           1
     5.65084   -10.34102    12.79928
    -0.87820    -0.47830     0.00000
    -0.47829     0.87820     0.00055
    -0.00026     0.00048    -1.00000
           0           3           1           2
     5.64534   -10.34003     6.42388
    -0.87820    -0.47829     0.00000
    -0.47829     0.87820     0.00055
    -0.00026     0.00048    -1.00000
           0           3           1           3
     5.63986   -10.33905     0.04848
    -0.87820    -0.47829     0.00000
    -0.47829     0.87820     0.00055
    -0.00026     0.00048    -1.00000
           0           3           1           4
     5.63437   -10.33806    -6.32691
    -0.87820    -0.47829     0.00000
    -0.47829     0.87820     0.00055
    -0.00026     0.00048    -1.00000
           0           3           1           5
     5.62888   -10.33707   -12.70231
    -0.87820    -0.47829     0.00000
    -0.47829     0.87820     0.00055
    -0.00026     0.00048    -1.00000
           0           3           2           1
     7.57429    -7.14660    12.79313
    -0.68736    -0.72631     0.00000
    -0.72631     0.68736     0.00073
    -0.00053     0.00050    -1.00000
           0           3           2           2
     7.56879    -7.14561     6.41774
    -0.68736    -0.72631     0.00000
    -0.72631     0.68736     0.00073
    -0.00053     0.00050    -1.00000
           0           3           2           3
     7.56330    -7.14463     0.04234
    -0.68736    -0.72631     0.00000
    -0.72631     0.68736     0.00073
    -0.00053     0.00050    -1.00000
           0           3           2           4
     7.55781    -7.14364    -6.33306
    -0.68736    -0.72631     0.00000
    -0.72631     0.68736     0.00073
    -0.00053     0.00050    -1.00000
           0           3           2           5
     7.55232    -7.14264   -12.70846
    -0.68736    -0.72631     0.00000
    -0.72631     0.68736     0.00073
    -0.00053     0.00050    -1.00000
           0           3           3           1
    11.55470    -5.66314    12.80701
    -0.44103    -0.89749     0.00000
    -0.89749     0.44103     0.00084
    -0.00075     0.00037    -1.00000
           0           3           3           2
    11.54921    -5.66215     6.43161
    -0.44103    -0.89749     0.00000
    -0.89749     0.44103     0.00084
    -0.00075     0.00037    -1.00000
           0           3           3           3
    11.54371    -5.66116     0.05621
    -0.44103    -0.89749     0.00000
    -0.89749     0.44103     0.00084
    -0.00075     0.00037    -1.00000
           0           3           3           4
    11.53823    -5.66017    -6.31918
    -0.44103    -0.89749     0.00000
    -0.89749     0.44103     0.00084
    -0.00075     0.00037    -1.00000
           0           3           3           5
    11.53274    -5.65918   -12.69458
    -0.44103    -0.89749     0.00000
    -0.89749     0.44103     0.00084
    -0.00075     0.00037    -1.00000
           0           3           4           1
    11.59783    -2.05952    12.80182
    -0.17569    -0.98445     0.00000
    -0.98445     0.17569     0.00087
    -0.00086     0.00015    -1.00000
           0           3           4           2
    11.59234    -2.05853     6.42642
    -0.17569    -0.98445     0.00000
    -0.98445     0.17569     0.00087
    -0.00086     0.00015    -1.00000
           0           3           4           3
    11.58686    -2.05754     0.05103
    -0.17569    -0.98445     0.00000
    -0.98445     0.17569     0.00087
    -0.00086     0.00015    -1.00000
           0           3           4           4
    11.58136    -2.05655    -6.32437
    -0.17569    -0.98445     0.00000
    -0.98445     0.17569     0.00087
    -0.00086     0.00015    -1.00000
           0           3           4           5
    11.57589    -2.05556   -12.69977
    -0.17569    -0.98445     0.00000
    -0.98445     0.17569     0.00087
    -0.00086     0.00015    -1.00000
           0           3           5           1
    10.28958     1.42516    12.79952
     0.13667    -0.99062     0.00000
    -0.99062    -0.13667     0.00083
    -0.00082    -0.00011    -1.00000
           0           3           5           2
    10.28409     1.42614     6.42413
     0.13666    -0.99062     0.00000
    -0.99062    -0.13666     0.00083
    -0.00082    -0.00011    -1.00000
           0           3           5           3
    10.27861     1.42713     0.04873
     0.13666    -0.99062     0.00000
    -0.99062    -0.13666     0.00083
    -0.00082    -0.00011    -1.00000
           0           3           5           4
    10.27312     1.42812    -6.32667
     0.13666    -0.99062     0.00000
    -0.99062    -0.13666     0.00083
    -0.00082    -0.00011    -1.00000
           0           3           5           5
    10.26764     1.42911   -12.70206
     0.13666    -0.99062     0.00000
    -0.99062    -0.13666     0.00083
    -0.00082    -0.00011    -1.00000
           0           3           6           1
    11.66126     5.44028    12.80274
     0.42273    -0.90625     0.00000
    -0.90625    -0.42273     0.00071
    -0.00064    -0.00030    -1.00000
           0           3           6           2
    11.65577     5.44128     6.42734
     0.42273    -0.90625     0.00000
    -0.90625    -0.42273     0.00071
    -0.00064    -0.00030    -1.00000
           0           3           6           3
    11.65029     5.44227     0.05194
     0.42273    -0.90625     0.00000
    -0.90625    -0.42273     0.00071
    -0.00064    -0.00030    -1.00000
           0           3           6           4
    11.64480     5.44326    -6.32345
     0.42273    -0.90625     0.00000
    -0.90625    -0.42273     0.00071
    -0.00064    -0.00030    -1.00000
           0           3           6           5
    11.63933     5.44425   -12.69885
     0.42273    -0.90625     0.00000
    -0.90625    -0.42273     0.00071
    -0.00064    -0.00030    -1.00000
           0           3           7           1
     8.87697     7.73426    12.80629
     0.65717    -0.75374     0.00000
    -0.75374    -0.65717     0.00055
    -0.00041    -0.00036    -1.00000
           0           3           7           2
     8.87148     7.73525     6.43089
     0.65717    -0.75374     0.00000
    -0.75374    -0.65717     0.00055
    -0.00041    -0.00036    -1.00000
           0           3           7           3
     8.86600     7.73624     0.05550
     0.65717    -0.75374     0.00000
    -0.75374    -0.65717     0.00055
    -0.00041    -0.00036    -1.00000
           0           3           7           4
     8.86053     7.73723    -6.31990
     0.65717    -0.75374     0.00000
    -0.75374    -0.65717     0.00055
    -0.00041    -0.00036    -1.00000
           0           3           7           5
     8.85504     7.73822   -12.69530
     0.65717    -0.75374     0.00000
    -0.75374    -0.65717     0.00055
    -0.00041    -0.00036    -1.00000
           0           3           8           1
     5.32620     8.90487    12.81467
     0.85863    -0.51259     0.00000
    -0.51259    -0.85863     0.00031
    -0.00016    -0.00027    -1.00000
           0           3           8           2
     5.32073     8.90585     6.43927
     0.85863    -0.51259     0.00000
    -0.51259    -0.85863     0.00031
    -0.00016    -0.00027    -1.00000
           0           3           8           3
     5.31525     8.90682     0.06387
     0.85863    -0.51259     0.00000
    -0.51259    -0.85863     0.00031
    -0.00016    -0.00027    -1.00000
           0           3           8           4
     5.30977     8.90780    -6.31152
     0.85863    -0.51259     0.00000
    -0.51259    -0.85863     0.00031
    -0.00016    -0.00027    -1.00000
           0           3           8           5
     5.30430     8.90878   -12.68692
     0.85863    -0.51259     0.00000
    -0.51259    -0.85863     0.00031
    -0.00016    -0.00027    -1.00000
           0           3           9           1
    -5.34217     8.90572   -12.80901
    -0.85812    -0.51344    -0.00000
     0.51344    -0.85812    -0.00120
     0.00062    -0.00103     1.00000
           0           3           9           2
    -5.33612     8.90045    -6.43362
    -0.85812    -0.51344    -0.00000
     0.51344    -0.85812    -0.00120
     0.00062    -0.00103     1.00000
           0           3           9           3
    -5.33005     8.89516    -0.05822
    -0.85812    -0.51344    -0.00000
     0.51344    -0.85812    -0.00120
     0.00062    -0.00103     1.00000
           0           3           9           4
    -5.32398     8.88989     6.31717
    -0.85812    -0.51344    -0.00000
     0.51344    -0.85812    -0.00120
     0.00062    -0.00103     1.00000
           0           3           9           5
    -5.31792     8.88460    12.69257
    -0.85812    -0.51344    -0.00000
     0.51344    -0.85812    -0.00120
     0.00062    -0.00103     1.00000
           0           3          10           1
    -8.88727     7.73969   -12.79731
    -0.65686    -0.75402    -0.00000
     0.75401    -0.65686    -0.00126
     0.00095    -0.00083     1.00000
           0           3          10           2
    -8.88121     7.73442    -6.42192
    -0.65686    -0.75402    -0.00000
     0.75401    -0.65686    -0.00126
     0.00095    -0.00083     1.00000
           0           3          10           3
    -8.87513     7.72914    -0.04652
    -0.65686    -0.75402    -0.00000
     0.75401    -0.65686    -0.00126
     0.00095    -0.00083     1.00000
           0           3          10           4
    -8.86905     7.72387     6.32887
    -0.65686    -0.75402    -0.00000
     0.75401    -0.65686    -0.00126
     0.00095    -0.00083     1.00000
           0           3          10           5
    -8.86299     7.71859    12.70427
    -0.65686    -0.75402    -0.00000
     0.75401    -0.65686    -0.00126
     0.00095    -0.00083     1.00000
           0           3          11           1
   -11.69153     5.47416   -12.79804
    -0.42354    -0.90588    -0.00000
     0.90588    -0.42354    -0.00121
     0.00110    -0.00051     1.00000
           0           3          11           2
   -11.68547     5.46889    -6.42264
    -0.42354    -0.90588    -0.00000
     0.90588    -0.42354    -0.00121
     0.00110    -0.00051     1.00000
           0           3          11           3
   -11.67940     5.46361    -0.04725
    -0.42354    -0.90588    -0.00000
     0.90588    -0.42354    -0.00121
     0.00110    -0.00051     1.00000
           0           3          11           4
   -11.67333     5.45833     6.32815
    -0.42354    -0.90588    -0.00000
     0.90588    -0.42354    -0.00121
     0.00110    -0.00051     1.00000
           0           3          11           5
   -11.66726     5.45305    12.70354
    -0.42354    -0.90588    -0.00000
     0.90588    -0.42354    -0.00121
     0.00110    -0.00051     1.00000
           0           3          12           1
   -10.30408     1.43089   -12.80393
    -0.13603    -0.99071    -0.00000
     0.99070    -0.13603    -0.00106
     0.00105    -0.00014     1.00000
           0           3          12           2
   -10.29800     1.42563    -6.42853
    -0.13603    -0.99071    -0.00000
     0.99070    -0.13603    -0.00106
     0.00105    -0.00014     1.00000
           0           3          12           3
   -10.29192     1.42035    -0.05314
    -0.13603    -0.99071    -0.00000
     0.99070    -0.13603    -0.00106
     0.00105    -0.00014     1.00000
           0           3          12           4
   -10.28584     1.41509     6.32226
    -0.13603    -0.99071    -0.00000
     0.99070    -0.13603    -0.00106
     0.00105    -0.00014     1.00000
           0           3          12           5
   -10.27977     1.40981    12.69765
    -0.13603    -0.99071    -0.00000
     0.99070    -0.13603    -0.00106
     0.00105    -0.00014     1.00000
           0           3          13           1
   -11.57735    -2.06486   -12.80232
     0.17758    -0.98411    -0.00000
     0.98411     0.17758    -0.00079
     0.00078     0.00014     1.00000
           0           3          13           2
   -11.57127    -2.07012    -6.42693
     0.17758    -0.98411    -0.00000
     0.98411     0.17758    -0.00079
     0.00078     0.00014     1.00000
           0           3          13           3
   -11.56518    -2.07538    -0.05153
     0.17758    -0.98411    -0.00000
     0.98411     0.17758    -0.00079
     0.00078     0.00014     1.00000
           0           3          13           4
   -11.55910    -2.08064     6.32386
     0.17758    -0.98411    -0.00000
     0.98411     0.17758    -0.00079
     0.00078     0.00014     1.00000
           0           3          13           5
   -11.55302    -2.08589    12.69926
     0.17758    -0.98411    -0.00000
     0.98411     0.17758    -0.00079
     0.00078     0.00014     1.00000
           0           3          14           1
   -11.55147    -5.66393   -12.81203
     0.44226    -0.89689    -0.00000
     0.89689     0.44226    -0.00049
     0.00044     0.00022     1.00000
           0           3          14           2
   -11.54540    -5.66921    -6.43664
     0.44226    -0.89689    -0.00000
     0.89689     0.44226    -0.00049
     0.00044     0.00022     1.00000
           0           3          14           3
   -11.53932    -5.67448    -0.06124
     0.44226    -0.89689    -0.00000
     0.89689     0.44226    -0.00049
     0.00044     0.00022     1.00000
           0           3          14           4
   -11.53324    -5.67976     6.31415
     0.44226    -0.89689    -0.00000
     0.89689     0.44226    -0.00049
     0.00044     0.00022     1.00000
           0           3          14           5
   -11.52716    -5.68504    12.68955
     0.44226    -0.89689    -0.00000
     0.89689     0.44226    -0.00049
     0.00044     0.00022     1.00000
           0           3          15           1
    -7.53000    -7.10231   -12.80735
     0.68837    -0.72536    -0.00000
     0.72536     0.68837    -0.00012
     0.00009     0.00008     1.00000
           0           3          15           2
    -7.52394    -7.10756    -6.43195
     0.68837    -0.72536    -0.00000
     0.72536     0.68837    -0.00012
     0.00009     0.00008     1.00000
           0           3          15           3
    -7.51788    -7.11279    -0.05656
     0.68837    -0.72536    -0.00000
     0.72536     0.68837    -0.00012
     0.00009     0.00008     1.00000
           0           3          15           4
    -7.51182    -7.11804     6.31884
     0.68837    -0.72536    -0.00000
     0.72536     0.68837    -0.00012
     0.00009     0.00008     1.00000
           0           3          15           5
    -7.50574    -7.12327    12.69423
     0.68837    -0.72536    -0.00000
     0.72536     0.68837    -0.00012
     0.00009     0.00008     1.00000
           0           3          16           1
    -5.65841   -10.34090   -12.81436
     0.87855    -0.47766     0.00000
     0.47766     0.87855     0.00027
    -0.00013    -0.00024     1.00000
           0           3          16           2
    -5.65231   -10.34618    -6.43897
     0.87855    -0.47766     0.00000
     0.47766     0.87855     0.00027
    -0.00013    -0.00024     1.00000
           0           3          16           3
